observer, trial, targLoc, distLoc, targDiscrim, thoughtNoAttCap, tc, dc, RT, TrialTypeRT
5, 2, 4, 0, 0, -1, 1, 0, 0.545924, 8.288917
5, 3, 5, 0, 1, 1, -1, 0, 0.924009, 1.734780
5, 5, 4, 3, 1, -1, 1, 1, 0.745009, 1.233802
5, 7, 5, 0, 1, 1, 1, 0, 0.580178, 2.809044
5, 8, 2, 0, 1, 1, 1, 0, 0.495047, 0.856354
5, 10, 2, 0, 1, 1, -1, 0, 1.012864, 1.589312
5, 11, 5, 4, 1, 1, 1, -1, 1.221465, 0.833404
5, 12, 1, 4, 1, 1, 1, -1, 0.680203, 0.870986
5, 13, 2, 0, 1, 1, 1, 0, 0.582659, 0.743525
5, 14, 6, 5, 1, 1, -1, -1, 0.931497, 0.625799
5, 15, 3, 0, 1, 1, 1, 0, 0.771696, 0.825834
5, 16, 3, 0, 1, 1, -1, 0, 0.672716, 1.129943
5, 17, 6, 4, 1, 1, -1, 1, 1.060639, 0.633265
5, 19, 3, 1, 1, 1, 1, 1, 1.015593, 0.950137
5, 20, 2, 4, 1, 3, 1, 1, 0.670995, 0.000000
5, 21, 1, 0, 0, 1, 1, 0, 0.154660, 0.835964
5, 22, 5, 0, 1, 1, 1, 0, 0.608689, 0.665267
5, 23, 2, 0, 1, 1, 1, 0, 0.453062, 0.506304
5, 24, 2, 1, 1, 1, -1, -1, 0.494264, 0.430711
5, 26, 3, 0, 1, 1, 1, 0, 0.533977, 0.759144
5, 27, 3, 0, 1, 1, 1, 0, 0.506859, 0.565013
5, 28, 3, 1, 1, 1, -1, 1, 0.879742, 0.538212
5, 29, 5, 0, 1, 1, -1, 0, 0.660108, 0.418560
5, 30, 1, 0, 1, 1, 1, 0, 0.573080, 0.773136
5, 31, 6, 5, 1, 1, 1, 1, 0.756569, 0.600239
5, 32, 3, 0, 1, 1, 1, 0, 0.505123, 0.431667
5, 33, 3, 1, 1, 1, -1, 1, 1.161461, 0.551996
5, 34, 4, 4, 1, 1, -1, 1, 0.786189, 0.472956
5, 35, 1, 0, 1, 1, 1, 0, 0.519389, 0.466517
5, 36, 5, 5, 1, 1, -1, 1, 0.790389, 0.513957
5, 37, 5, 6, 1, 1, 1, -1, 0.769027, 0.529663
5, 38, 1, 0, 1, 1, -1, 0, 0.613444, 0.440031
5, 39, 6, 0, 1, 1, -1, 0, 0.767109, 0.518757
5, 40, 3, 0, 1, 1, 1, 0, 0.737932, 0.477455
5, 41, 5, 2, 1, 1, 1, -1, 1.085192, 0.636985
5, 42, 1, 0, 1, 1, 1, 0, 0.640160, 0.590350
5, 43, 4, 0, 1, 1, -1, 0, 0.551883, 0.530645
5, 44, 5, 0, 1, 1, 1, 0, 0.729671, 0.661628
5, 45, 3, 5, 1, 1, -1, -1, 0.697045, 0.701068
5, 46, 1, 5, 1, 1, 1, 1, 0.725446, 0.628088
5, 47, 1, 0, 1, 1, 1, 0, 0.696537, 0.501646
5, 48, 6, 3, 1, 1, -1, -1, 0.759136, 0.470130
5, 49, 5, 0, 1, 1, -1, 0, 0.659333, 0.505761
5, 50, 4, 0, 1, 1, -1, 0, 0.661347, 0.668279
5, 51, 5, 0, 1, 1, -1, 0, 0.715395, 0.744349
5, 52, 6, 0, 1, 1, -1, 0, 0.619439, 0.869226
5, 53, 3, 0, 1, 1, -1, 0, 0.640748, 0.765563
5, 54, 5, 0, 1, 1, 1, 0, 0.653553, 0.755573
5, 55, 4, 0, 1, 1, 1, 0, 0.667400, 0.648960
5, 56, 3, 0, 1, 1, 1, 0, 0.658107, 0.937932
5, 57, 6, 0, 1, 1, 1, 0, 0.581400, 0.972392
5, 58, 1, 0, 1, 1, -1, 0, 0.714036, 0.659931
5, 59, 5, 0, 1, 1, 1, 0, 0.632369, 0.666198
5, 60, 3, 6, 1, 1, -1, -1, 0.854352, 1.094094
5, 61, 2, 0, 1, 1, -1, 0, 0.772491, 0.598722
5, 62, 3, 1, 1, 3, 1, 1, 0.765601, 0.703695
5, 63, 1, 2, 1, 1, 1, -1, 1.051921, 0.670843
5, 64, 2, 2, 1, 1, -1, 1, 1.230538, 0.631201
5, 66, 1, 4, 1, 1, -1, 1, 0.966977, 1.129518
5, 67, 5, 0, 1, 1, -1, 0, 0.947000, 0.510299
5, 68, 1, 0, 1, 1, -1, 0, 0.601798, 0.717173
5, 69, 5, 0, 1, 1, 1, 0, 0.894253, 0.771929
5, 70, 2, 3, 1, 1, -1, 1, 0.891140, 0.632050
5, 71, 3, 2, 1, 1, -1, -1, 0.732461, 0.746595
5, 72, 4, 0, 1, 1, 1, 0, 0.765744, 0.856460
5, 73, 1, 3, 1, 1, 1, 1, 0.980866, 0.590294
5, 74, 6, 0, 1, 1, -1, 0, 0.886770, 0.796893
5, 75, 4, 0, 1, 1, 1, 0, 0.631402, 1.310990
5, 76, 4, 0, 1, 1, 1, 0, 0.817136, 0.651967
5, 77, 4, 0, 1, 1, 1, 0, 0.626847, 0.516830
5, 78, 6, 0, 1, 1, -1, 0, 0.871448, 0.604888
5, 79, 1, 4, 1, 1, -1, -1, 0.824628, 0.609345
5, 80, 3, 0, 1, 1, 1, 0, 0.634193, 0.585001
5, 81, 2, 0, 1, 1, -1, 0, 0.619403, 0.510274
5, 82, 3, 3, 1, 1, -1, -1, 0.821794, 1.400458
5, 84, 2, 6, 1, 1, 1, -1, 1.314868, 0.752080
5, 85, 2, 0, 1, 1, 1, 0, 0.771713, 0.855525
5, 86, 6, 0, 1, 1, 1, 0, 0.948851, 0.803641
5, 87, 2, 0, 1, 1, -1, 0, 0.945607, 0.766591
5, 88, 1, 1, 1, 1, 1, -1, 1.250502, 0.591951
5, 89, 3, 0, 1, 1, 1, 0, 0.615382, 0.642634
5, 90, 5, 5, 1, 1, 1, -1, 0.847203, 0.619643
5, 91, 6, 6, 1, 1, -1, 1, 0.980187, 0.908452
5, 92, 6, 6, 1, 1, 1, -1, 0.888492, 0.558036
5, 93, 6, 1, 1, 1, -1, 1, 1.108844, 0.663058
5, 94, 1, 4, 1, 1, -1, 1, 0.744441, 0.673074
5, 95, 5, 1, 1, 1, -1, -1, 1.024152, 0.473142
5, 96, 6, 0, 1, 1, -1, 0, 0.539637, 0.473659
5, 97, 4, 6, 1, 1, -1, 1, 0.836961, 0.481203
5, 98, 1, 0, 1, 1, -1, 0, 0.605526, 1.005387
5, 99, 1, 4, 1, 1, 1, 1, 0.618962, 0.533663
5, 100, 3, 0, 1, 1, 1, 0, 0.563497, 0.895709
5, 101, 6, 6, 1, 1, 1, 1, 0.685692, 0.488148
5, 102, 3, 1, 1, 1, 1, -1, 0.731698, 0.677224
5, 103, 6, 0, 1, 1, -1, 0, 0.572943, 0.695148
5, 104, 3, 2, 1, 1, -1, 1, 0.791692, 0.599863
5, 105, 4, 5, 1, 1, -1, -1, 0.606797, 0.616964
5, 106, 1, 6, 1, 1, -1, -1, 0.757251, 0.878343
5, 107, 6, 2, 1, 1, -1, 1, 0.995217, 0.514196
5, 108, 5, 2, 0, 1, 1, 1, 0.784808, 1.364180
5, 109, 1, 6, 1, 1, -1, -1, 0.745440, 0.714704
5, 110, 3, 0, 1, 1, -1, 0, 0.932769, 1.047660
5, 111, 5, 6, 1, 1, -1, 1, 1.067777, 0.651965
5, 112, 3, 3, 1, 1, -1, -1, 0.891622, 0.503663
5, 113, 3, 2, 1, 1, 1, 1, 0.742973, 0.675675
5, 114, 6, 1, 1, 1, -1, -1, 0.767452, 1.717078
5, 115, 1, 0, 1, 1, 1, 0, 0.633154, 0.585445
5, 116, 4, 0, 1, 1, -1, 0, 0.565953, 0.546342
5, 117, 3, 0, 1, 1, 1, 0, 0.637117, 0.679853
5, 118, 2, 0, 1, 1, -1, 0, 0.557152, 1.450444
5, 119, 6, 0, 1, 3, 1, 0, 0.587276, 0.000000
5, 121, 2, 0, 1, 1, 1, 0, 0.487257, 0.823740
5, 122, 1, 4, 1, 1, -1, -1, 0.969277, 0.645855
5, 123, 6, 0, 1, 1, -1, 0, 0.719792, 0.660779
5, 124, 2, 3, 1, 1, -1, -1, 0.863454, 0.575383
5, 126, 6, 0, 1, 1, -1, 0, 0.672449, 0.479925
5, 127, 3, 0, 1, 1, 1, 0, 0.692540, 0.508762
5, 128, 3, 6, 1, 1, -1, -1, 0.592392, 0.896260
5, 129, 5, 0, 1, 1, 1, 0, 0.666476, 0.979038
5, 130, 5, 2, 1, 1, -1, 1, 1.020181, 1.568535
5, 131, 1, 0, 1, 1, 1, 0, 0.519366, 0.858633
5, 132, 6, 0, 1, 1, 1, 0, 0.686433, 0.636740
5, 133, 3, 0, 1, 1, -1, 0, 0.643503, 1.074541
5, 134, 5, 5, 1, 1, -1, 1, 0.814149, 0.492118
5, 135, 2, 3, 1, 1, 1, 1, 0.619171, 0.819157
5, 136, 3, 0, 1, 1, -1, 0, 0.673352, 0.619803
5, 137, 5, 1, 1, 1, -1, 1, 0.931678, 0.630658
5, 138, 4, 0, 1, 1, 1, 0, 0.654428, 0.850501
5, 139, 1, 6, 1, 1, 1, -1, 0.856862, 0.478498
5, 140, 6, 0, 1, 1, -1, 0, 0.652573, 0.626362
5, 141, 1, 0, 1, 1, -1, 0, 0.672973, 0.741019
5, 142, 3, 4, 1, 1, 1, -1, 0.784991, 0.601404
5, 144, 1, 0, 1, 1, 1, 0, 0.614162, 0.523856
5, 145, 5, 2, 1, 1, 1, 1, 0.752236, 0.750764
5, 147, 5, 0, 1, 1, -1, 0, 0.660295, 1.074925
5, 148, 2, 6, 1, 1, 1, 1, 0.866085, 0.534377
5, 149, 6, 0, 1, 1, 1, 0, 0.717131, 0.846189
5, 150, 6, 1, 1, 1, 1, 1, 0.641405, 0.927888
5, 151, 5, 0, 1, 1, -1, 0, 0.673371, 0.813114
5, 153, 6, 0, 1, 1, -1, 0, 0.659562, 0.543822
5, 154, 4, 0, 1, 1, -1, 0, 0.548060, 0.757405
5, 155, 3, 6, 1, 1, 1, -1, 1.156180, 0.735184
5, 156, 2, 4, 1, 1, 1, 1, 0.710570, 0.556279
5, 157, 2, 2, 1, 1, 1, -1, 0.920003, 0.557227
5, 158, 3, 0, 1, 1, -1, 0, 0.611569, 0.482591
5, 159, 6, 3, 1, 1, -1, 1, 1.202146, 0.527155
5, 161, 3, 3, 1, 1, 1, 1, 0.591466, 0.759942
5, 162, 6, 0, 1, 1, 1, 0, 0.559139, 1.037050
5, 163, 1, 0, 1, 1, 1, 0, 0.526295, 0.560125
5, 164, 1, 0, 1, 1, 1, 0, 0.527843, 0.600250
5, 165, 2, 5, 1, 1, 1, 1, 0.753334, 0.572660
5, 166, 3, 6, 1, 1, 1, 1, 0.616170, 0.550506
5, 168, 4, 5, 1, 1, -1, 1, 0.692906, 0.651635
5, 169, 1, 6, 1, 1, -1, 1, 0.929277, 0.713335
5, 170, 6, 3, 1, 1, 1, 1, 0.786017, 0.580091
5, 171, 6, 2, 1, 1, -1, 1, 0.605582, 0.524710
5, 172, 3, 2, 1, 1, 1, 1, 0.780716, 0.565153
5, 173, 2, 0, 1, 1, 1, 0, 0.521278, 0.578050
5, 174, 1, 3, 1, 1, 1, 1, 0.585240, 0.939658
5, 175, 1, 3, 1, 1, -1, 1, 0.806451, 0.605829
5, 177, 3, 0, 1, 1, -1, 0, 0.640781, 0.941000
5, 178, 4, 0, 1, 1, 1, 0, 0.788722, 0.627857
5, 179, 1, 0, 1, 1, 1, 0, 0.702968, 0.592097
5, 180, 5, 5, 1, 1, -1, -1, 0.865528, 0.599402
5, 181, 5, 0, 1, 1, 1, 0, 0.661065, 0.963052
5, 182, 4, 0, 1, 1, 1, 0, 0.600069, 0.625632
5, 183, 5, 6, 1, 1, -1, -1, 0.679338, 0.453217
5, 184, 3, 2, 1, 1, 1, -1, 0.755106, 0.704322
5, 185, 6, 5, 1, 1, 1, 1, 0.654846, 0.665855
5, 186, 5, 0, 1, 1, -1, 0, 0.604821, 0.586328
5, 187, 2, 0, 1, 1, 1, 0, 0.491763, 0.712834
5, 188, 3, 0, 1, 1, 1, 0, 0.574785, 0.610722
5, 189, 4, 0, 1, 1, -1, 0, 0.632510, 0.374727
5, 190, 6, 2, 1, 1, -1, -1, 0.912764, 0.527974
5, 191, 3, 5, 1, 1, -1, 1, 0.540104, 0.655865
5, 192, 1, 0, 1, 1, 1, 0, 0.546447, 0.532867
5, 193, 3, 0, 1, 1, -1, 0, 0.545036, 1.112632
5, 194, 1, 5, 1, 1, -1, 1, 0.923351, 0.715230
5, 195, 5, 0, 1, 3, -1, 0, 0.458943, 0.956103
5, 196, 1, 0, 1, 1, -1, 0, 0.526992, 1.112277
5, 197, 3, 0, 1, 3, -1, 0, 0.547154, 0.936339
5, 198, 1, 6, 1, 1, -1, 1, 0.783856, 0.803101
5, 199, 1, 6, 1, 1, 1, -1, 0.846766, 0.514406
5, 200, 5, 3, 1, 1, 1, -1, 0.957553, 0.667622
5, 201, 6, 0, 1, 1, 1, 0, 0.652840, 0.606500
5, 202, 2, 0, 1, 1, 1, 0, 0.592888, 0.673986
5, 203, 5, 6, 1, 1, -1, -1, 0.627187, 0.663372
5, 204, 1, 0, 1, 1, -1, 0, 0.587501, 0.393185
5, 205, 3, 0, 1, 1, -1, 0, 0.566696, 0.638125
5, 206, 5, 0, 1, 1, 1, 0, 0.579462, 0.961743
5, 207, 2, 2, 1, 1, 1, 1, 0.634604, 0.803822
5, 208, 4, 0, 1, 1, 1, 0, 0.648108, 1.271190
5, 209, 4, 0, 1, 1, 1, 0, 0.570852, 1.082118
5, 210, 3, 6, 1, 1, -1, 1, 0.824317, 0.633308
5, 212, 2, 0, 1, 1, -1, 0, 0.525725, 0.564899
5, 213, 5, 3, 1, 1, -1, 1, 0.739908, 0.644042
5, 214, 2, 0, 1, 1, 1, 0, 0.590828, 1.199339
5, 215, 1, 4, 1, 1, 1, 1, 0.637137, 0.640590
5, 216, 3, 3, 1, 1, 1, -1, 0.691911, 0.672880
5, 217, 1, 0, 1, 1, -1, 0, 0.652800, 0.632273
5, 218, 3, 0, 1, 1, -1, 0, 0.741142, 0.666164
5, 219, 6, 0, 1, 1, -1, 0, 0.577513, 0.448282
5, 220, 2, 4, 1, 1, -1, -1, 0.835194, 0.731291
5, 221, 6, 0, 1, 1, 1, 0, 0.593314, 0.612095
5, 222, 5, 0, 1, 1, 1, 0, 0.513151, 1.043980
5, 223, 6, 0, 1, 1, -1, 0, 0.612458, 1.430029
5, 224, 2, 0, 1, 1, -1, 0, 0.538386, 0.373783
5, 225, 3, 5, 1, 1, -1, -1, 0.626571, 0.565506
5, 226, 5, 0, 1, 1, -1, 0, 0.496684, 0.375067
5, 227, 2, 1, 1, 1, 1, 1, 0.639435, 0.675058
5, 228, 4, 0, 1, 1, -1, 0, 0.598967, 0.597189
5, 229, 6, 0, 1, 1, 1, 0, 0.632743, 0.618922
5, 230, 2, 5, 1, 1, -1, -1, 1.362294, 0.439796
5, 231, 3, 0, 1, 1, -1, 0, 0.533862, 0.384917
5, 232, 2, 0, 1, 1, -1, 0, 0.552144, 0.406605
5, 233, 4, 0, 1, 1, -1, 0, 0.537458, 0.672541
5, 234, 5, 6, 1, 1, 1, 1, 0.580396, 0.458777
5, 235, 4, 3, 1, 1, 1, -1, 0.952617, 0.581332
5, 237, 4, 6, 1, 1, 1, 1, 0.606553, 0.512085
5, 238, 3, 0, 1, 1, 1, 0, 0.473412, 0.618872
5, 239, 2, 0, 1, 1, -1, 0, 0.600483, 0.513634
5, 240, 4, 0, 1, 1, -1, 0, 0.614282, 0.536399
5, 241, 6, 1, 1, 1, 1, -1, 0.893415, 0.523705
5, 242, 3, 0, 1, 1, -1, 0, 0.586229, 0.484702
5, 243, 2, 0, 1, 1, 1, 0, 0.614648, 0.686333
5, 244, 2, 0, 1, 1, 1, 0, 0.533052, 0.898813
5, 245, 2, 0, 1, 1, -1, 0, 0.507415, 0.498712
5, 246, 3, 1, 1, 1, 1, -1, 0.814425, 0.623917
5, 248, 6, 0, 1, 1, -1, 0, 0.589156, 1.122332
5, 249, 1, 3, 1, 1, 1, -1, 0.639996, 0.584537
5, 250, 3, 0, 1, 1, 1, 0, 0.562221, 0.430980
5, 251, 5, 0, 1, 1, -1, 0, 0.513973, 0.372672
5, 252, 4, 0, 1, 1, -1, 0, 0.462600, 0.792128
5, 253, 2, 0, 1, 1, 1, 0, 0.460177, 0.326572
5, 254, 1, 6, 1, 1, 1, 1, 0.615967, 0.320169
5, 255, 1, 0, 1, 1, -1, 0, 0.505257, 0.307980
5, 256, 6, 4, 1, 1, -1, -1, 0.902098, 0.391734
5, 257, 3, 1, 0, 1, -1, -1, 0.940226, 1.006821
5, 258, 4, 0, 1, 1, 1, 0, 0.566231, 0.373882
5, 259, 2, 0, 1, 1, 1, 0, 0.499901, 0.444754
5, 260, 3, 4, 1, 1, -1, 1, 0.679968, 0.503055
5, 261, 6, 6, 1, 1, -1, -1, 0.719864, 0.546971
5, 262, 6, 0, 1, 1, -1, 0, 0.474134, 0.550800
5, 263, 2, 6, 1, 1, -1, 1, 0.914425, 0.545249
5, 264, 1, 0, 1, 1, 1, 0, 0.492650, 0.412770
5, 265, 2, 0, 1, 1, 1, 0, 0.466769, 0.646643
5, 266, 1, 2, 1, 1, -1, 1, 0.845447, 0.433827
5, 268, 3, 3, 1, 1, -1, 1, 0.740552, 0.623862
5, 269, 2, 0, 1, 1, 1, 0, 0.527739, 0.372243
5, 270, 4, 6, 1, 1, 1, 1, 0.779091, 0.429290
5, 271, 1, 0, 1, 1, -1, 0, 0.540421, 0.456675
5, 272, 4, 4, 1, 1, 1, 1, 0.806703, 0.405496
5, 273, 3, 5, 1, 1, 1, 1, 0.767709, 0.437492
5, 274, 6, 0, 1, 1, 1, 0, 0.481051, 0.419373
5, 276, 5, 4, 1, 1, -1, -1, 0.559214, 0.572755
5, 277, 1, 4, 1, 1, 1, -1, 0.645868, 0.346347
5, 278, 6, 0, 1, 1, -1, 0, 0.534253, 0.346555
5, 279, 3, 4, 1, 1, 1, -1, 0.747470, 0.518069
5, 280, 2, 3, 1, 1, -1, 1, 0.678408, 0.430525
5, 282, 5, 0, 1, 1, 1, 0, 0.581119, 0.526264
5, 283, 5, 4, 1, 1, -1, -1, 0.624110, 0.476199
5, 284, 1, 0, 1, 1, -1, 0, 0.566198, 0.479471
5, 285, 6, 0, 1, 1, -1, 0, 0.546908, 0.471422
5, 286, 1, 0, 1, 1, 1, 0, 0.494114, 0.419379
5, 287, 4, 4, 1, 1, -1, -1, 0.603077, 0.407002
5, 289, 1, 0, 1, 1, -1, 0, 0.473196, 0.405320
5, 290, 3, 6, 1, 1, 1, -1, 0.818254, 0.798821
5, 291, 2, 5, 1, 1, 1, -1, 0.814211, 0.361844
5, 292, 2, 6, 1, 1, -1, -1, 0.711704, 0.456442
5, 293, 6, 3, 1, 1, 1, -1, 0.866079, 0.481003
5, 294, 4, 1, 1, 1, -1, 1, 0.738358, 0.645471
5, 295, 6, 6, 1, 1, 1, 1, 0.695472, 0.352534
5, 296, 6, 5, 1, 1, 1, -1, 0.539462, 0.306887
5, 297, 2, 0, 1, 1, -1, 0, 0.505612, 0.560792
5, 298, 2, 3, 1, 1, 1, -1, 0.587287, 0.345290
5, 299, 2, 6, 1, 1, -1, 1, 0.751237, 0.525580
5, 300, 2, 5, 1, 1, -1, 1, 0.652448, 0.464269
5, 301, 4, 0, 1, 1, 1, 0, 0.517426, 0.365567
5, 302, 5, 2, 1, 1, 1, -1, 0.679403, 0.367732
5, 303, 1, 2, 1, 1, 1, 1, 0.486217, 0.252188
5, 304, 1, 1, 1, 1, -1, 1, 0.600024, 0.339933
5, 305, 3, 0, 1, 1, 1, 0, 0.519439, 0.308424
5, 306, 4, 5, 1, 1, 1, -1, 0.671424, 0.388459
5, 307, 4, 1, 1, 1, -1, 1, 0.697649, 0.388090
5, 308, 2, 2, 1, 1, 1, -1, 0.534068, 0.432299
5, 309, 5, 5, 1, 1, 1, -1, 0.810718, 0.306418
5, 310, 1, 0, 1, 1, -1, 0, 0.552792, 0.340792
5, 311, 3, 5, 1, 1, 1, -1, 0.626400, 0.573452
5, 312, 2, 0, 1, 1, 1, 0, 0.466303, 0.668140
5, 313, 3, 0, 1, 1, 1, 0, 0.485641, 0.530117
5, 314, 3, 4, 1, 1, -1, -1, 0.593433, 0.535034
5, 315, 6, 3, 1, 1, 1, 1, 0.487534, 0.311735
5, 316, 5, 0, 1, 1, 1, 0, 0.508272, 0.314691
5, 317, 4, 3, 1, 1, 1, -1, 0.633839, 0.382011
5, 318, 4, 2, 1, 1, -1, -1, 0.594289, 0.312797
5, 319, 5, 2, 0, 1, -1, -1, 0.599942, 0.929020
5, 320, 6, 5, 1, 1, 1, -1, 0.659325, 0.294397
5, 321, 4, 2, 1, 1, 1, -1, 0.724934, 0.326341
5, 322, 5, 6, 1, 1, 1, 1, 0.473270, 0.305386
5, 323, 4, 0, 1, 1, -1, 0, 0.500521, 0.341503
5, 324, 1, 0, 1, 1, 1, 0, 0.401226, 0.353482
5, 325, 5, 0, 1, 1, -1, 0, 0.440130, 0.373184
5, 326, 3, 0, 1, 1, -1, 0, 0.514683, 0.361324
5, 328, 3, 1, 1, 1, -1, -1, 0.605870, 0.352551
5, 329, 1, 2, 1, 1, 1, -1, 0.662257, 0.320701
5, 330, 3, 6, 1, 1, 1, 1, 0.642593, 0.664319
5, 331, 2, 2, 1, 1, 1, 1, 0.579645, 0.359969
5, 332, 1, 3, 1, 1, 1, -1, 0.467837, 0.313145
5, 333, 2, 1, 1, 1, -1, -1, 0.538911, 0.272874
5, 334, 2, 0, 1, 1, 1, 0, 0.433543, 0.292856
5, 335, 1, 1, 1, 1, -1, 1, 0.586689, 0.378948
5, 336, 6, 2, 1, 1, 1, -1, 0.647805, 0.286094
5, 337, 3, 3, 1, 1, -1, 1, 0.673777, 0.299036
5, 338, 3, 5, 1, 3, 1, -1, 0.654144, 0.000000
5, 339, 2, 1, 1, 1, -1, 1, 0.632469, 0.372695
5, 341, 2, 5, 1, 1, -1, 1, 0.854906, 0.689439
5, 342, 5, 0, 1, 1, 1, 0, 0.574913, 0.432475
5, 343, 6, 5, 1, 1, -1, 1, 0.665904, 0.434134
5, 344, 6, 0, 1, 1, 1, 0, 0.453834, 0.596343
5, 345, 4, 0, 1, 1, -1, 0, 0.599869, 0.413205
5, 346, 3, 0, 1, 1, -1, 0, 0.513285, 0.411540
5, 347, 2, 3, 1, 1, 1, 1, 0.520052, 0.365132
5, 348, 2, 3, 1, 1, -1, -1, 0.554197, 0.361646
5, 349, 4, 0, 1, 1, 1, 0, 0.493457, 0.334143
5, 350, 3, 0, 1, 1, 1, 0, 0.526384, 0.412735
5, 351, 5, 0, 1, 1, 1, 0, 0.515175, 0.279772
5, 352, 5, 0, 1, 1, 1, 0, 0.586934, 0.220578
5, 353, 1, 5, 1, 1, 1, -1, 0.572818, 0.314780
5, 354, 1, 0, 1, 1, 1, 0, 0.426229, 0.246549
5, 355, 4, 6, 1, 1, 1, -1, 0.699764, 0.294676
5, 356, 5, 0, 1, 1, -1, 0, 0.652222, 0.307411
5, 357, 1, 0, 1, 1, -1, 0, 0.587733, 0.378185
5, 358, 6, 0, 1, 1, 1, 0, 0.500097, 0.408636
5, 359, 2, 4, 1, 1, 1, -1, 0.666315, 0.347216
5, 360, 2, 1, 1, 1, 1, 1, 0.492597, 0.367087
5, 361, 5, 4, 1, 1, 1, 1, 0.572855, 0.366214
5, 362, 2, 1, 1, 1, 1, -1, 0.540656, 0.300115
5, 363, 4, 0, 1, 1, -1, 0, 0.520276, 0.478729
5, 364, 4, 6, 1, 1, -1, -1, 0.540126, 0.368446
5, 365, 6, 0, 1, 1, 1, 0, 0.480325, 0.339403
5, 366, 3, 5, 1, 1, -1, 1, 0.658384, 0.340065
5, 367, 4, 4, 1, 1, 1, -1, 0.856232, 0.352171
5, 368, 1, 0, 1, 1, -1, 0, 0.538896, 0.327244
5, 369, 5, 3, 1, 1, -1, -1, 0.575796, 0.286861
5, 370, 4, 0, 1, 1, 1, 0, 0.441683, 0.259130
5, 371, 1, 0, 1, 1, -1, 0, 0.591663, 0.394391
5, 372, 4, 4, 1, 1, 1, -1, 0.641437, 0.321759
5, 373, 6, 4, 1, 1, 1, -1, 0.619521, 0.301665
5, 374, 1, 5, 1, 1, 1, -1, 0.571656, 0.325273
5, 375, 6, 0, 1, 1, 1, 0, 0.499725, 0.333923
5, 377, 4, 0, 1, 1, -1, 0, 0.770536, 0.491288
5, 379, 5, 4, 1, 1, 1, 1, 0.545748, 0.280885
5, 380, 5, 0, 1, 1, 1, 0, 0.545442, 0.287697
5, 381, 1, 0, 1, 1, 1, 0, 0.433588, 0.193155
5, 382, 4, 2, 1, 3, -1, 1, 0.667047, 1.361857
5, 383, 6, 0, 1, 1, -1, 0, 0.658498, 0.715864
5, 384, 4, 2, 1, 1, -1, 1, 0.990436, 0.538280
5, 385, 1, 0, 1, 1, -1, 0, 0.606854, 0.365590
5, 386, 4, 0, 1, 1, 1, 0, 0.505578, 0.398885
5, 387, 1, 0, 1, 1, 1, 0, 0.579643, 0.386123
5, 388, 1, 2, 1, 1, -1, -1, 0.577378, 0.425590
5, 390, 6, 0, 1, 1, -1, 0, 0.539575, 0.293363
5, 391, 6, 6, 1, 1, -1, -1, 0.605985, 0.241441
5, 392, 1, 0, 1, 1, -1, 0, 0.577607, 0.457725
5, 394, 3, 3, 1, 1, 1, 1, 1.002977, 0.233288
5, 395, 5, 0, 1, 1, -1, 0, 0.547554, 0.333865
5, 396, 3, 4, 1, 1, -1, 1, 0.599868, 0.480898
5, 397, 4, 3, 1, 1, -1, -1, 0.530825, 0.160837
5, 398, 5, 0, 1, 1, -1, 0, 0.408572, 0.340491
5, 399, 1, 5, 1, 1, -1, -1, 0.746591, 0.312266
5, 402, 4, 0, 1, 1, -1, 0, 0.554775, 0.306840
5, 403, 4, 0, 1, 1, 1, 0, 0.546868, 0.285990
5, 404, 4, 2, 1, 1, 1, 1, 0.701167, 0.254453
5, 405, 4, 5, 1, 1, 1, -1, 0.773181, 0.345717
5, 406, 5, 6, 1, 1, 1, -1, 0.607206, 0.286882
5, 407, 2, 1, 1, 1, 1, -1, 0.566643, 0.373413
5, 408, 6, 2, 1, 1, 1, -1, 0.552893, 0.367282
5, 410, 4, 1, 1, 1, -1, -1, 0.856138, 0.467972
5, 411, 1, 6, 1, 1, 1, 1, 0.566664, 0.400129
5, 413, 2, 0, 1, 1, -1, 0, 0.613099, 0.419683
5, 414, 3, 0, 1, 1, -1, 0, 0.684544, 0.433287
5, 415, 3, 3, 1, 1, 1, -1, 0.750159, 0.479789
5, 416, 3, 0, 1, 1, -1, 0, 0.672312, 0.554419
5, 417, 3, 0, 1, 1, 1, 0, 0.565893, 0.325295
5, 418, 5, 0, 1, 1, 1, 0, 0.513592, 0.300162
5, 419, 1, 2, 1, 1, -1, -1, 0.615965, 0.317736
5, 420, 4, 0, 1, 1, 1, 0, 0.466621, 0.313471
5, 421, 2, 5, 1, 1, 1, -1, 0.686388, 0.300691
5, 422, 1, 0, 1, 1, -1, 0, 0.527756, 0.542772
5, 423, 2, 2, 1, 1, -1, -1, 0.833656, 0.672410
5, 424, 3, 0, 1, 1, 1, 0, 0.592811, 1.205461
5, 425, 6, 0, 1, 1, 1, 0, 0.486870, 0.346565
5, 426, 2, 4, 1, 1, -1, 1, 0.639770, 0.407844
5, 427, 3, 0, 1, 1, -1, 0, 0.425570, 0.312841
5, 428, 4, 6, 1, 1, -1, 1, 0.643371, 0.292750
5, 429, 1, 3, 1, 1, -1, -1, 0.902807, 7.340089
5, 430, 5, 0, 1, 1, -1, 0, 0.467353, 0.605556
5, 431, 6, 4, 1, 1, 1, 1, 0.513385, 0.407536
5, 432, 5, 3, 1, 3, 1, 1, 0.785009, 1.710038
5, 433, 1, 1, 1, 1, 1, 1, 0.593106, 0.602004
5, 434, 2, 0, 1, 1, -1, 0, 0.562284, 0.598619
5, 435, 4, 4, 1, 1, 1, 1, 0.627980, 0.470954
5, 436, 5, 0, 1, 1, -1, 0, 0.433800, 0.550635
5, 437, 4, 5, 1, 1, -1, 1, 0.635630, 0.556445
5, 438, 2, 2, 1, 1, -1, -1, 0.745686, 0.492128
5, 439, 1, 0, 1, 1, -1, 0, 0.474902, 0.385643
5, 440, 5, 0, 1, 1, 1, 0, 0.534846, 0.657810
5, 441, 6, 3, 1, 1, -1, -1, 0.518749, 0.472254
5, 442, 4, 2, 1, 1, 1, -1, 0.753876, 0.624592
5, 443, 3, 2, 1, 1, -1, -1, 0.646608, 0.489845
5, 444, 3, 0, 1, 1, 1, 0, 0.487138, 0.621062
5, 445, 6, 0, 1, 1, 1, 0, 0.605882, 0.379167
5, 446, 6, 0, 1, 1, -1, 0, 0.453725, 0.320692
5, 447, 5, 0, 1, 1, 1, 0, 0.514394, 0.286877
5, 448, 6, 4, 1, 1, -1, -1, 0.579880, 0.301108
5, 449, 4, 6, 1, 1, 1, -1, 0.732094, 0.539351
5, 450, 3, 4, 1, -1, 1, 1, 1.131810, 1.173936
5, 451, 4, 1, 1, 1, 1, 1, 0.725845, 0.247245
5, 452, 5, 3, 1, 1, 1, -1, 0.628230, 0.344555
5, 453, 2, 4, 1, 1, 1, -1, 0.592916, 0.313407
5, 454, 1, 0, 1, 1, -1, 0, 0.601075, 0.319964
5, 455, 6, 4, 1, 1, 1, 1, 0.480945, 0.326222
5, 456, 3, 0, 1, 1, -1, 0, 0.545515, 0.300278
5, 457, 3, 0, 1, 1, -1, 0, 0.499781, 0.286300
5, 458, 3, 0, 1, 1, -1, 0, 0.480840, 0.344905
5, 460, 4, 0, 1, 1, -1, 0, 0.494666, 0.279778
5, 461, 4, 4, 1, 1, -1, -1, 0.592606, 0.287597
5, 463, 6, 6, 1, 1, 1, -1, 0.612935, 0.285762
5, 464, 2, 6, 1, 1, -1, -1, 0.626049, 0.266066
5, 465, 6, 0, 1, 1, -1, 0, 0.598939, 0.386136
5, 466, 2, 0, 1, 1, -1, 0, 0.567576, 0.320598
5, 467, 6, 4, 1, 1, -1, 1, 0.680856, 0.411383
5, 469, 6, 5, 1, 1, -1, -1, 0.560346, 0.285981
5, 470, 4, 5, 1, 1, 1, 1, 0.512959, 0.266142
5, 471, 6, 0, 1, 1, 1, 0, 0.451928, 0.394312
5, 472, 1, 5, 1, 1, -1, -1, 0.651836, 0.227471
5, 473, 6, 0, 1, 1, -1, 0, 0.445878, 0.267053
5, 474, 5, 0, 1, 1, 1, 0, 0.500411, 0.247746
5, 475, 6, 3, 1, 1, -1, 1, 0.501312, 0.280481
5, 476, 3, 2, 1, 1, -1, 1, 0.793852, 0.266426
5, 477, 5, 5, 1, 1, 1, 1, 0.539942, 1.349967
5, 478, 5, 4, 1, 1, -1, 1, 0.738393, 0.340889
5, 479, 6, 0, 1, 1, 1, 0, 0.520661, 0.285682
5, 480, 1, 0, 1, 1, 1, 0, 0.481929, 0.373913
5, 481, 6, 0, 1, 1, -1, 0, 0.551896, 0.537411
5, 482, 2, 0, 1, 1, -1, 0, 0.559258, 0.405144
5, 483, 5, 1, 1, 1, 1, -1, 0.918623, 0.550132
5, 484, 1, 2, 1, 1, 1, 1, 0.573293, 0.333416
5, 485, 3, 0, 1, 1, -1, 0, 0.512855, 0.327134
5, 486, 3, 0, 1, 1, -1, 0, 0.475421, 0.385009
5, 487, 2, 0, 1, 1, 1, 0, 0.465019, 0.396713
5, 488, 3, 2, 1, 1, 1, -1, 0.651962, 0.698245
5, 489, 3, 4, 1, 1, -1, -1, 0.585033, 0.520693
5, 490, 1, 5, 1, 1, -1, 1, 0.939509, 0.414389
5, 491, 6, 0, 1, 1, 1, 0, 0.639603, 0.359235
5, 492, 2, 0, 1, 1, -1, 0, 0.486523, 0.360475
5, 493, 4, 0, 1, 1, -1, 0, 0.434436, 0.346004
5, 494, 6, 0, 1, 1, -1, 0, 0.477747, 0.359422
5, 495, 2, 4, 1, 1, -1, 1, 0.785751, 0.460864
5, 496, 6, 2, 1, 1, 1, 1, 1.045023, 0.472690
5, 497, 3, 0, 1, 1, 1, 0, 0.561313, 0.379665
5, 498, 2, 1, 1, 1, -1, 1, 0.939405, 0.499957
5, 499, 1, 0, 1, 1, 1, 0, 0.490848, 0.307061
5, 500, 4, 1, 1, 1, 1, 1, 0.660177, 0.582552
5, 501, 1, 0, 1, 1, 1, 0, 0.486961, 0.287594
5, 502, 6, 5, 1, 1, -1, 1, 0.645885, 0.307631
5, 503, 1, 0, 1, 1, -1, 0, 0.502018, 0.286487
5, 504, 6, 1, 1, 1, -1, 1, 0.552237, 0.565271
5, 505, 2, 0, 1, 1, 1, 0, 0.412044, 0.353682
5, 506, 2, 0, 1, 1, -1, 0, 0.492996, 0.367145
5, 507, 6, 1, 1, 1, -1, -1, 0.486755, 0.313718
5, 508, 5, 0, 1, 1, 1, 0, 0.566823, 0.698589
5, 509, 4, 3, 1, 1, -1, 1, 0.758211, 0.750619
5, 510, 5, 2, 1, 1, -1, -1, 0.825380, 0.346181
5, 511, 4, 0, 1, 1, -1, 0, 0.405088, 0.517794
5, 512, 6, 3, 1, 1, 1, -1, 0.704748, 0.280110
5, 513, 4, 0, 1, 1, 1, 0, 0.493737, 0.352065
5, 514, 2, 0, 1, 1, 1, 0, 0.461498, 0.386497
5, 515, 4, 3, 1, 1, -1, 1, 0.551753, 0.744366
5, 516, 6, 1, 1, 1, 1, -1, 0.626839, 0.366219
5, 517, 2, 0, 1, 1, -1, 0, 0.519556, 0.793363
5, 518, 2, 0, 1, 1, -1, 0, 0.464331, 0.327124
5, 519, 4, 0, 1, 1, -1, 0, 0.471915, 0.352682
5, 520, 6, 4, 1, 1, 1, -1, 0.506738, 0.247949
5, 521, 4, 0, 1, 1, -1, 0, 0.651068, 0.339137
5, 522, 4, 3, 1, 1, -1, -1, 0.573483, 0.311160
5, 523, 6, 0, 1, 1, 1, 0, 0.473028, 0.346055
5, 524, 1, 1, 1, 1, -1, -1, 0.572728, 0.261821
5, 525, 6, 0, 1, 1, 1, 0, 0.479826, 0.322109
5, 526, 1, 5, 1, 1, 1, 1, 0.499865, 0.278640
5, 527, 6, 6, 1, 1, -1, 1, 0.951303, 0.332814
5, 528, 2, 0, 1, 1, -1, 0, 0.500215, 0.261525
5, 529, 5, 0, 1, 1, -1, 0, 0.493141, 0.314808
5, 530, 1, 0, 1, 1, 1, 0, 0.445187, 0.268190
5, 532, 1, 0, 1, 1, 1, 0, 0.400463, 0.259656
5, 533, 4, 2, 1, 1, 1, 1, 0.694489, 0.359147
5, 534, 2, 0, 1, 1, 1, 0, 0.447891, 0.314218
5, 535, 6, 0, 1, 1, 1, 0, 0.446479, 0.321107
5, 536, 6, 0, 1, 1, -1, 0, 0.515683, 0.385456
5, 537, 1, 0, 1, 1, -1, 0, 0.586562, 0.440122
5, 538, 4, 5, 1, 1, -1, -1, 0.520177, 0.505192
5, 539, 2, 0, 1, 3, -1, 0, 0.583746, 2.314326
5, 540, 6, 2, 1, 1, -1, -1, 0.539957, 0.393426
5, 541, 4, 0, 1, 1, 1, 0, 0.540049, 0.406562
5, 542, 5, 0, 1, 1, -1, 0, 0.594218, 0.663946
5, 543, 1, 2, 1, 1, -1, 1, 0.700261, 0.398371
5, 544, 5, 0, 1, 1, -1, 0, 0.472663, 0.439292
5, 545, 1, 3, 1, 1, -1, 1, 0.675416, 0.372852
5, 546, 6, 0, 1, 1, 1, 0, 0.506855, 2.103024
5, 547, 6, 0, 1, 1, 1, 0, 0.439266, 0.414007
5, 548, 4, 2, 1, 1, -1, -1, 0.776887, 0.314751
5, 549, 4, 0, 1, 1, -1, 0, 0.506552, 0.365863
5, 550, 3, 6, 1, 1, -1, 1, 0.613913, 0.474571
5, 551, 3, 0, 1, 1, 1, 0, 0.499427, 0.351604
5, 552, 2, 0, 1, 1, -1, 0, 0.473822, 0.298669
5, 553, 2, 3, 1, 1, 1, -1, 0.613067, 0.301436
5, 554, 2, 0, 1, 1, 1, 0, 0.406429, 0.287272
5, 555, 2, 4, 1, 1, -1, -1, 0.519497, 0.241145
5, 556, 3, 0, 1, 1, 1, 0, 0.474040, 0.373104
5, 557, 5, 3, 1, 1, 1, 1, 0.539136, 0.346573
5, 558, 1, 0, 1, 1, 1, 0, 0.440335, 0.313669
5, 559, 4, 4, 1, 1, -1, 1, 0.587566, 0.273809
5, 560, 4, 0, 1, 1, 1, 0, 0.494561, 0.326088
5, 561, 3, 4, 1, 1, 1, 1, 0.486987, 0.293227
5, 562, 4, 0, 1, 1, -1, 0, 0.433381, 0.319420
5, 563, 5, 0, 1, 1, -1, 0, 0.459233, 0.305549
5, 564, 2, 0, 1, 1, 1, 0, 0.399872, 0.341693
5, 565, 5, 5, 1, 1, 1, 1, 0.625938, 0.426755
5, 566, 1, 3, 1, 1, -1, -1, 0.720794, 0.366241
5, 567, 4, 5, 1, 1, 1, 1, 0.526839, 0.315064
5, 568, 3, 0, 1, 1, -1, 0, 0.690004, 0.398491
5, 570, 1, 1, 1, 1, 1, -1, 0.719559, 0.430418
5, 571, 1, 0, 1, 1, -1, 0, 0.526342, 0.306859
5, 572, 5, 0, 1, 1, -1, 0, 0.453763, 0.413515
5, 573, 3, 0, 1, 1, 1, 0, 0.479931, 0.392872
5, 574, 2, 2, 1, 1, -1, 1, 0.833315, 0.468857
5, 575, 4, 1, 1, 1, 1, -1, 0.771555, 0.425773
5, 576, 2, 6, 1, 1, 1, 1, 0.646385, 1.212988
5, 577, 2, 0, 1, 1, -1, 0, 0.561158, 0.640463
5, 578, 1, 1, 1, 1, -1, -1, 0.546428, 0.859140
5, 579, 4, 1, 1, 1, 1, -1, 0.784114, 0.326406
5, 580, 4, 1, 1, 1, -1, -1, 0.604756, 0.298972
5, 581, 3, 5, 1, 1, 1, 1, 0.541010, 0.425421
5, 582, 6, 2, 0, 1, 1, 1, 0.771019, 0.931148
5, 583, 5, 1, 1, 1, 1, 1, 0.559756, 0.279282
5, 584, 2, 5, 1, 1, -1, -1, 0.560229, 0.346470
5, 585, 2, 6, 1, 1, 1, -1, 0.773918, 0.888360
5, 586, 5, 0, 1, 1, -1, 0, 0.525917, 0.306026
5, 587, 5, 1, 1, 1, 1, -1, 0.652195, 0.299720
5, 588, 4, 6, 1, 1, -1, -1, 0.535079, 0.252076
5, 589, 4, 0, 1, 1, 1, 0, 0.499081, 0.346268
5, 590, 2, 0, 1, 1, 1, 0, 0.459426, 0.373710
5, 591, 5, 0, 1, 1, -1, 0, 0.833103, 0.560221
5, 592, 2, 0, 1, 1, -1, 0, 0.553103, 0.333318
5, 593, 6, 1, 1, 1, 1, 1, 0.540439, 0.292728
5, 594, 5, 0, 1, 1, 1, 0, 0.473088, 0.299668
5, 595, 5, 0, 1, 1, 1, 0, 0.413900, 0.300229
5, 597, 5, 2, 1, 1, -1, 1, 0.606637, 0.521104
5, 598, 5, 0, 1, 1, 1, 0, 0.446408, 0.298863
5, 599, 5, 1, 1, 1, -1, 1, 0.692446, 0.339324
5, 600, 4, 0, 1, 1, -1, 0, 0.500952, 0.273494
5, 601, 5, 1, 1, 1, -1, -1, 0.614500, 0.286892
5, 602, 4, 3, 1, 1, 1, 1, 0.585831, 0.294055
5, 603, 5, 3, 1, 1, -1, -1, 0.519997, 0.261421
5, 604, 5, 3, 1, 1, -1, 1, 0.454627, 0.266272
5, 605, 5, 5, 1, 3, -1, -1, 0.838968, 0.000000
5, 606, 4, 0, 1, 1, -1, 0, 0.441385, 0.406243
5, 607, 1, 1, 1, 1, 1, 1, 0.466315, 0.267633
5, 608, 2, 5, 1, 1, 1, 1, 0.479363, 0.247973
5, 609, 5, 4, 1, 1, 1, -1, 0.546266, 0.200384
5, 610, 4, 0, 1, 1, 1, 0, 0.461696, 0.274816
5, 611, 5, 1, 1, 1, 1, 1, 0.527448, 0.251143
5, 612, 5, 4, 1, 1, -1, 1, 0.520584, 0.267632
5, 613, 4, 0, 1, 1, -1, 0, 0.710116, 0.652201
5, 614, 4, 0, 1, 1, 1, 0, 0.520183, 0.320488
5, 616, 5, 6, 1, 1, -1, 1, 0.731015, 0.327649
