observer, trial, targLoc, distLoc, targDiscrim, thoughtNoAttCap
2, 1, 5, 6, 1, 1
2, 2, 4, 3, -1, -1
2, 3, 5, 1, 1, 1
2, 4, 1, 0, 1, 1
2, 5, 4, 4, 1, 1
2, 6, 1, 4, 1, 1
2, 7, 1, 0, 1, 1
2, 8, 5, 2, -1, -1
2, 9, 1, 2, 1, 1
2, 10, 1, 0, 1, 1
2, 11, 2, 2, -1, -1
2, 12, 3, 0, 1, 1
2, 13, 2, 0, 1, 1
2, 14, 6, 2, 1, 1
2, 15, 6, 1, -1, -1
2, 16, 1, 5, 1, 1
2, 17, 2, 4, 1, 1
2, 18, 1, 6, 1, 1
2, 19, 5, 4, 1, 1
2, 20, 2, 2, 1, 1
2, 21, 5, 0, 1, 1
2, 22, 1, 1, 1, 1
2, 23, 5, 5, 1, 1
2, 24, 2, 6, 1, 1
2, 25, 4, 6, 1, 1
2, 26, 3, 0, 1, 1
2, 27, 5, 0, 1, 1
2, 28, 2, 0, 1, 1
2, 29, 3, 0, 1, 1
2, 30, 6, 3, 1, 1
2, 31, 3, 0, 1, 1
2, 32, 2, 0, 1, 1
2, 33, 6, 4, 1, 1
2, 34, 4, 0, 1, 1
2, 35, 3, 0, 1, 1
2, 36, 6, 0, 1, 1
2, 37, 3, 0, 1, 1
2, 38, 4, 4, 1, 1
2, 39, 2, 0, 1, 1
2, 40, 5, 0, 1, 1
2, 41, 5, 4, 1, 1
2, 42, 2, 0, 1, 1
2, 43, 5, 0, 1, 1
2, 44, 3, 2, 1, 1
2, 45, 1, 1, -1, -1
2, 46, 2, 6, -1, -1
2, 47, 6, 5, 1, 1
2, 48, 2, 5, -1, -1
2, 49, 6, 0, 1, 1
2, 50, 6, 6, 1, 1
2, 51, 5, 5, 1, 1
2, 52, 3, 0, 1, 1
2, 53, 3, 5, 1, 1
2, 54, 3, 0, 1, 1
2, 55, 1, 0, 1, 1
2, 56, 6, 2, 1, 1
2, 57, 5, 0, 1, 1
2, 58, 5, 3, 1, 1
2, 59, 1, 0, 1, 1
2, 60, 4, 0, 1, 1
2, 61, 1, 4, 1, 1
2, 62, 1, 2, 1, 1
2, 63, 5, 0, 1, 1
2, 64, 5, 0, 1, 1
2, 65, 5, 6, 1, 1
2, 66, 6, 0, 1, 1
2, 67, 2, 2, 1, 1
2, 68, 6, 0, 1, 1
2, 69, 5, 3, 1, 1
2, 70, 1, 3, 1, 1
2, 71, 2, 1, 1, 1
2, 72, 6, 6, 1, 1
2, 73, 1, 0, 1, 1
2, 74, 4, 0, 1, 1
2, 75, 4, 2, 1, 1
2, 76, 4, 0, 1, 1
2, 77, 6, 4, 1, 1
2, 78, 3, 0, 1, 1
2, 79, 2, 0, 1, 1
2, 80, 6, 1, 1, 1
2, 81, 1, 3, 1, 1
2, 82, 5, 0, 1, 1
2, 83, 1, 0, 1, 1
2, 84, 1, 0, 1, 1
2, 85, 3, 6, -1, -1
2, 86, 1, 6, 1, 1
2, 87, 5, 0, 1, 1
2, 88, 2, 0, 1, 1
2, 89, 5, 1, 1, 1
2, 90, 4, 0, 1, 1
2, 91, 2, 0, 1, 1
2, 92, 2, 6, -1, -1
2, 93, 6, 0, 1, 1
2, 94, 4, 0, 1, 1
2, 95, 1, 0, 1, 1
2, 96, 3, 0, 1, 1
2, 97, 4, 4, 1, 1
2, 98, 2, 5, -1, -1
2, 99, 2, 0, 1, 1
2, 100, 1, 0, 1, 1
2, 101, 1, 0, 1, 1
2, 102, 4, 5, 1, 1
2, 103, 6, 4, 1, 1
2, 104, 4, 1, -1, -1
2, 105, 3, 0, 1, 1
2, 106, 2, 5, -1, -1
2, 107, 3, 1, 1, 1
2, 108, 3, 1, 1, 1
2, 109, 6, 0, 1, 1
2, 110, 4, 0, 1, 1
2, 111, 3, 4, 1, 1
2, 112, 4, 6, 1, 1
2, 113, 2, 0, 1, 1
2, 114, 2, 0, 1, 1
2, 115, 4, 0, 1, 1
2, 116, 5, 3, 1, 1
2, 117, 3, 5, 1, 1
2, 118, 6, 5, 1, 1
2, 119, 3, 5, 1, 1
2, 120, 2, 3, 1, 1
2, 121, 5, 4, 1, 1
2, 122, 3, 0, 1, 1
2, 123, 2, 0, 1, 1
2, 124, 6, 0, 1, 1
2, 125, 3, 0, 1, 1
2, 126, 1, 6, 1, 1
2, 127, 5, 0, 1, 1
2, 128, 4, 0, 1, 1
2, 129, 3, 4, 1, 1
2, 130, 5, 0, 1, 1
2, 131, 5, 0, 1, 1
2, 132, 6, 0, 1, 1
2, 133, 1, 0, 1, 1
2, 134, 2, 0, 1, 1
2, 135, 6, 0, 1, 1
2, 136, 4, 3, -1, -1
2, 137, 5, 0, 1, 1
2, 138, 4, 0, 1, 1
2, 139, 1, 3, 1, 1
2, 140, 1, 4, 1, 1
2, 141, 4, 5, -1, -1
2, 142, 4, 0, 0, 1
2, 143, 3, 0, 1, 1
2, 144, 6, 0, 1, 1
2, 145, 4, 1, -1, -1
2, 146, 2, 3, 1, 1
2, 147, 1, 2, 1, 1
2, 148, 2, 1, 1, 1
2, 149, 1, 5, 1, 1
2, 150, 4, 3, -1, -1
2, 151, 5, 2, -1, -1
2, 152, 3, 3, -1, -1
2, 153, 6, 3, 1, 1
2, 154, 3, 0, 1, 1
2, 155, 1, 0, 1, 1
2, 156, 2, 4, 1, 1
2, 157, 3, 0, 1, 1
2, 158, 5, 0, 1, 1
2, 159, 1, 5, 1, 1
2, 160, 2, 0, 1, 1
2, 161, 6, 0, 1, 1
2, 162, 5, 0, 1, 1
2, 163, 4, 0, 1, 1
2, 164, 5, 2, 1, 1
2, 165, 1, 0, 1, 1
2, 166, 3, 2, 1, 1
2, 167, 4, 2, 1, 1
2, 168, 1, 0, 1, 1
2, 169, 2, 3, 1, 1
2, 170, 1, 0, 1, 1
2, 171, 4, 0, 1, 1
2, 172, 3, 2, -1, -1
2, 173, 6, 0, 1, 1
2, 174, 4, 6, -1, -1
2, 175, 3, 4, -1, -1
2, 176, 3, 3, -1, -1
2, 177, 3, 0, 1, 1
2, 178, 2, 0, 1, 1
2, 179, 4, 0, 1, 1
2, 180, 1, 1, -1, -1
2, 181, 3, 3, 1, 1
2, 182, 1, 0, 1, 1
2, 183, 6, 0, 1, 1
2, 184, 6, 2, 1, 1
2, 185, 4, 2, 1, 1
2, 186, 1, 0, 1, 1
2, 187, 6, 0, 1, 1
2, 188, 6, 0, 1, 1
2, 189, 2, 1, -1, -1
2, 190, 4, 0, 1, 1
2, 191, 5, 0, 1, 1
2, 192, 2, 0, 1, 1
2, 193, 4, 0, 1, 1
2, 194, 6, 6, 1, 1
2, 195, 3, 1, 1, 1
2, 196, 6, 5, 1, 1
2, 197, 2, 0, 1, 1
2, 198, 6, 0, 1, 1
2, 199, 3, 0, 1, 1
2, 200, 4, 1, 1, 1
2, 201, 4, 0, 1, 1
2, 202, 5, 1, 1, 1
2, 203, 3, 6, 1, 1
2, 204, 5, 0, 1, 1
2, 205, 6, 0, 1, 1
2, 206, 4, 5, 1, 1
2, 207, 6, 1, 1, 1
2, 208, 2, 4, 1, 1
2, 209, 5, 0, 1, 1
2, 210, 3, 6, -1, -1
2, 211, 4, 0, 1, 1
2, 212, 5, 6, 1, 1
2, 213, 2, 0, 1, 1
2, 214, 6, 3, 1, 1
2, 215, 6, 0, 1, 1
2, 216, 5, 5, 1, 1
