observer, trial, targLoc, distLoc, targDiscrim, thoughtNoAttCap, tc, dc, RT, TrialTypeRT
15, 1, 2, 0, 1, -1, 1, 0, 1.451605, 6.042235
15, 3, 2, 1, 1, -1, -1, 1, 1.142303, 1.947303
15, 4, 6, 4, 1, 1, -1, 1, 1.397322, 1.257356
15, 7, 6, 0, 0, -1, -1, 0, 0.802517, 0.000000
15, 8, 4, 0, 1, 1, -1, 0, 1.211246, 2.678123
15, 9, 4, 5, 1, -1, -1, -1, 1.145056, 1.355312
15, 10, 5, 4, 1, 1, -1, -1, 1.135870, 1.166273
15, 11, 1, 0, 0, -1, -1, 0, 0.939129, 2.169465
15, 12, 6, 0, 1, 1, -1, 0, 0.746764, 0.570172
15, 13, 3, 0, 0, 3, -1, 0, 0.795299, 0.766922
15, 14, 2, 0, 1, 1, -1, 0, 0.589049, 0.987596
15, 15, 5, 2, 1, 1, -1, 1, 1.356213, 1.005052
15, 16, 2, 0, 1, 1, -1, 0, 0.796350, 1.332783
15, 17, 1, 4, 0, -1, -1, -1, 0.995549, 1.113473
15, 18, 6, 6, 0, 1, -1, 1, 0.727438, 1.399129
15, 19, 3, 0, 1, 1, 1, 0, 0.633830, 0.786113
15, 20, 5, 6, 0, -1, 1, 1, 1.093996, 1.077422
15, 21, 1, 1, 1, 1, -1, -1, 0.904483, 1.488850
15, 22, 4, 4, 1, 1, -1, 1, 0.867436, 0.667199
15, 23, 4, 3, 0, -1, 1, 1, 0.795368, 0.721769
15, 24, 4, 6, 0, 1, 1, 1, 0.463630, 0.484223
15, 25, 4, 0, 1, 1, 1, 0, 0.623485, 0.562238
15, 26, 2, 0, 1, 1, -1, 0, 0.562610, 0.570617
15, 27, 2, 0, 1, 1, 1, 0, 0.570020, 0.445014
15, 28, 2, 1, 1, 1, 1, 1, 0.616209, 0.932857
15, 29, 1, 1, 0, -1, 1, 1, 0.569685, 1.191483
15, 30, 6, 4, 1, -1, -1, -1, 1.012599, 0.683309
15, 31, 2, 0, 1, 1, 1, 0, 0.734701, 1.378157
15, 32, 3, 4, 1, 3, 1, -1, 1.224631, 0.000000
15, 33, 5, 0, 1, 1, -1, 0, 0.741170, 0.959144
15, 34, 4, 6, 1, 1, -1, 1, 0.820591, 0.479195
15, 35, 4, 2, 1, 1, 1, 1, 0.848524, 0.609834
15, 36, 4, 0, 1, 1, 1, 0, 0.609695, 0.405491
15, 37, 4, 0, 1, 1, -1, 0, 0.511358, 0.521334
15, 38, 1, 0, 1, 1, 1, 0, 0.561679, 0.674163
15, 39, 4, 0, 1, 1, 1, 0, 0.580732, 0.469047
15, 40, 1, 0, 1, 1, -1, 0, 0.536427, 0.423553
15, 41, 5, 6, 0, -1, -1, -1, 0.905030, 0.788297
15, 42, 6, 0, 1, 1, 1, 0, 0.697467, 0.822727
15, 43, 4, 3, 1, 1, -1, -1, 0.696118, 0.868931
15, 44, 3, 0, 1, 1, 1, 0, 1.190230, 1.339544
15, 45, 1, 0, 1, 1, 1, 0, 0.595795, 0.450523
15, 46, 6, 5, 1, 1, -1, 1, 0.732725, 1.077284
15, 47, 6, 5, 0, 1, -1, -1, 0.676212, 1.026318
15, 48, 3, 0, 0, 3, -1, 0, 0.732101, 0.000000
15, 49, 2, 1, 1, 1, 1, 1, 0.780981, 0.830860
15, 50, 2, 2, 1, 1, -1, 1, 0.997761, 1.314714
15, 51, 1, 4, 1, 1, 1, -1, 1.245207, 0.762176
15, 52, 2, 2, 1, 1, -1, 1, 0.751170, 0.800902
15, 53, 1, 0, 1, 1, 1, 0, 0.551294, 0.338946
15, 54, 2, 0, 1, 1, -1, 0, 0.514884, 0.357759
15, 55, 4, 1, 1, 1, 1, 1, 0.557978, 0.297387
15, 56, 3, 3, 1, 3, 1, -1, 0.595074, 0.409075
15, 57, 2, 2, 1, 1, 1, -1, 0.956952, 0.409896
15, 58, 4, 0, 1, 1, 1, 0, 0.822432, 0.343348
15, 59, 3, 1, 1, 3, -1, -1, 0.654398, 0.000000
15, 60, 2, 0, 1, 1, -1, 0, 0.609282, 0.952890
15, 61, 4, 0, 1, 1, -1, 0, 0.581566, 1.059667
15, 62, 5, 6, 1, 1, 1, 1, 0.850457, 0.416215
15, 63, 6, 4, 1, 1, 1, -1, 0.741970, 0.378410
15, 64, 5, 0, 1, 1, 1, 0, 0.681525, 0.570182
15, 65, 5, 0, 1, 3, -1, 0, 0.763751, 0.000000
15, 66, 2, 5, 1, -1, -1, 1, 0.689284, 1.001207
15, 67, 5, 0, 1, 1, -1, 0, 0.633648, 0.553412
15, 68, 6, 0, 0, 3, 1, 0, 0.780184, 1.785463
15, 69, 2, 0, 0, -1, 1, 0, 0.746772, 0.790647
15, 70, 3, 0, 1, 1, 1, 0, 0.556812, 0.709503
15, 71, 4, 6, 1, 1, -1, -1, 0.728031, 1.084048
15, 72, 1, 0, 1, 1, -1, 0, 0.560464, 0.567987
15, 73, 1, 0, 1, 1, -1, 0, 0.551543, 0.443871
15, 74, 5, 0, 1, 1, -1, 0, 0.548488, 0.371516
15, 75, 3, 0, 1, 1, 1, 0, 0.694859, 0.503068
15, 76, 1, 3, 1, 1, 1, 1, 0.511267, 0.563239
15, 77, 3, 0, 1, 1, 1, 0, 0.628640, 0.402128
15, 78, 6, 3, 1, -1, -1, 1, 1.351064, 1.286508
15, 79, 5, 0, 1, 1, -1, 0, 0.636713, 0.536893
15, 80, 4, 0, 1, 1, -1, 0, 0.773554, 0.383980
15, 81, 1, 4, 1, 3, 1, -1, 0.878662, 0.000000
15, 82, 4, 4, 0, -1, -1, 1, 0.947335, 1.023033
15, 83, 4, 5, 1, -1, -1, 1, 0.607402, 0.899387
15, 84, 1, 3, 1, -1, -1, 1, 1.025094, 0.971806
15, 85, 5, 2, 1, 1, -1, 1, 1.043840, 0.766602
15, 86, 4, 5, 0, -1, 1, 1, 0.569517, 0.936010
15, 87, 4, 4, 1, 1, 1, -1, 0.613799, 1.406324
15, 88, 3, 0, 0, 3, 1, 0, 0.722505, 1.559236
15, 89, 6, 2, 1, 1, -1, -1, 0.696607, 2.405021
15, 90, 3, 6, 1, 1, -1, 1, 0.872904, 0.772761
15, 91, 6, 5, 1, -1, 1, 1, 0.810141, 2.562179
15, 92, 3, 0, 1, 1, 1, 0, 0.691339, 0.529274
15, 93, 2, 0, 1, 1, -1, 0, 0.637934, 0.491523
15, 94, 2, 4, 1, 1, -1, -1, 0.721878, 0.471293
15, 95, 5, 0, 1, 1, 1, 0, 0.536995, 0.370504
15, 96, 5, 0, 1, 1, 1, 0, 0.510391, 0.469762
15, 97, 3, 0, 1, 1, -1, 0, 0.575837, 0.370311
15, 98, 3, 0, 1, 1, 1, 0, 0.589317, 0.429683
15, 99, 1, 6, 1, 1, -1, -1, 0.747300, 0.543716
15, 100, 3, 3, 1, 1, -1, 1, 0.743082, 0.430648
15, 101, 5, 0, 1, 1, 1, 0, 0.761212, 0.436479
15, 102, 6, 4, 1, 1, -1, 1, 0.741498, 0.366308
15, 103, 6, 0, 1, 1, 1, 0, 0.604743, 0.405638
15, 104, 1, 5, 1, 1, 1, -1, 0.635429, 0.319478
15, 105, 1, 0, 1, 1, -1, 0, 0.424304, 0.365801
15, 107, 2, 0, 1, 1, 1, 0, 0.657142, 0.561429
15, 108, 2, 5, 1, 1, 1, 1, 0.861899, 0.365442
15, 109, 4, 5, 1, 1, 1, -1, 0.738651, 0.949315
15, 110, 4, 0, 1, 1, 1, 0, 0.663145, 0.531241
15, 111, 3, 0, 1, 1, -1, 0, 0.768216, 0.998289
15, 112, 4, 0, 1, 1, -1, 0, 0.905057, 0.482266
15, 113, 3, 0, 1, 1, 1, 0, 0.815770, 0.465295
15, 114, 3, 0, 1, 3, -1, 0, 0.590873, 0.000000
15, 115, 4, 5, 1, 1, -1, -1, 0.898638, 1.373629
15, 116, 1, 0, 1, 1, 1, 0, 0.675621, 0.674724
15, 117, 5, 0, 1, 1, 1, 0, 1.037311, 0.694877
15, 118, 2, 3, 1, 1, 1, -1, 0.834910, 0.566385
15, 119, 5, 0, 1, 1, -1, 0, 0.675503, 0.623839
15, 120, 5, 0, 1, 3, 1, 0, 0.709275, 0.000000
15, 121, 4, 0, 1, 3, 1, 0, 0.600893, 0.000000
15, 122, 4, 0, 1, 1, -1, 0, 0.685532, 0.681155
15, 123, 2, 2, 1, 1, 1, 1, 0.664041, 0.503857
15, 124, 3, 0, 0, 1, -1, 0, 0.655267, 0.800280
15, 125, 2, 0, 1, 1, -1, 0, 0.668467, 0.729601
15, 126, 1, 0, 1, 1, -1, 0, 0.701974, 0.581166
15, 127, 6, 0, 1, 1, 1, 0, 1.011861, 0.536902
15, 128, 6, 3, 1, 1, 1, -1, 0.827951, 1.791735
15, 129, 4, 5, 1, -1, -1, 1, 0.886552, 0.690551
15, 130, 2, 0, 1, 1, 1, 0, 0.779872, 0.457630
15, 131, 2, 6, 1, 1, -1, -1, 0.791807, 0.515576
15, 132, 5, 3, 1, -1, -1, 1, 0.628784, 0.463092
15, 133, 3, 0, 1, 1, 1, 0, 0.951638, 0.715937
15, 134, 1, 3, 1, 1, 1, 1, 0.759088, 0.549222
15, 135, 4, 0, 1, 1, 1, 0, 0.714655, 0.864860
15, 136, 1, 0, 1, 1, -1, 0, 0.729463, 0.742393
15, 137, 6, 3, 1, -1, 1, -1, 0.819694, 0.661241
15, 138, 6, 6, 1, 1, 1, 1, 1.219541, 0.815544
15, 139, 2, 0, 1, 3, -1, 0, 0.796278, 0.000000
15, 140, 5, 6, 1, 1, -1, 1, 1.143172, 0.898911
15, 141, 2, 0, 1, 1, 1, 0, 0.767519, 0.483162
15, 142, 3, 0, 1, 1, 1, 0, 0.961186, 0.542076
15, 143, 3, 6, 1, 1, 1, -1, 1.195352, 1.579008
15, 144, 4, 6, 1, 1, 1, 1, 1.221876, 0.410296
15, 145, 4, 0, 1, 1, -1, 0, 0.590670, 0.601816
15, 146, 1, 0, 1, 1, -1, 0, 0.693670, 1.128381
15, 147, 2, 2, 1, 1, 1, 1, 1.133278, 0.501935
15, 148, 6, 6, 1, -1, 1, 1, 1.079742, 0.456723
15, 149, 4, 3, 1, -1, -1, -1, 0.648771, 0.928039
15, 150, 5, 2, 1, 1, 1, -1, 0.834066, 0.755344
15, 151, 3, 0, 1, 1, -1, 0, 0.628706, 0.602138
15, 152, 5, 6, 1, -1, 1, -1, 0.906524, 0.731054
15, 153, 3, 0, 1, 1, -1, 0, 1.016416, 0.548441
15, 154, 3, 0, 1, 1, 1, 0, 0.812040, 0.436442
15, 155, 1, 4, 1, -1, 1, 1, 0.816989, 0.457590
15, 156, 5, 0, 1, 1, -1, 0, 0.775158, 0.568529
15, 157, 1, 0, 1, 1, 1, 0, 0.722693, 0.345350
15, 158, 4, 0, 1, 1, 1, 0, 0.655098, 0.351858
15, 159, 4, 4, 0, -1, 1, 1, 0.992272, 1.287708
15, 160, 2, 0, 1, 1, -1, 0, 0.616525, 0.628509
15, 161, 2, 0, 1, 1, -1, 0, 0.670212, 0.463354
15, 162, 5, 0, 1, 1, -1, 0, 0.775647, 0.391472
15, 163, 2, 4, 1, 1, 1, 1, 0.733721, 0.371637
15, 164, 3, 6, 1, 1, -1, -1, 0.927878, 0.677062
15, 165, 6, 4, 1, -1, 1, -1, 0.841654, 0.403394
15, 166, 4, 3, 0, 1, 1, -1, 0.668232, 0.489521
15, 167, 1, 4, 1, 1, 1, 1, 0.626056, 0.489187
15, 168, 1, 6, 1, 1, 1, 1, 0.776246, 0.319190
15, 169, 3, 0, 1, 1, -1, 0, 0.688912, 0.382701
15, 170, 1, 0, 1, 1, -1, 0, 0.675033, 0.529321
15, 171, 5, 5, 1, 1, 1, -1, 1.000541, 0.390285
15, 172, 5, 5, 1, 1, 1, 1, 0.901084, 0.390071
15, 173, 3, 0, 1, 1, -1, 0, 0.803036, 0.509703
15, 174, 2, 1, 1, 1, -1, -1, 1.105620, 0.391075
15, 175, 5, 3, 1, 1, 1, 1, 0.717109, 0.503829
15, 176, 6, 0, 1, 1, -1, 0, 0.660587, 0.504609
15, 177, 4, 4, 1, 1, -1, -1, 0.769726, 0.445287
15, 178, 1, 1, 1, 1, -1, 1, 0.688778, 0.390604
15, 179, 5, 2, 1, 1, -1, -1, 1.083660, 0.351166
15, 180, 1, 0, 1, 1, 1, 0, 0.746339, 0.398875
15, 181, 6, 1, 1, -1, 1, 1, 1.211661, 0.425007
15, 182, 3, 0, 1, 1, 1, 0, 1.047714, 0.277335
15, 183, 1, 5, 1, 1, -1, 1, 1.040163, 0.581672
15, 184, 3, 1, 1, 1, 1, 1, 1.085641, 0.293206
15, 185, 1, 0, 1, 1, 1, 0, 0.734299, 0.390041
15, 186, 1, 4, 1, 1, -1, 1, 0.819073, 0.489620
15, 187, 1, 2, 1, 1, 1, 1, 0.912181, 0.546881
15, 188, 1, 1, 1, 1, 1, 1, 0.812256, 0.508394
15, 189, 2, 0, 1, 1, 1, 0, 0.729099, 0.578287
15, 190, 3, 1, 1, 1, 1, -1, 0.896179, 0.450115
15, 191, 3, 0, 1, 1, 1, 0, 0.788572, 0.411499
15, 192, 5, 0, 1, 1, -1, 0, 0.700789, 0.488998
15, 193, 4, 0, 1, 1, -1, 0, 1.338682, 0.399104
15, 194, 5, 1, 1, 1, 1, -1, 0.641535, 0.476258
15, 195, 1, 4, 1, 1, -1, -1, 0.908246, 0.496419
15, 196, 1, 0, 1, 1, 1, 0, 0.775508, 0.576610
15, 197, 5, 4, 1, 1, 1, 1, 0.966878, 0.443352
15, 198, 5, 2, 1, 1, -1, -1, 0.820200, 0.391752
15, 200, 4, 0, 1, 1, -1, 0, 0.875719, 0.757735
15, 201, 1, 0, 1, 1, -1, 0, 0.940601, 0.524324
15, 203, 5, 0, 1, 1, 1, 0, 0.683953, 0.250947
15, 204, 2, 0, 1, 1, -1, 0, 0.697225, 0.392483
15, 205, 6, 3, 1, 1, -1, -1, 1.426364, 0.309319
15, 206, 6, 0, 1, 1, 1, 0, 0.761393, 0.534928
15, 207, 5, 5, 1, 1, -1, 1, 0.703122, 0.378520
15, 208, 2, 0, 1, 1, 1, 0, 0.486789, 0.331103
15, 209, 4, 0, 1, 1, 1, 0, 0.629980, 0.371582
15, 210, 5, 4, 1, 1, 1, -1, 0.859716, 0.443982
15, 211, 4, 0, 1, 1, -1, 0, 0.898237, 0.634449
15, 212, 5, 1, 1, 1, 1, 1, 1.054491, 0.714022
15, 213, 1, 5, 1, 1, -1, -1, 0.924570, 0.383948
15, 214, 5, 0, 1, 1, -1, 0, 0.916490, 0.418659
15, 215, 1, 0, 1, 1, 1, 0, 0.684043, 0.470784
15, 216, 3, 0, 1, 1, -1, 0, 0.835498, 0.531362
15, 217, 2, 1, 1, 1, -1, 1, 0.900147, 0.488093
15, 218, 3, 0, 1, 1, -1, 0, 0.955526, 0.397063
15, 221, 6, 0, 1, 1, -1, 0, 0.838580, 1.512583
15, 222, 4, 6, 1, 1, -1, 1, 0.987201, 0.384900
15, 223, 5, 3, 1, 1, 1, -1, 0.826853, 0.409817
15, 224, 5, 0, 1, 1, -1, 0, 0.818238, 0.329822
15, 225, 3, 2, 1, 1, 1, 1, 1.293585, 0.530123
15, 226, 5, 0, 1, 1, 1, 0, 0.737697, 0.390665
15, 227, 5, 5, 1, 1, -1, 1, 0.892663, 0.581547
15, 228, 6, 0, 1, 1, 1, 0, 0.944258, 0.746946
15, 229, 3, 0, 1, 1, -1, 0, 0.978966, 3.243406
15, 230, 4, 0, 1, 1, 1, 0, 0.752891, 0.754519
15, 231, 2, 4, 1, 1, 1, 1, 0.663340, 0.457730
15, 232, 5, 5, 1, 1, -1, -1, 0.829592, 0.425833
15, 233, 6, 0, 1, 1, -1, 0, 0.952367, 0.567842
15, 234, 4, 2, 1, -1, -1, 1, 1.343918, 0.756266
15, 235, 6, 0, 1, 1, -1, 0, 0.673821, 0.646406
15, 236, 6, 0, 1, 1, 1, 0, 0.641835, 0.316376
15, 237, 4, 0, 1, 1, 1, 0, 0.714953, 0.563022
15, 238, 3, 0, 1, 1, 1, 0, 0.775915, 0.583415
15, 239, 6, 0, 1, 1, -1, 0, 0.720902, 0.977536
15, 241, 4, 5, 1, -1, 1, 1, 0.998168, 0.331122
15, 242, 4, 0, 1, 1, -1, 0, 0.759834, 0.502466
15, 243, 5, 0, 1, 1, -1, 0, 0.785810, 0.370113
15, 244, 4, 2, 1, 1, -1, -1, 0.979494, 0.344208
15, 245, 4, 0, 1, 1, 1, 0, 0.807946, 0.411877
15, 246, 4, 1, 1, 1, 1, -1, 0.920331, 0.517712
15, 247, 6, 6, 1, 1, 1, -1, 0.822111, 0.470525
15, 248, 4, 0, 1, 1, 1, 0, 0.628718, 0.912215
15, 249, 2, 4, 1, 1, -1, -1, 0.763994, 2.932621
15, 250, 2, 0, 1, 3, 1, 0, 1.010280, 1.315536
15, 251, 4, 6, 1, 1, 1, -1, 0.938313, 0.628039
15, 252, 2, 0, 1, 1, 1, 0, 0.668615, 0.343581
15, 253, 1, 0, 1, 1, -1, 0, 0.648204, 0.495664
15, 254, 5, 0, 1, 1, -1, 0, 0.579938, 0.376596
15, 255, 1, 3, 1, 1, -1, -1, 1.255670, 0.271914
15, 256, 4, 0, 1, 1, 1, 0, 0.744219, 0.326238
15, 257, 2, 3, 1, 1, -1, 1, 0.970123, 0.311223
15, 258, 3, 0, 1, 1, -1, 0, 0.766396, 0.475613
15, 259, 6, 0, 1, 1, -1, 0, 0.743709, 0.604023
15, 260, 6, 1, 1, 1, 1, 1, 0.950079, 0.332220
15, 261, 2, 0, 1, 1, 1, 0, 0.648177, 0.390238
15, 262, 5, 1, 1, 1, -1, -1, 0.709241, 0.351903
15, 263, 4, 6, 1, 1, -1, -1, 0.650131, 0.434918
15, 264, 6, 4, 1, 1, -1, -1, 0.707520, 0.435928
15, 265, 5, 1, 1, 1, -1, 1, 0.657528, 0.445051
15, 266, 1, 0, 1, 1, -1, 0, 0.790159, 0.350819
15, 267, 3, 2, 1, 1, 1, -1, 0.827594, 0.443472
15, 268, 4, 0, 1, 1, 1, 0, 0.832469, 0.509772
15, 269, 3, 0, 1, 1, 1, 0, 0.622626, 0.304960
15, 270, 5, 0, 1, 1, -1, 0, 0.689053, 0.517237
15, 271, 5, 4, 1, 1, 1, 1, 1.026433, 0.356150
15, 272, 6, 0, 1, 1, -1, 0, 0.766903, 0.464179
15, 273, 5, 0, 1, 1, 1, 0, 0.733220, 0.343161
15, 274, 5, 1, 1, 1, 1, -1, 0.993606, 0.303931
15, 275, 6, 4, 1, 1, 1, 1, 0.872854, 0.324385
15, 276, 4, 0, 1, 1, 1, 0, 0.735168, 0.478293
15, 277, 6, 6, 1, 1, 1, -1, 0.695416, 0.338678
15, 278, 2, 0, 1, 1, -1, 0, 0.761136, 0.503502
15, 280, 6, 0, 1, 1, 1, 0, 0.741729, 0.397500
15, 281, 6, 0, 1, 3, 1, 0, 0.670545, 0.919197
15, 282, 3, 0, 1, 1, 1, 0, 0.790145, 0.762202
15, 283, 6, 0, 1, 1, -1, 0, 0.694476, 1.657086
15, 284, 3, 2, 1, 1, -1, -1, 1.042035, 0.339007
15, 285, 3, 0, 0, 1, 1, 0, 0.922623, 0.663161
15, 286, 6, 6, 1, 1, -1, 1, 0.940376, 0.570964
15, 287, 2, 0, 1, 1, -1, 0, 0.851544, 0.915146
15, 288, 2, 6, 1, 1, 1, 1, 0.655308, 0.497499
15, 289, 6, 0, 1, 1, -1, 0, 0.708075, 0.734374
15, 290, 1, 0, 1, 1, 1, 0, 0.906465, 1.005460
15, 291, 1, 2, 1, 1, -1, -1, 0.702274, 0.432675
15, 292, 4, 0, 1, 1, -1, 0, 0.763198, 0.378865
15, 293, 6, 4, 1, 1, 1, 1, 0.966105, 0.608146
15, 294, 6, 5, 1, 1, 1, -1, 0.783143, 0.351240
15, 295, 5, 0, 1, 1, 1, 0, 0.714651, 0.284647
15, 296, 4, 3, 1, 1, -1, 1, 0.820131, 0.324868
15, 297, 1, 6, 1, 1, -1, 1, 0.792668, 0.338075
15, 298, 6, 0, 1, 1, 1, 0, 0.755700, 0.537876
15, 299, 6, 1, 1, 1, 1, -1, 1.056306, 0.704452
15, 300, 5, 6, 1, 1, -1, -1, 1.077528, 0.484116
15, 301, 1, 3, 1, 1, -1, -1, 0.939203, 0.304220
15, 302, 1, 0, 1, 1, 1, 0, 0.571182, 0.199917
15, 303, 6, 2, 1, -1, 1, -1, 1.413254, 0.980664
15, 304, 6, 0, 1, 1, -1, 0, 0.670038, 0.921616
15, 305, 2, 4, 1, 1, -1, 1, 1.138853, 0.172552
15, 306, 4, 4, 1, -1, 1, 1, 0.933970, 0.835945
15, 307, 3, 1, 1, 1, -1, 1, 0.986017, 0.764588
15, 308, 6, 2, 0, -1, -1, -1, 0.952112, 0.845914
15, 309, 3, 2, 1, 1, -1, -1, 1.043411, 0.594305
15, 310, 3, 3, 1, 1, -1, -1, 1.038424, 0.418564
15, 311, 2, 0, 1, 1, -1, 0, 0.770168, 0.359367
15, 312, 2, 2, 1, 1, -1, -1, 1.019608, 0.298401
15, 313, 3, 0, 1, 1, 1, 0, 0.821304, 0.324742
15, 314, 3, 0, 1, 1, 1, 0, 0.797699, 0.304629
15, 315, 6, 0, 1, 1, 1, 0, 0.707915, 0.325390
15, 316, 6, 0, 1, 1, -1, 0, 0.827083, 0.291203
15, 317, 1, 0, 1, 1, 1, 0, 0.767413, 0.276973
15, 318, 2, 0, 1, 1, -1, 0, 1.098691, 0.285254
15, 319, 4, 0, 1, 1, -1, 0, 0.846421, 0.357189
15, 320, 6, 0, 1, 1, 1, 0, 0.843094, 0.397938
15, 321, 6, 3, 1, 1, 1, 1, 0.760015, 0.396124
15, 322, 1, 4, 1, 1, -1, 1, 1.019796, 0.312723
15, 323, 2, 3, 1, 1, -1, -1, 0.866417, 0.758458
15, 324, 6, 0, 1, 1, 1, 0, 0.747589, 0.515654
15, 325, 1, 0, 1, 3, 1, 0, 0.822999, 2.621888
15, 326, 3, 5, 1, 1, 1, 1, 1.253303, 0.362840
15, 327, 6, 3, 1, 1, -1, -1, 0.852418, 0.303464
15, 328, 4, 3, 1, -1, 1, 1, 1.493171, 0.449686
15, 330, 3, 0, 1, 1, 1, 0, 1.098517, 0.272987
15, 331, 5, 0, 1, 1, 1, 0, 0.875171, 0.847195
15, 332, 5, 4, 1, 1, 1, -1, 0.899987, 0.329652
15, 333, 4, 0, 1, 1, 1, 0, 0.769153, 0.818773
15, 334, 4, 0, 1, 1, -1, 0, 0.689310, 0.403460
15, 335, 1, 0, 1, 1, -1, 0, 1.061011, 0.298300
15, 336, 3, 3, 1, 1, 1, 1, 1.150904, 0.441401
15, 337, 6, 1, 1, 1, -1, 1, 1.024202, 0.436614
15, 338, 6, 1, 1, 1, 1, -1, 0.969897, 0.298968
15, 339, 1, 0, 1, 1, -1, 0, 1.060893, 0.311184
15, 340, 2, 0, 1, 1, 1, 0, 0.774097, 0.351177
15, 341, 4, 2, 1, 1, -1, -1, 1.238157, 0.324388
15, 342, 1, 1, 1, -1, -1, -1, 1.044525, 0.555143
15, 343, 2, 5, 1, 1, -1, -1, 0.922015, 0.364292
15, 344, 3, 0, 1, 1, 1, 0, 1.179374, 0.317914
15, 345, 1, 6, 1, 1, -1, 1, 1.016522, 0.336236
15, 346, 2, 5, 1, 1, -1, 1, 0.947395, 0.358533
15, 347, 6, 5, 0, -1, -1, -1, 1.387161, 1.189184
15, 348, 2, 4, 1, 1, 1, -1, 0.674948, 0.469715
15, 349, 2, 3, 0, -1, -1, -1, 0.741092, 0.614860
15, 350, 6, 2, 1, 1, -1, 1, 1.134927, 0.318019
15, 351, 2, 0, 1, 1, 1, 0, 0.756792, 0.564776
15, 352, 5, 0, 1, 1, -1, 0, 0.641764, 0.357817
15, 353, 4, 0, 1, 1, 1, 0, 0.714838, 0.298303
15, 354, 6, 2, 1, -1, 1, -1, 1.156979, 0.483545
15, 355, 1, 0, 1, 1, 1, 0, 0.597776, 0.239020
15, 356, 6, 6, 1, 1, -1, -1, 0.667631, 0.185994
15, 357, 4, 2, 1, 1, 1, -1, 0.628540, 0.231396
15, 358, 5, 0, 0, -1, 1, 0, 0.496193, 0.514745
15, 359, 3, 5, 1, 1, -1, 1, 0.781345, 0.245465
15, 360, 4, 3, 1, 1, 1, -1, 0.641147, 0.220217
15, 361, 4, 4, 1, 1, -1, -1, 0.503443, 0.139334
15, 362, 5, 0, 1, 3, 1, 0, 0.595325, 0.351522
15, 363, 6, 2, 1, -1, 1, 1, 0.614053, 0.322316
15, 364, 5, 0, 1, 1, -1, 0, 0.391664, 0.166697
15, 365, 2, 0, 0, -1, -1, 0, 0.369068, 0.641347
15, 366, 4, 1, 1, 1, -1, -1, 0.560496, 0.192139
15, 367, 6, 0, 0, -1, -1, 0, 0.570030, 0.529622
15, 368, 5, 0, 1, 1, -1, 0, 0.463305, 0.146554
15, 369, 5, 0, 1, 1, 1, 0, 0.615541, 0.205784
15, 370, 3, 1, 1, 1, -1, 1, 0.872940, 0.742615
15, 371, 6, 6, 1, 1, -1, -1, 0.766710, 0.497122
15, 373, 3, 5, 1, -1, 1, 1, 0.681880, 0.667169
15, 374, 6, 5, 1, -1, 1, -1, 0.727594, 0.542768
15, 375, 1, 0, 1, 1, 1, 0, 0.663155, 0.192764
15, 376, 6, 0, 1, 1, -1, 0, 0.594760, 0.126423
15, 377, 1, 0, 1, 1, 1, 0, 0.674956, 0.246659
15, 378, 1, 5, 1, 1, -1, 1, 0.780768, 0.238699
15, 379, 1, 0, 1, 1, 1, 0, 0.595249, 0.199389
15, 380, 1, 0, 1, 1, -1, 0, 0.505201, 0.220287
15, 381, 5, 0, 1, 1, 1, 0, 0.522301, 0.185924
15, 382, 3, 6, 0, -1, 1, 1, 0.664193, 0.609206
15, 383, 6, 0, 1, 1, 1, 0, 0.589163, 0.193112
15, 384, 4, 0, 1, -1, -1, 0, 0.794463, 0.636457
15, 385, 3, 5, 1, -1, -1, 1, 1.095090, 0.159851
15, 386, 2, 6, 1, -1, 1, -1, 0.855348, 1.235756
15, 387, 3, 0, 1, 1, -1, 0, 0.815771, 0.246305
15, 388, 1, 0, 1, 1, 1, 0, 0.581948, 0.172614
15, 389, 3, 3, 1, -1, 1, 1, 0.919933, 0.225497
15, 390, 4, 1, 1, -1, -1, 1, 0.793162, 0.304094
15, 391, 5, 3, 1, 1, -1, -1, 0.628643, 0.740059
15, 392, 4, 4, 1, 3, 1, -1, 0.701307, 0.473662
15, 393, 3, 6, 1, -1, -1, -1, 0.824609, 0.740789
15, 394, 4, 0, 1, 1, -1, 0, 0.530632, 0.657025
15, 395, 3, 0, 1, 1, -1, 0, 0.715986, 0.431713
15, 396, 1, 5, 1, 1, -1, -1, 0.721919, 0.365743
15, 397, 6, 0, 1, 1, -1, 0, 0.880982, 0.491008
15, 398, 4, 0, 1, 1, -1, 0, 0.599714, 0.305427
15, 399, 3, 5, 1, 1, 1, -1, 0.656273, 0.351928
15, 400, 5, 5, 1, 1, 1, -1, 0.714514, 0.402594
15, 401, 1, 0, 1, 1, 1, 0, 0.520848, 0.450101
15, 402, 5, 0, 1, 1, -1, 0, 0.397682, 0.230731
15, 403, 5, 0, 1, 1, 1, 0, 0.541861, 0.193377
15, 404, 6, 0, 1, 1, 1, 0, 0.522665, 0.186216
15, 405, 5, 1, 1, 1, -1, -1, 0.628428, 0.132664
15, 406, 4, 2, 1, 1, 1, 1, 0.955938, 0.067042
15, 407, 4, 0, 1, 1, 1, 0, 1.072973, 0.112769
15, 408, 1, 0, 1, 1, -1, 0, 0.640730, 0.099542
15, 409, 1, 0, 1, 1, -1, 0, 0.574718, 0.133158
15, 410, 2, 3, 1, 1, 1, -1, 0.636153, 0.093480
15, 411, 2, 0, 1, 1, 1, 0, 0.582729, 0.185719
15, 412, 1, 2, 1, 1, -1, -1, 0.550957, 0.186008
15, 413, 6, 0, 1, 1, -1, 0, 0.636242, 0.159697
15, 414, 5, 0, 1, 1, 1, 0, 0.542724, 0.191893
15, 415, 2, 0, 1, 1, 1, 0, 0.483163, 0.152600
15, 416, 1, 1, 1, 1, 1, -1, 0.764997, 0.185711
15, 417, 3, 1, 1, 1, 1, 1, 0.668903, 0.246384
15, 418, 6, 0, 1, 1, 1, 0, 0.567817, 0.224576
15, 419, 2, 0, 1, 1, -1, 0, 0.538008, 0.139720
15, 420, 5, 6, 1, 1, 1, -1, 0.700555, 0.218468
15, 421, 1, 6, 1, 1, 1, -1, 0.616142, 0.199809
15, 422, 2, 3, 1, 1, 1, 1, 0.436548, 0.219152
15, 423, 6, 1, 1, 1, -1, 1, 0.648761, 0.211418
15, 424, 2, 5, 0, -1, -1, -1, 0.573272, 0.562543
15, 425, 2, 0, 1, 1, -1, 0, 0.584020, 0.298810
15, 426, 2, 5, 1, -1, 1, -1, 0.699725, 0.306218
15, 427, 3, 4, 1, 1, -1, -1, 0.788559, 0.273079
15, 428, 6, 5, 1, -1, -1, 1, 1.313860, 0.930926
15, 429, 2, 1, 1, 1, 1, -1, 0.608478, 0.306219
15, 430, 4, 0, 1, 1, 1, 0, 0.695066, 0.251835
15, 431, 3, 6, 1, 1, -1, 1, 0.806128, 1.102150
15, 432, 6, 1, 0, -1, -1, -1, 0.808992, 1.523257
15, 433, 2, 0, 1, 1, -1, 0, 0.658812, 0.232637
15, 434, 2, 0, 1, 1, -1, 0, 0.739500, 0.145707
15, 435, 6, 0, 1, 1, -1, 0, 1.001734, 0.073568
15, 436, 3, 4, 1, 1, -1, -1, 0.912867, 0.211410
15, 437, 2, 5, 1, 1, 1, 1, 0.721366, 0.232782
15, 438, 1, 3, 1, 1, 1, -1, 0.730712, 0.212356
15, 439, 4, 2, 1, 1, -1, 1, 0.747984, 0.240535
15, 440, 6, 0, 1, 1, -1, 0, 0.718990, 0.265251
15, 441, 4, 6, 1, 1, 1, -1, 0.687878, 0.246662
15, 442, 1, 2, 1, 1, -1, 1, 0.708462, 0.218766
15, 443, 3, 0, 1, 1, -1, 0, 0.709427, 0.258798
15, 444, 5, 3, 1, 1, 1, -1, 0.714523, 0.237496
15, 445, 3, 5, 1, 1, 1, -1, 0.761998, 0.270552
15, 446, 5, 2, 1, 1, 1, 1, 0.648663, 0.285413
15, 447, 1, 5, 1, 1, 1, 1, 0.807753, 0.292371
15, 448, 5, 0, 1, 1, 1, 0, 0.561893, 0.251919
15, 449, 2, 0, 1, 3, -1, 0, 0.839384, 0.734048
15, 450, 6, 0, 1, 3, 1, 0, 0.799756, 0.794455
15, 451, 4, 0, 1, 1, -1, 0, 0.952175, 0.359584
15, 452, 5, 1, 1, 1, 1, 1, 0.601319, 0.259152
15, 453, 6, 2, 1, 1, 1, 1, 0.602541, 0.252131
15, 454, 5, 2, 1, 1, 1, 1, 0.964433, 0.271539
15, 455, 5, 0, 1, 1, -1, 0, 0.926937, 0.284891
15, 456, 1, 1, 1, 1, 1, -1, 0.729061, 0.538036
15, 457, 5, 3, 1, 1, 1, 1, 0.632779, 0.285935
15, 458, 5, 3, 1, 1, -1, -1, 0.728064, 0.239008
15, 459, 2, 0, 1, 1, 1, 0, 0.456559, 0.225868
15, 460, 2, 2, 1, 1, 1, -1, 0.548320, 0.238775
15, 461, 5, 6, 1, 1, -1, 1, 0.862514, 0.206469
15, 462, 6, 0, 1, 1, 1, 0, 0.810019, 0.456155
15, 463, 4, 1, 1, 1, -1, -1, 0.822623, 0.205519
15, 464, 2, 6, 1, 1, -1, -1, 0.742215, 0.139936
15, 465, 4, 0, 1, 1, -1, 0, 0.608538, 0.197799
15, 466, 2, 0, 1, 1, 1, 0, 0.450211, 0.220634
15, 467, 2, 3, 1, 1, -1, 1, 0.905341, 0.198906
15, 468, 1, 0, 1, 1, 1, 0, 0.801671, 0.232796
15, 469, 6, 0, 1, 1, 1, 0, 0.799136, 0.284933
15, 470, 1, 0, 1, 1, 1, 0, 0.656119, 0.219465
15, 471, 4, 0, 1, 1, -1, 0, 0.681957, 0.231487
15, 472, 5, 5, 1, 1, -1, -1, 1.122064, 0.277688
15, 473, 5, 1, 1, 1, -1, 1, 0.912149, 0.251121
15, 474, 4, 1, 1, 1, 1, -1, 0.807524, 0.277517
15, 475, 3, 1, 1, 1, 1, -1, 0.901042, 0.253309
15, 476, 5, 0, 1, 1, -1, 0, 0.852128, 0.251827
15, 477, 6, 3, 1, 1, 1, 1, 0.742656, 0.271449
15, 478, 4, 0, 1, 1, 1, 0, 0.879800, 0.304607
15, 479, 3, 3, 1, 1, 1, -1, 1.022759, 0.278630
15, 480, 6, 1, 1, -1, -1, -1, 0.878455, 0.415401
15, 481, 5, 0, 1, 1, 1, 0, 0.990406, 0.585873
15, 482, 1, 0, 1, 1, -1, 0, 0.785331, 0.285540
15, 483, 4, 0, 1, 1, 1, 0, 0.748472, 0.597327
15, 484, 1, 2, 1, 1, 1, -1, 0.702179, 0.299066
15, 485, 6, 0, 1, 1, 1, 0, 0.800972, 0.351644
15, 486, 1, 0, 1, 1, -1, 0, 0.675945, 0.251101
15, 487, 4, 1, 1, 1, -1, 1, 0.900709, 0.324047
15, 489, 1, 0, 1, 1, 1, 0, 1.206075, 0.251680
15, 490, 3, 4, 1, -1, 1, 1, 1.213445, 0.232371
15, 491, 5, 4, 1, 1, -1, 1, 0.832240, 0.349964
15, 492, 1, 0, 1, 1, -1, 0, 0.855733, 0.305435
15, 493, 2, 1, 1, 1, -1, -1, 0.775241, 0.299609
15, 494, 2, 0, 1, 1, 1, 0, 0.780275, 0.332422
15, 495, 6, 0, 1, 1, -1, 0, 0.885468, 0.272021
15, 496, 3, 0, 1, 1, -1, 0, 1.204562, 0.649390
15, 497, 1, 2, 1, 1, 1, -1, 0.768944, 0.364784
15, 498, 1, 6, 1, 1, 1, -1, 0.741964, 0.373051
15, 499, 2, 0, 1, 3, 1, 0, 0.516340, 0.616107
15, 500, 3, 2, 1, -1, 1, -1, 0.802001, 0.304865
15, 501, 5, 4, 1, -1, -1, 1, 0.742100, 0.178621
15, 502, 5, 0, 1, 1, 1, 0, 0.762630, 0.246208
15, 503, 5, 0, 1, 1, -1, 0, 0.742546, 0.206695
15, 504, 2, 2, 1, 1, -1, -1, 0.980146, 0.318474
15, 505, 1, 6, 1, 1, 1, 1, 1.098033, 0.219043
15, 506, 4, 0, 1, 1, -1, 0, 0.749407, 0.238263
15, 507, 1, 2, 1, 1, -1, 1, 0.841930, 0.246786
15, 508, 6, 0, 1, 1, 1, 0, 0.875377, 0.305656
15, 509, 4, 0, 1, 1, -1, 0, 0.841928, 0.456637
15, 510, 2, 6, 1, 1, -1, 1, 0.968540, 0.392004
15, 511, 2, 0, 1, 1, -1, 0, 0.824561, 0.245070
15, 512, 4, 0, 1, 1, -1, 0, 0.541920, 0.257779
15, 513, 4, 0, 1, 1, 1, 0, 0.510134, 0.192889
15, 514, 6, 0, 1, 1, -1, 0, 0.643078, 0.425425
15, 515, 2, 4, 1, 1, 1, -1, 0.615968, 0.291926
15, 516, 4, 1, 1, -1, 1, 1, 0.677012, 0.264606
15, 517, 6, 0, 1, 1, 1, 0, 0.714264, 0.244066
15, 518, 6, 5, 1, 1, 1, 1, 0.879348, 0.258368
15, 519, 6, 0, 1, 1, -1, 0, 0.696960, 0.140295
15, 520, 6, 0, 1, 1, 1, 0, 0.620648, 0.119481
15, 521, 3, 0, 1, 1, -1, 0, 0.861703, 0.192513
15, 522, 3, 0, 1, 1, -1, 0, 0.617164, 0.199707
15, 523, 6, 0, 1, 1, -1, 0, 0.667912, 0.200099
15, 524, 5, 0, 1, 1, 1, 0, 0.629697, 0.233453
15, 525, 1, 0, 1, 1, -1, 0, 0.621113, 0.239441
15, 526, 3, 4, 1, 1, -1, 1, 0.702245, 0.349667
15, 527, 5, 0, 1, 1, 1, 0, 0.661668, 0.496133
15, 528, 1, 5, 1, 1, 1, 1, 0.511643, 0.240470
15, 529, 1, 0, 1, 1, -1, 0, 0.577511, 0.212533
15, 530, 2, 0, 1, 1, -1, 0, 0.597283, 0.212331
15, 531, 1, 1, 1, 1, -1, 1, 0.925279, 0.503535
15, 532, 4, 0, 1, 1, 1, 0, 0.576606, 0.219404
15, 533, 5, 2, 1, 1, 1, -1, 0.703584, 0.186209
15, 534, 2, 0, 1, 1, 1, 0, 0.640518, 0.224943
15, 535, 5, 0, 1, 1, 1, 0, 0.873393, 0.192490
15, 537, 5, 0, 1, 1, -1, 0, 0.616064, 0.450734
15, 538, 5, 0, 0, 3, -1, 0, 0.767042, 0.438339
15, 539, 3, 0, 1, 1, -1, 0, 0.701744, 0.206421
15, 540, 1, 3, 0, -1, -1, 1, 0.680837, 0.668537
15, 541, 2, 0, 1, 1, 1, 0, 0.563632, 0.788215
15, 543, 1, 0, 1, 1, 1, 0, 0.704911, 0.272159
15, 544, 3, 4, 1, -1, -1, 1, 0.857078, 0.614271
15, 545, 2, 4, 1, 1, -1, 1, 0.801178, 0.569705
15, 546, 6, 3, 1, 1, -1, 1, 0.743133, 0.232541
15, 547, 5, 4, 1, 1, -1, -1, 0.674432, 0.159222
15, 548, 4, 3, 1, -1, -1, 1, 0.655386, 0.220058
15, 549, 2, 0, 1, 1, -1, 0, 0.655935, 0.279959
15, 550, 3, 0, 1, 1, 1, 0, 0.813650, 0.508301
15, 551, 3, 1, 1, 1, -1, -1, 0.866295, 0.106850
15, 552, 3, 0, 1, 1, -1, 0, 0.682712, 0.106907
15, 553, 4, 2, 1, -1, 1, -1, 1.347943, 0.588773
15, 554, 3, 0, 1, 1, -1, 0, 0.604104, 0.092821
15, 555, 1, 0, 1, 1, -1, 0, 0.700092, 0.067216
15, 556, 1, 2, 1, 1, 1, 1, 0.789169, 0.073915
15, 557, 1, 0, 1, 1, 1, 0, 0.686006, 0.106352
15, 558, 1, 0, 1, 1, -1, 0, 0.647542, 0.119896
15, 559, 3, 6, 1, 1, 1, -1, 0.897937, 0.120144
15, 560, 3, 0, 1, 1, 1, 0, 0.675645, 0.099768
15, 561, 2, 1, 1, 1, 1, -1, 0.748053, 0.111374
15, 562, 3, 0, 1, 1, -1, 0, 0.674818, 0.126597
15, 563, 2, 0, 1, 1, 1, 0, 0.597049, 0.146814
15, 564, 4, 0, 1, 1, -1, 0, 0.596330, 0.125274
15, 565, 1, 5, 1, -1, 1, -1, 0.600828, 0.317034
15, 566, 3, 2, 1, -1, -1, 1, 0.792854, 0.305306
15, 567, 5, 0, 1, 1, 1, 0, 0.595261, 0.113118
15, 568, 2, 6, 0, -1, 1, 1, 0.629699, 0.437655
15, 569, 6, 0, 1, 1, -1, 0, 0.627203, 0.093362
15, 570, 3, 4, 1, 1, 1, -1, 0.966141, 0.060384
15, 571, 2, 5, 1, 1, 1, -1, 0.631970, 0.066749
15, 572, 2, 6, 1, 1, -1, 1, 0.700786, 0.396974
15, 573, 2, 0, 1, 1, 1, 0, 0.653777, 0.020703
15, 574, 5, 0, 1, 1, -1, 0, 0.417226, 0.073532
15, 575, 3, 6, 0, 3, 1, 1, 0.761063, 0.840912
15, 576, 2, 3, 1, 1, 1, 1, 0.561171, 0.020834
15, 577, 1, 3, 1, 1, 1, -1, 0.530088, 0.126155
15, 578, 5, 3, 1, 1, -1, 1, 0.803539, 0.159874
15, 579, 6, 0, 1, 1, 1, 0, 0.669597, 0.166910
15, 580, 2, 6, 1, 1, 1, -1, 0.660670, 0.073341
15, 581, 3, 3, 1, 1, -1, -1, 0.637525, 0.146867
15, 582, 3, 2, 1, 1, -1, 1, 1.067368, 0.132868
15, 583, 3, 4, 1, -1, 1, 1, 0.860198, 0.179068
15, 584, 1, 6, 1, 1, -1, -1, 0.682038, 0.066905
15, 585, 3, 5, 1, 1, -1, -1, 0.768845, 0.053814
15, 586, 5, 5, 1, -1, 1, 1, 0.807391, 0.312096
15, 587, 3, 2, 1, 1, 1, 1, 0.927134, 0.330901
15, 588, 3, 3, 1, 1, -1, 1, 0.780070, 0.212791
15, 589, 4, 5, 1, -1, 1, -1, 0.763228, 0.139729
15, 590, 3, 5, 1, -1, -1, -1, 0.874415, 0.139596
15, 591, 6, 2, 1, -1, -1, 1, 0.820872, 0.125887
