observer, trial, targLoc, distLoc, targDiscrim, thoughtNoAttCap, tc, dc, RT, TrialTypeRT
12, 1, 2, 0, 1, 1, 1, 0, 1.330631, 7.313926
12, 2, 5, 0, 0, -1, 1, 0, 0.810166, 2.292542
12, 3, 2, 6, 0, 1, -1, 1, 0.834721, 4.988112
12, 4, 5, 4, 0, 1, 1, 1, 1.329026, 1.735497
12, 6, 2, 0, 0, 1, -1, 0, 0.565171, 1.236245
12, 7, 6, 0, 0, 1, -1, 0, 0.863182, 2.413731
12, 8, 6, 0, 0, 1, -1, 0, 0.769975, 1.113385
12, 9, 2, 1, 1, 1, 1, -1, 0.612974, 1.301020
12, 10, 1, 0, 1, 1, 1, 0, 0.526663, 0.743337
12, 11, 1, 0, 1, 1, 1, 0, 0.453580, 0.867945
12, 12, 2, 4, 1, 1, 1, 1, 0.585097, 0.624102
12, 13, 5, 6, 0, 1, 1, -1, 0.876842, 1.081333
12, 14, 4, 0, 0, 3, 1, 0, 0.683340, 0.698024
12, 15, 2, 0, 0, 3, -1, 0, 0.492179, 2.874287
12, 16, 5, 0, 0, 1, 1, 0, 0.612617, 0.925243
12, 17, 5, 0, 0, 1, 1, 0, 0.610663, 0.695424
12, 19, 1, 2, 1, 1, 1, 1, 0.460384, 2.114564
12, 20, 5, 0, 0, 3, 1, 0, 0.586055, 2.855081
12, 21, 6, 5, 0, 1, -1, 1, 1.221670, 1.163184
12, 22, 5, 0, 1, 1, -1, 0, 0.632389, 1.498375
12, 23, 5, 6, 0, 1, 1, -1, 0.883909, 0.789412
12, 24, 6, 0, 0, 1, -1, 0, 0.855540, 2.025819
12, 25, 1, 6, 0, 1, -1, -1, 0.763120, 1.256414
12, 26, 4, 6, 0, 1, 1, 1, 0.769621, 1.556435
12, 27, 5, 6, 0, 1, 1, 1, 0.616482, 1.093586
12, 28, 4, 0, 0, 1, 1, 0, 0.556976, 1.379180
12, 29, 2, 0, 0, 1, -1, 0, 0.518804, 1.209080
12, 30, 3, 5, 0, 1, -1, 1, 0.834853, 1.682711
12, 31, 5, 0, 1, 1, -1, 0, 0.551413, 1.135212
12, 32, 5, 3, 0, 3, 1, 1, 0.910206, 1.574549
12, 34, 3, 0, 0, 1, 1, 0, 0.564715, 1.497399
12, 35, 4, 5, 0, 1, 1, -1, 0.683994, 1.455959
12, 36, 5, 6, 1, 1, -1, 1, 0.550789, 1.164957
12, 37, 3, 4, 0, 1, -1, 1, 1.311338, 1.126582
12, 38, 1, 0, 0, 1, -1, 0, 0.859525, 0.445771
12, 39, 1, 0, 1, 1, 1, 0, 0.457266, 1.679089
12, 40, 5, 0, 1, 3, -1, 0, 0.630403, 0.663709
12, 41, 3, 1, 0, 1, -1, -1, 0.692789, 1.215978
12, 42, 3, 3, 0, 1, -1, -1, 0.956467, 1.065671
12, 43, 6, 1, 0, 1, 1, -1, 1.267665, 1.672238
12, 44, 5, 0, 0, 1, 1, 0, 0.871656, 1.219363
12, 45, 2, 5, 0, 1, -1, -1, 0.763381, 1.129736
12, 46, 6, 1, 0, 1, -1, 1, 1.195035, 0.816480
12, 47, 3, 3, 0, 1, 1, -1, 0.688330, 1.049645
12, 48, 6, 0, 0, 1, 1, 0, 0.616542, 0.863557
12, 49, 6, 0, 0, 1, 1, 0, 0.867869, 1.029768
12, 50, 3, 0, 0, 3, 1, 0, 0.690323, 2.158122
12, 51, 4, 6, 0, 1, 1, -1, 0.692492, 1.510139
12, 52, 5, 0, 1, 1, -1, 0, 0.571712, 0.806099
12, 53, 2, 0, 0, 1, -1, 0, 0.665530, 1.134921
12, 54, 6, 0, 0, 1, 1, 0, 1.029472, 0.853770
12, 55, 2, 6, 0, 1, -1, 1, 0.743718, 0.710634
12, 56, 4, 0, 0, 1, 1, 0, 1.193182, 0.510815
12, 57, 3, 0, 0, 1, -1, 0, 0.605728, 1.138590
12, 58, 5, 0, 0, 1, 1, 0, 1.498362, 1.507528
12, 60, 5, 3, 0, 1, 1, -1, 1.335945, 0.493383
12, 61, 3, 0, 0, 1, -1, 0, 1.203696, 1.088926
12, 62, 6, 0, 0, 1, 1, 0, 0.771214, 0.768767
12, 63, 3, 0, 0, -1, -1, 0, 1.064696, 1.352682
12, 64, 2, 6, 1, 1, 1, -1, 1.474690, 0.771204
12, 65, 2, 6, 1, 1, 1, 1, 0.546240, 1.036962
12, 66, 2, 0, 1, 1, 1, 0, 0.644885, 0.789503
12, 67, 5, 0, 1, 1, -1, 0, 0.659042, 1.385579
12, 68, 4, 0, 0, 1, 1, 0, 1.220494, 0.770856
12, 69, 4, 4, 1, 1, -1, -1, 0.618310, 0.784138
12, 70, 4, 0, 1, 1, -1, 0, 1.187865, 0.538302
12, 72, 5, 1, 0, 1, -1, 1, 1.337861, 0.955688
12, 74, 2, 3, 0, 1, -1, -1, 1.337588, 0.503115
12, 75, 2, 5, 1, 1, 1, 1, 1.147145, 0.781239
12, 76, 4, 6, 1, 1, -1, 1, 0.838662, 1.151255
12, 77, 1, 0, 0, 1, -1, 0, 1.423058, 0.765365
12, 78, 1, 4, 1, 1, 1, 1, 1.302705, 0.686638
12, 79, 3, 0, 0, 1, 1, 0, 0.965714, 1.449124
12, 80, 5, 0, 1, 1, -1, 0, 1.275486, 0.372566
12, 81, 5, 5, 0, 1, 1, -1, 1.140983, 0.695853
12, 82, 5, 1, 0, 1, 1, -1, 1.335858, 0.588839
12, 83, 4, 2, 1, 1, -1, -1, 0.672670, 1.215843
12, 84, 1, 1, 1, 1, 1, 1, 1.042802, 0.706696
12, 85, 6, 0, 0, 1, -1, 0, 0.837615, 1.702344
12, 86, 1, 3, 1, 1, 1, -1, 1.128922, 0.538182
12, 87, 3, 3, 0, 1, 1, 1, 1.153862, 1.186982
12, 88, 6, 4, 0, 1, 1, -1, 1.369754, 1.220727
12, 89, 1, 0, 1, 1, 1, 0, 1.302303, 0.891949
12, 90, 3, 0, 0, 1, 1, 0, 1.167492, 0.766190
12, 91, 5, 0, 1, 1, -1, 0, 0.952881, 0.583342
12, 92, 1, 1, 1, 1, 1, -1, 1.291381, 1.141824
12, 93, 2, 2, 1, 1, 1, 1, 1.006532, 0.650865
12, 94, 6, 6, 0, 1, -1, -1, 1.190311, 0.879814
12, 95, 4, 0, 0, -1, 1, 0, 0.962860, 1.058240
12, 96, 3, 0, 0, 1, 1, 0, 1.139314, 1.145249
12, 98, 3, 5, 0, 1, 1, -1, 0.988693, 1.299676
12, 99, 6, 0, 0, 1, -1, 0, 1.093656, 1.342815
12, 100, 2, 0, 0, 1, -1, 0, 1.252034, 1.496638
12, 101, 6, 6, 0, 1, -1, 1, 1.331037, 0.870071
12, 102, 5, 0, 1, 1, -1, 0, 1.045976, 0.540377
12, 103, 6, 2, 0, 1, -1, 1, 1.276317, 0.838221
12, 104, 1, 6, 1, 1, 1, 1, 1.071130, 0.758165
12, 105, 4, 4, 0, 1, 1, 1, 1.151354, 0.595021
12, 106, 2, 2, 0, 1, -1, 1, 1.085989, 1.453215
12, 107, 6, 0, 0, 1, -1, 0, 1.289963, 0.623174
12, 108, 4, 1, 0, 1, 1, 1, 0.842223, 1.505912
12, 109, 6, 0, 0, 1, -1, 0, 1.188438, 0.433101
12, 110, 6, 2, 0, 1, 1, -1, 1.327620, 0.742891
12, 111, 3, 4, 0, 1, -1, -1, 1.208731, 2.207069
12, 112, 3, 0, 0, 1, -1, 0, 0.663922, 1.491956
12, 113, 5, 0, 1, 1, -1, 0, 0.771687, 1.369631
12, 114, 4, 0, 1, 1, -1, 0, 0.994641, 1.150803
12, 115, 4, 3, 0, 1, 1, 1, 1.077079, 0.673684
12, 116, 4, 3, 0, 1, 1, -1, 1.095890, 0.593219
12, 118, 4, 0, 1, 1, -1, 0, 1.040834, 0.817066
12, 119, 4, 5, 1, 1, -1, 1, 1.141827, 0.676230
12, 120, 5, 0, 0, 1, 1, 0, 0.578139, 1.139281
12, 121, 2, 3, 0, 1, -1, 1, 1.389323, 0.880028
12, 122, 1, 0, 0, 1, -1, 0, 0.927810, 2.138305
12, 123, 4, 0, 1, 1, -1, 0, 0.990078, 0.819449
12, 124, 1, 3, 0, 1, -1, -1, 1.227687, 0.970415
12, 125, 2, 4, 0, 1, -1, 1, 0.923530, 0.573423
12, 126, 5, 2, 0, 1, 1, 1, 1.083485, 0.825272
12, 127, 4, 0, 1, 1, -1, 0, 0.733229, 1.249452
12, 128, 4, 0, 0, 1, 1, 0, 1.061498, 0.391861
12, 129, 5, 0, 0, 1, 1, 0, 0.975588, 0.490024
12, 130, 6, 0, 0, 1, -1, 0, 1.287756, 1.241775
12, 131, 4, 1, 1, 1, -1, -1, 1.103214, 0.973504
12, 132, 5, 4, 1, 1, -1, -1, 1.404161, 0.646971
12, 133, 5, 0, 1, 1, -1, 0, 1.382815, 0.624493
12, 134, 3, 0, 0, 1, 1, 0, 1.095137, 1.215112
12, 135, 1, 0, 1, 1, 1, 0, 1.218579, 1.045494
12, 136, 2, 0, 1, 1, 1, 0, 1.205742, 0.623946
12, 137, 4, 5, 0, 1, -1, -1, 1.201138, 0.718962
12, 138, 5, 1, 0, 1, 1, 1, 1.249031, 0.965394
12, 139, 3, 0, 0, 1, 1, 0, 1.051108, 0.829175
12, 140, 5, 5, 0, 1, 1, 1, 1.380179, 0.955970
12, 141, 6, 1, 0, 1, 1, -1, 1.448281, 0.839289
12, 142, 1, 0, 0, 1, 1, 0, 1.189726, 0.547270
12, 143, 5, 5, 1, 1, -1, 1, 1.058674, 1.698637
12, 144, 6, 0, 0, 1, -1, 0, 0.892758, 1.215143
12, 145, 5, 0, 1, 1, -1, 0, 0.879167, 0.725535
12, 146, 6, 0, 0, 1, -1, 0, 1.156039, 0.557355
12, 147, 3, 6, 0, 1, -1, -1, 1.005600, 1.109424
12, 148, 1, 0, 0, 1, -1, 0, 1.057786, 0.439656
12, 149, 2, 5, 0, 1, -1, -1, 0.917593, 0.367739
12, 150, 4, 6, 0, 1, 1, -1, 0.966124, 1.660232
12, 151, 1, 0, 1, 1, 1, 0, 0.885408, 0.452804
12, 152, 4, 2, 1, 1, -1, -1, 0.995366, 0.445624
12, 153, 1, 0, 0, 1, -1, 0, 0.776933, 0.676401
12, 154, 5, 0, 0, 1, 1, 0, 0.805470, 0.898732
12, 155, 1, 5, 1, 1, 1, 1, 1.047809, 0.584661
12, 156, 5, 0, 0, 1, 1, 0, 1.094857, 0.688219
12, 157, 6, 0, 0, 1, 1, 0, 1.114115, 0.611612
12, 158, 6, 4, 0, 1, 1, 1, 1.497456, 0.578236
12, 159, 1, 0, 1, 1, 1, 0, 0.977209, 0.995484
12, 160, 6, 5, 0, 1, 1, -1, 0.968252, 0.598284
12, 161, 1, 5, 1, 1, 1, 1, 0.982862, 0.650908
12, 162, 6, 0, 0, 1, 1, 0, 1.129769, 0.599482
12, 163, 3, 0, 0, 1, 1, 0, 1.396916, 0.919364
12, 164, 2, 3, 0, 1, -1, -1, 1.098706, 1.043575
12, 165, 5, 3, 1, 1, -1, 1, 1.199841, 0.615875
12, 166, 2, 0, 0, 1, -1, 0, 1.088193, 0.676449
12, 167, 2, 0, 0, 1, -1, 0, 1.157436, 0.846355
12, 168, 1, 2, 0, 1, -1, -1, 1.032000, 0.698391
12, 169, 2, 0, 0, 1, -1, 0, 1.095543, 1.037246
12, 170, 6, 0, 0, 1, 1, 0, 1.022301, 0.551468
12, 171, 1, 6, 1, 1, 1, -1, 1.274676, 0.698477
12, 172, 1, 2, 0, 1, -1, -1, 1.055457, 1.079868
12, 173, 5, 1, 0, 1, 1, 1, 0.947105, 1.483738
12, 174, 1, 0, 1, 1, 1, 0, 1.193788, 0.878280
12, 175, 6, 3, 0, 1, 1, -1, 1.276483, 0.425704
12, 176, 3, 0, 0, 1, 1, 0, 1.107600, 1.351475
12, 177, 5, 0, 0, 1, 1, 0, 1.485771, 0.492526
12, 178, 3, 0, 0, 1, -1, 0, 1.402938, 1.362922
12, 179, 3, 3, 0, 1, -1, 1, 1.050404, 0.971579
12, 180, 6, 2, 0, -1, -1, 1, 1.345819, 1.339366
12, 181, 1, 0, 1, 1, 1, 0, 1.189391, 0.657954
12, 182, 2, 0, 0, 1, -1, 0, 1.109146, 1.458714
12, 183, 4, 5, 1, 1, -1, -1, 1.066844, 1.341112
12, 184, 3, 0, 0, 1, 1, 0, 1.235717, 1.323105
12, 185, 2, 0, 0, 1, -1, 0, 0.902155, 0.798996
12, 186, 3, 2, 0, 1, 1, 1, 1.032792, 1.485978
12, 187, 2, 6, 0, 1, -1, -1, 0.995629, 1.995822
12, 188, 3, 0, 0, 1, -1, 0, 1.322384, 1.012307
12, 189, 4, 4, 1, 1, -1, 1, 1.280507, 0.590886
12, 190, 4, 0, 0, 1, 1, 0, 1.268132, 0.353255
12, 191, 3, 3, 0, 1, 1, 1, 1.326727, 0.657592
12, 192, 6, 0, 0, 1, -1, 0, 1.350947, 0.334086
12, 193, 2, 2, 0, 1, -1, -1, 1.179686, 1.545173
12, 194, 3, 0, 0, 1, 1, 0, 1.192900, 1.383519
12, 195, 6, 0, 0, 1, 1, 0, 1.123391, 1.121433
12, 196, 2, 0, 1, 1, 1, 0, 1.068707, 1.107590
12, 197, 1, 0, 0, 1, -1, 0, 1.069483, 1.202861
12, 198, 2, 0, 1, 1, 1, 0, 1.260646, 0.961991
12, 199, 4, 2, 0, 1, 1, -1, 1.215776, 0.664070
12, 200, 1, 0, 0, 1, -1, 0, 1.314176, 0.511379
12, 201, 5, 1, 1, 1, -1, -1, 1.283659, 0.792911
12, 202, 4, 0, 1, 1, -1, 0, 0.966289, 0.960871
12, 203, 5, 0, 0, 1, 1, 0, 1.160360, 2.039808
12, 204, 6, 0, 0, 1, -1, 0, 1.218752, 1.028324
12, 205, 5, 3, 0, 1, 1, 1, 1.261029, 0.570400
12, 206, 2, 0, 0, 1, -1, 0, 0.842854, 0.571862
12, 207, 2, 6, 1, 1, 1, -1, 0.832145, 1.165124
12, 208, 3, 0, 0, 1, -1, 0, 0.952440, 1.632510
12, 209, 6, 0, 0, 1, 1, 0, 0.972898, 1.349328
12, 210, 1, 2, 1, 1, 1, -1, 1.313745, 0.636362
12, 211, 4, 6, 0, 1, 1, 1, 1.089623, 1.078086
12, 213, 2, 0, 1, 1, 1, 0, 1.108075, 1.181083
12, 214, 1, 0, 1, 1, 1, 0, 1.235500, 0.630700
12, 215, 4, 1, 0, 1, 1, 1, 1.259914, 0.559876
12, 216, 4, 0, 1, 1, -1, 0, 1.215326, 1.196009
12, 217, 4, 0, 1, 1, -1, 0, 1.273259, 1.353242
12, 218, 3, 0, 0, 1, -1, 0, 1.180123, 0.964145
12, 219, 4, 0, 0, 1, 1, 0, 1.075985, 0.393276
12, 220, 6, 1, 0, -1, -1, -1, 1.296040, 0.988376
12, 221, 3, 0, 0, 1, 1, 0, 1.158828, 1.167494
12, 222, 4, 6, 1, -1, -1, -1, 1.344175, 1.452184
12, 223, 1, 3, 1, 1, 1, -1, 1.273322, 1.623265
12, 224, 1, 1, 0, -1, -1, 1, 1.002430, 1.875693
12, 225, 2, 0, 0, 1, -1, 0, 1.332865, 0.540157
12, 226, 1, 0, 0, 1, -1, 0, 0.983786, 0.849327
12, 227, 2, 0, 0, 1, -1, 0, 0.836344, 0.958670
12, 228, 5, 4, 1, 3, -1, -1, 0.937588, 0.711656
12, 229, 3, 3, 0, 1, -1, -1, 0.937481, 1.501916
12, 230, 4, 0, 0, 1, 1, 0, 0.891049, 1.045222
12, 231, 6, 3, 0, 1, 1, 1, 1.381321, 0.893522
12, 232, 5, 0, 1, 1, -1, 0, 1.108509, 1.255736
12, 234, 4, 0, 1, 1, -1, 0, 1.327123, 1.042059
12, 235, 4, 0, 1, 1, -1, 0, 0.864790, 0.988125
12, 236, 1, 0, 1, 1, 1, 0, 0.982602, 0.506821
12, 237, 2, 2, 0, 1, -1, 1, 1.008696, 0.977005
12, 238, 1, 4, 0, 1, -1, -1, 1.023886, 0.639201
12, 239, 4, 0, 0, 1, 1, 0, 1.086083, 0.692896
12, 240, 6, 0, 0, 1, 1, 0, 1.276469, 0.559492
12, 241, 2, 0, 1, 1, 1, 0, 0.865531, 1.277939
12, 242, 5, 0, 0, 1, 1, 0, 0.716490, 0.889956
12, 243, 5, 5, 0, 1, 1, 1, 0.996509, 0.469417
12, 244, 3, 0, 0, 3, 1, 0, 0.833847, 0.693398
12, 245, 4, 1, 1, 1, -1, 1, 0.893152, 1.245287
12, 246, 4, 3, 0, 1, 1, 1, 1.148932, 0.630746
12, 247, 5, 5, 1, 1, -1, -1, 1.137123, 0.484548
12, 248, 4, 4, 0, 1, 1, 1, 0.743147, 0.563949
12, 249, 5, 0, 0, 1, 1, 0, 0.751393, 0.486667
12, 250, 3, 0, 0, 1, 1, 0, 0.690425, 1.784693
12, 251, 4, 3, 0, 1, 1, -1, 0.690941, 1.070721
12, 252, 1, 4, 0, 1, -1, 1, 1.198753, 1.192166
12, 253, 6, 4, 0, 1, -1, -1, 0.847341, 0.991328
12, 254, 4, 0, 1, 1, -1, 0, 0.644116, 1.033109
12, 255, 4, 0, 0, 1, 1, 0, 0.631737, 0.919548
12, 256, 4, 3, 1, 1, -1, -1, 0.718534, 0.877695
12, 257, 6, 6, 0, 1, 1, 1, 0.863361, 1.089670
12, 258, 1, 6, 0, 1, -1, 1, 0.802001, 0.623948
12, 259, 4, 6, 1, 1, -1, -1, 0.599948, 0.967241
12, 260, 3, 1, 0, 1, -1, 1, 0.915921, 1.307510
12, 261, 5, 1, 1, 1, -1, -1, 0.937442, 0.494267
12, 262, 6, 2, 0, 1, -1, -1, 1.119183, 0.852554
12, 263, 4, 0, 0, 1, 1, 0, 0.948552, 0.557964
12, 264, 6, 3, 0, 1, -1, -1, 1.249961, 0.699694
12, 265, 3, 0, 0, 1, 1, 0, 0.660035, 1.683555
12, 266, 2, 0, 1, 1, 1, 0, 0.722580, 0.912246
12, 267, 2, 4, 0, 1, -1, -1, 0.778775, 1.210614
12, 268, 1, 5, 0, 1, -1, 1, 0.946216, 1.043893
12, 269, 6, 2, 0, 3, 1, 1, 1.038125, 3.656645
12, 270, 4, 5, 0, 1, 1, 1, 0.982764, 0.610942
12, 271, 2, 0, 1, 1, 1, 0, 1.007162, 0.816728
12, 272, 5, 0, 0, 1, 1, 0, 0.776128, 1.393439
12, 273, 3, 0, 0, 1, -1, 0, 0.723129, 2.085640
12, 274, 5, 0, 1, 1, -1, 0, 0.732291, 0.612346
12, 275, 3, 0, 0, 1, 1, 0, 0.659260, 1.400577
12, 276, 4, 0, 1, 1, -1, 0, 0.705217, 0.787394
12, 277, 6, 0, 0, 1, -1, 0, 1.125193, 0.984152
12, 278, 4, 0, 1, 1, -1, 0, 0.909879, 0.898696
12, 279, 6, 4, 0, 1, -1, -1, 1.067566, 4.690216
12, 280, 3, 5, 0, 1, 1, 1, 0.763362, 2.745358
12, 281, 1, 0, 0, 1, -1, 0, 0.633502, 1.129323
12, 282, 6, 6, 0, 1, -1, -1, 1.017092, 0.454049
12, 283, 6, 5, 0, 1, 1, 1, 0.934992, 0.689896
12, 284, 3, 1, 0, 1, -1, -1, 0.758448, 1.032682
12, 285, 2, 0, 1, 1, 1, 0, 0.526429, 0.939396
12, 286, 3, 0, 0, 1, -1, 0, 0.610641, 1.477567
12, 287, 1, 0, 1, 1, 1, 0, 0.820506, 1.053780
12, 288, 6, 0, 0, 1, 1, 0, 1.067868, 0.909610
12, 289, 6, 0, 0, 1, -1, 0, 0.756842, 1.380258
12, 290, 6, 1, 0, 1, 1, 1, 0.658207, 0.751509
12, 291, 6, 0, 0, 1, 1, 0, 0.748673, 0.743935
12, 292, 6, 3, 0, 1, -1, 1, 0.810185, 0.949829
12, 293, 1, 0, 0, 1, -1, 0, 0.942562, 0.904089
12, 294, 3, 0, 0, 1, 1, 0, 0.603085, 1.252106
12, 295, 4, 3, 1, 1, -1, 1, 0.743531, 0.533489
12, 296, 1, 0, 1, 1, 1, 0, 0.757066, 0.771826
12, 297, 1, 0, 0, 1, -1, 0, 0.762540, 0.533255
12, 298, 2, 4, 1, 1, 1, 1, 0.775691, 1.428092
12, 300, 3, 4, 0, 1, 1, -1, 0.763374, 0.928092
12, 301, 3, 0, 0, 1, -1, 0, 0.756559, 1.460184
12, 302, 2, 0, 1, 1, 1, 0, 0.798416, 1.260866
12, 303, 5, 0, 0, 1, 1, 0, 0.888909, 0.824257
12, 304, 6, 0, 0, 1, 1, 0, 0.956441, 1.067361
12, 305, 1, 0, 0, 1, -1, 0, 0.776841, 1.063639
12, 306, 5, 4, 0, 1, 1, 1, 0.989755, 0.709940
12, 307, 2, 4, 1, 1, 1, -1, 0.823564, 1.480610
12, 308, 2, 0, 0, 1, 1, 0, 1.044459, 1.336197
12, 309, 3, 2, 0, 1, -1, 1, 0.921421, 1.592421
12, 310, 5, 0, 0, 1, 1, 0, 0.907339, 0.538196
12, 311, 1, 0, 1, 1, 1, 0, 0.616965, 0.805516
12, 312, 3, 0, 0, 1, 1, 0, 0.577394, 2.552383
12, 313, 1, 3, 1, 1, 1, 1, 1.152649, 0.690281
12, 314, 6, 2, 0, 1, 1, -1, 1.008673, 0.910850
12, 315, 3, 0, 0, 1, -1, 0, 0.731317, 1.471435
12, 316, 1, 0, 1, 1, 1, 0, 0.833069, 0.574069
12, 317, 1, 0, 0, 1, -1, 0, 1.042642, 0.705785
12, 318, 2, 0, 0, 1, -1, 0, 0.829202, 0.452301
12, 319, 2, 0, 0, -1, 1, 0, 1.182873, 1.634191
12, 320, 3, 0, 0, 1, -1, 0, 0.718995, 0.957837
12, 321, 5, 0, 1, 1, -1, 0, 0.664618, 0.526306
12, 322, 4, 3, 1, 1, -1, 1, 0.619321, 0.579906
12, 323, 4, 2, 1, 1, -1, 1, 0.653424, 1.133276
12, 324, 2, 5, 0, 1, -1, 1, 0.715096, 0.585767
12, 325, 3, 0, 0, 1, 1, 0, 0.623714, 1.053366
12, 326, 6, 0, 0, 1, 1, 0, 1.040581, 0.763470
12, 327, 2, 2, 1, 1, 1, -1, 0.796774, 0.379621
12, 328, 4, 0, 1, 1, -1, 0, 0.749892, 0.969782
12, 329, 2, 3, 1, 1, 1, 1, 1.020106, 1.338629
12, 330, 6, 3, 0, 1, 1, -1, 1.001861, 0.664160
12, 331, 5, 3, 1, -1, -1, 1, 0.899133, 1.061832
12, 332, 4, 1, 0, 1, 1, -1, 0.936182, 3.877228
12, 334, 3, 0, 1, 1, -1, 0, 1.317191, 4.906631
12, 336, 1, 0, 0, 1, -1, 0, 1.109405, 3.160713
12, 337, 6, 4, 0, 1, -1, 1, 1.136640, 2.530958
12, 338, 3, 2, 1, 1, -1, 1, 1.448905, 3.630808
12, 339, 2, 0, 1, 1, 1, 0, 1.260706, 3.288092
12, 340, 3, 0, 1, 1, -1, 0, 1.005928, 1.072814
12, 341, 6, 5, 0, 1, 1, 1, 1.391356, 2.332867
12, 343, 5, 2, 1, 1, -1, 1, 1.145042, 3.699750
12, 345, 6, 4, 1, 1, 1, 1, 1.140608, 0.817827
12, 346, 1, 6, 1, 1, 1, 1, 0.783412, 3.255198
12, 347, 3, 4, 1, 1, 1, 1, 1.115562, 1.887498
12, 348, 6, 0, 1, 1, -1, 0, 0.896033, 1.031961
12, 349, 3, 1, 1, 1, -1, 1, 0.994723, 2.294950
12, 350, 4, 0, 1, 1, -1, 0, 0.995261, 3.276334
12, 351, 2, 0, 1, 1, 1, 0, 0.962860, 2.091900
12, 352, 5, 0, 1, 1, -1, 0, 0.783968, 1.989021
12, 353, 2, 1, 0, 1, -1, 1, 1.003008, 3.951549
12, 354, 6, 0, 1, 1, 1, 0, 1.017881, 1.368233
12, 355, 3, 5, 1, 1, -1, -1, 1.286998, 1.146465
12, 356, 2, 0, 1, 1, 1, 0, 1.033227, 1.906786
12, 357, 2, 0, 0, 1, -1, 0, 0.948760, 1.601104
12, 358, 1, 0, 0, 1, -1, 0, 0.969120, 6.132306
12, 360, 3, 4, 1, 1, 1, -1, 1.102836, 1.207217
12, 361, 3, 5, 0, 1, 1, 1, 1.212468, 0.841402
12, 362, 5, 4, 1, 3, -1, 1, 0.890162, 3.442773
12, 363, 4, 4, 1, 1, 1, -1, 1.049031, 0.804223
12, 364, 3, 0, 0, -1, 1, 0, 0.742682, 2.209521
12, 365, 2, 2, 1, 1, -1, -1, 0.963958, 1.027121
12, 366, 5, 2, 0, 1, 1, 1, 1.140494, 1.937212
12, 367, 5, 0, 0, 1, 1, 0, 1.097516, 1.058985
12, 368, 1, 3, 0, 1, -1, 1, 1.108883, 4.159793
12, 369, 5, 0, 0, 1, 1, 0, 0.782777, 1.098054
12, 370, 5, 6, 1, 1, -1, 1, 1.282313, 0.499230
12, 371, 1, 5, 1, 1, 1, -1, 0.969139, 0.860148
12, 372, 1, 2, 1, 1, 1, 1, 1.260035, 1.045516
12, 374, 2, 3, 1, 1, 1, -1, 1.114030, 1.398401
12, 375, 6, 0, 1, 1, 1, 0, 0.912556, 0.844943
12, 376, 1, 0, 1, 1, -1, 0, 1.097582, 1.249398
12, 377, 3, 0, 1, 1, -1, 0, 1.024595, 3.030991
12, 378, 1, 1, 1, 1, 1, -1, 1.068285, 1.616765
12, 379, 5, 5, 1, 1, -1, -1, 0.944135, 1.009666
12, 380, 2, 0, 1, 1, -1, 0, 1.036946, 2.290407
12, 381, 5, 3, 1, 1, -1, -1, 0.903182, 1.242523
12, 382, 4, 2, 1, 1, -1, 1, 0.831499, 1.070139
12, 383, 6, 0, 1, 1, 1, 0, 1.081997, 1.154742
12, 384, 5, 3, 1, 1, -1, -1, 0.881456, 2.254229
12, 385, 6, 0, 1, 1, 1, 0, 0.811572, 0.995512
12, 386, 3, 1, 1, 1, 1, -1, 0.927506, 0.393715
12, 387, 1, 2, 1, 1, 1, -1, 0.853719, 0.560361
12, 388, 5, 5, 1, 1, -1, 1, 0.863141, 0.845623
12, 389, 3, 6, 1, 1, -1, -1, 0.814306, 1.371404
12, 390, 5, 2, 1, 1, -1, -1, 0.726351, 1.176443
12, 391, 3, 0, 1, 1, -1, 0, 1.148693, 1.243093
12, 392, 1, 2, 1, 1, -1, 1, 1.249047, 1.869266
12, 393, 2, 0, 1, 1, -1, 0, 1.158481, 1.369187
12, 394, 5, 2, 1, 1, 1, -1, 1.194348, 0.896221
12, 395, 3, 0, 1, 1, 1, 0, 1.155486, 1.464494
12, 396, 6, 4, 1, 1, 1, -1, 1.252435, 0.571548
12, 397, 4, 4, 1, 1, -1, -1, 0.708755, 0.969820
12, 398, 2, 6, 1, 1, 1, 1, 0.750539, 0.516942
12, 399, 4, 0, 1, 1, -1, 0, 0.842308, 0.612183
12, 400, 5, 6, 1, 1, -1, -1, 0.842928, 1.600648
12, 401, 6, 6, 0, 1, 1, -1, 1.189059, 0.992093
12, 402, 1, 1, 1, 1, -1, -1, 1.023190, 0.917019
12, 403, 1, 0, 1, 1, -1, 0, 0.836671, 1.300414
12, 404, 4, 1, 1, 1, -1, -1, 1.102725, 1.459806
12, 405, 2, 5, 1, 3, -1, 1, 1.135949, 0.998924
12, 407, 3, 4, 1, 3, -1, -1, 1.089747, 0.685259
12, 408, 2, 0, 1, 1, 1, 0, 0.949258, 0.744083
12, 409, 3, 1, 1, 1, 1, 1, 0.899411, 0.710022
12, 410, 2, 5, 1, 1, 1, -1, 0.775770, 0.927994
12, 411, 6, 5, 1, 1, -1, -1, 1.231549, 0.787059
12, 412, 6, 5, 1, -1, 1, -1, 1.001826, 1.134223
12, 413, 2, 2, 1, 1, 1, -1, 0.982212, 1.133614
12, 414, 3, 0, 1, 1, -1, 0, 1.190850, 1.513519
12, 415, 4, 6, 1, 3, -1, 1, 0.768984, 0.922290
12, 416, 6, 3, 1, 1, -1, -1, 1.118158, 1.167965
12, 417, 4, 3, 1, 1, -1, -1, 0.723361, 1.553613
12, 418, 1, 3, 0, 1, -1, 1, 1.396004, 3.226734
12, 419, 5, 0, 0, 1, 1, 0, 1.416199, 2.366968
12, 421, 1, 0, 1, 1, 1, 0, 1.208514, 0.759206
12, 422, 2, 6, 1, 1, -1, -1, 0.785132, 0.834803
12, 423, 1, 0, 1, 1, 1, 0, 0.757469, 1.650285
12, 424, 6, 0, 1, 1, -1, 0, 0.924943, 0.587416
12, 425, 3, 3, 0, 3, 1, -1, 1.481267, 0.107119
12, 426, 1, 0, 1, 1, -1, 0, 0.830840, 1.163901
12, 427, 1, 6, 1, 1, -1, -1, 0.732002, 0.977208
12, 428, 6, 0, 1, 1, 1, 0, 1.175170, 0.881176
12, 429, 1, 4, 1, 1, 1, -1, 0.777036, 1.234742
12, 430, 5, 0, 1, 1, -1, 0, 0.900753, 0.670959
12, 431, 3, 2, 1, 1, 1, -1, 1.100578, 0.901731
12, 432, 4, 0, 1, 1, 1, 0, 0.699429, 1.461094
12, 433, 1, 3, 0, 1, -1, -1, 1.007010, 1.360529
12, 434, 6, 6, 1, 1, 1, 1, 1.014365, 2.208470
12, 435, 2, 3, 1, 1, 1, 1, 1.036505, 1.842580
12, 436, 5, 4, 0, 1, 1, -1, 1.001798, 0.753331
12, 437, 4, 4, 0, 1, 1, -1, 0.875360, 0.861711
12, 438, 4, 0, 0, 3, 1, 0, 0.737983, 1.180999
12, 439, 2, 1, 1, 1, 1, 1, 0.904997, 0.931911
12, 440, 5, 0, 1, 1, -1, 0, 0.888964, 0.612639
12, 441, 4, 0, 0, 1, 1, 0, 1.134245, 0.676367
12, 442, 1, 5, 0, 1, -1, -1, 0.658557, 1.484882
12, 443, 4, 5, 0, 1, 1, -1, 0.936763, 2.101031
12, 445, 2, 3, 1, 1, 1, -1, 0.771679, 0.812093
12, 446, 4, 5, 1, 3, -1, 1, 0.724062, 1.514366
12, 447, 5, 0, 1, 3, -1, 0, 0.810037, 0.762253
12, 448, 1, 0, 1, 1, 1, 0, 0.645062, 1.376103
12, 449, 1, 4, 0, 1, -1, -1, 0.995393, 2.744983
12, 450, 5, 3, 0, 1, 1, -1, 1.161990, 0.979835
12, 451, 3, 0, 1, 1, -1, 0, 1.111861, 0.849523
12, 452, 3, 6, 1, 1, 1, -1, 1.035099, 1.009935
12, 453, 2, 0, 1, 1, 1, 0, 0.885427, 0.786009
12, 454, 4, 1, 0, 1, 1, -1, 1.041633, 1.780090
12, 456, 5, 0, 0, 3, 1, 0, 1.054533, 1.437189
12, 458, 3, 5, 0, 1, -1, -1, 1.331624, 2.308010
12, 459, 3, 0, 1, 1, -1, 0, 1.421780, 1.972654
12, 460, 3, 0, 1, 1, 1, 0, 1.155491, 1.315429
12, 461, 5, 0, 0, 1, 1, 0, 1.143229, 1.489930
12, 463, 6, 6, 1, 1, -1, 1, 0.990095, 1.360344
12, 464, 5, 0, 1, 1, -1, 0, 1.070604, 1.269715
12, 465, 4, 1, 1, 1, -1, 1, 0.890384, 1.752797
12, 466, 3, 0, 1, 1, 1, 0, 1.227382, 0.995581
12, 467, 4, 2, 0, 1, 1, 1, 1.100259, 0.809305
12, 468, 4, 0, 0, 1, 1, 0, 0.759177, 1.278520
12, 469, 4, 0, 0, 1, -1, 0, 1.145722, 2.166776
12, 471, 5, 0, 0, 1, 1, 0, 0.985414, 1.549405
12, 472, 1, 0, 1, 1, 1, 0, 1.463848, 2.010695
12, 474, 4, 0, 0, 3, 1, 0, 1.308077, 0.359471
12, 475, 1, 5, 1, 3, 1, -1, 0.942223, 0.624024
12, 476, 5, 6, 0, 1, 1, 1, 1.401580, 0.425306
12, 477, 1, 4, 1, 1, 1, 1, 1.068230, 1.856095
12, 478, 5, 2, 1, 1, -1, -1, 0.989220, 2.535509
12, 479, 2, 0, 1, 1, 1, 0, 0.776318, 2.445401
12, 480, 1, 5, 1, 1, -1, -1, 1.083170, 0.930097
12, 481, 1, 6, 1, 1, 1, -1, 1.207508, 1.597614
12, 482, 2, 0, 1, 1, -1, 0, 1.035574, 0.458397
12, 483, 5, 0, 1, 1, -1, 0, 1.031518, 1.854628
12, 484, 2, 0, 1, 1, 1, 0, 1.162099, 2.826202
12, 485, 2, 4, 1, 1, -1, 1, 1.203812, 1.343716
12, 486, 4, 4, 1, 1, -1, 1, 0.858021, 1.237412
12, 487, 6, 6, 1, 1, 1, -1, 0.982331, 0.749508
12, 488, 4, 0, 1, 1, -1, 0, 0.825733, 1.735672
12, 489, 1, 4, 0, 1, -1, 1, 1.286351, 1.104853
12, 490, 1, 0, 1, 1, 1, 0, 1.094144, 0.919702
12, 491, 2, 4, 1, 1, -1, -1, 0.964429, 0.520206
12, 492, 6, 4, 1, 1, -1, 1, 1.234335, 0.669873
12, 493, 5, 2, 0, 1, 1, -1, 0.995342, 1.515550
12, 494, 6, 2, 0, 1, 1, 1, 1.113445, 0.492334
12, 495, 1, 0, 0, 1, -1, 0, 0.911521, 1.317677
12, 497, 6, 1, 1, 3, -1, 1, 0.935318, 1.287465
12, 498, 4, 0, 0, 3, 1, 0, 1.070074, 1.242311
12, 499, 2, 1, 0, 1, -1, -1, 1.380740, 3.186891
12, 500, 4, 0, 1, 1, -1, 0, 0.895755, 1.836061
12, 501, 1, 0, 1, 1, -1, 0, 0.865366, 0.525956
12, 502, 6, 0, 1, 1, -1, 0, 0.838641, 0.855173
12, 503, 4, 0, 1, 1, 1, 0, 0.918150, 0.493569
12, 504, 2, 0, 1, 1, -1, 0, 0.750754, 0.891753
12, 505, 6, 3, 1, 1, 1, 1, 1.093316, 0.411242
12, 506, 3, 3, 1, 1, -1, 1, 0.850172, 0.839257
12, 507, 6, 0, 1, 3, -1, 0, 0.823652, 0.393221
12, 508, 6, 0, 1, 1, -1, 0, 0.791434, 0.641277
12, 509, 2, 1, 0, 1, -1, -1, 1.035968, 1.689006
12, 510, 2, 0, 0, 1, 1, 0, 1.203671, 2.018872
12, 511, 3, 0, 0, 1, -1, 0, 1.281575, 1.156174
12, 512, 3, 2, 0, 1, 1, 1, 1.289251, 1.364056
12, 514, 3, 2, 1, 3, -1, -1, 1.023667, 0.926064
12, 515, 4, 0, 0, 1, 1, 0, 1.018879, 1.597267
12, 517, 2, 1, 1, 1, 1, -1, 0.904306, 0.370955
12, 518, 6, 2, 1, 1, -1, -1, 0.958235, 0.480067
12, 519, 3, 6, 1, 1, -1, 1, 0.891321, 0.608069
12, 520, 3, 6, 1, 3, -1, 1, 0.798344, 0.646626
12, 521, 2, 1, 1, 1, 1, 1, 0.929209, 0.505253
12, 522, 6, 5, 1, 1, -1, 1, 1.164097, 0.497675
12, 523, 4, 0, 1, 1, -1, 0, 0.783209, 0.412947
12, 524, 1, 0, 1, 1, 1, 0, 0.877525, 0.398264
12, 525, 3, 0, 1, 1, -1, 0, 0.842838, 0.412189
12, 526, 3, 4, 1, 1, -1, 1, 0.650756, 0.259822
12, 527, 4, 0, 1, 1, 1, 0, 1.009748, 0.312535
12, 528, 2, 0, 1, 1, -1, 0, 0.668102, 0.406259
12, 529, 1, 1, 1, 1, -1, -1, 0.691723, 0.378942
12, 530, 1, 0, 1, 1, 1, 0, 0.604591, 0.186706
12, 531, 5, 6, 1, 1, -1, -1, 0.712506, 0.306567
12, 532, 6, 0, 1, 1, 1, 0, 0.875575, 0.305367
12, 533, 4, 0, 1, 3, 1, 0, 0.973237, 0.737939
12, 534, 5, 0, 1, 1, -1, 0, 0.777858, 0.611407
12, 535, 6, 0, 1, 1, -1, 0, 0.861659, 1.035491
12, 536, 3, 2, 1, 1, -1, -1, 0.974417, 0.492310
12, 537, 6, 1, 1, 1, 1, 1, 0.850630, 0.522419
12, 538, 1, 0, 1, 1, 1, 0, 0.544782, 0.963205
12, 539, 1, 2, 1, 1, -1, 1, 0.908735, 0.691643
12, 540, 1, 4, 1, 1, 1, -1, 0.825206, 0.869699
12, 541, 5, 1, 1, 1, -1, 1, 0.685968, 0.417815
12, 542, 1, 5, 1, 1, -1, 1, 1.066447, 1.447014
12, 543, 2, 5, 1, 1, 1, -1, 1.084941, 0.500330
12, 544, 2, 0, 1, 1, 1, 0, 0.676837, 0.444906
12, 545, 1, 0, 1, 1, -1, 0, 0.679407, 0.353103
12, 546, 5, 0, 1, 1, 1, 0, 1.243989, 0.941211
12, 547, 2, 3, 1, 1, -1, 1, 1.223544, 0.512783
12, 548, 5, 2, 1, 1, -1, 1, 0.744727, 0.532358
12, 549, 6, 1, 1, 1, -1, -1, 0.857323, 0.653143
12, 550, 3, 6, 1, 1, 1, -1, 0.857885, 0.564722
12, 551, 5, 0, 1, 3, -1, 0, 0.698006, 0.524720
12, 552, 2, 4, 1, 1, 1, -1, 0.756765, 0.385839
12, 553, 3, 6, 1, 1, 1, 1, 0.861865, 0.678065
12, 554, 2, 2, 1, 1, 1, 1, 0.678505, 0.448002
12, 555, 3, 0, 1, 1, -1, 0, 0.705047, 0.512018
12, 556, 1, 3, 1, 1, 1, 1, 0.691311, 0.817198
12, 557, 2, 1, 1, 1, -1, 1, 0.755742, 0.502928
12, 558, 4, 2, 1, 1, 1, 1, 0.644231, 0.385702
12, 559, 2, 0, 1, 1, -1, 0, 0.650665, 0.916246
12, 560, 6, 3, 1, 1, -1, 1, 1.010397, 0.720761
12, 561, 3, 2, 1, 1, 1, -1, 0.985365, 0.487519
12, 562, 2, 0, 1, 1, 1, 0, 0.624531, 0.491826
12, 563, 3, 1, 1, -1, 1, -1, 1.059942, 1.394061
12, 565, 3, 4, 0, 1, 1, 1, 1.240200, 1.327888
12, 566, 1, 0, 1, 1, -1, 0, 1.098085, 1.893291
12, 567, 5, 4, 0, 1, 1, -1, 1.225840, 0.630458
12, 568, 4, 2, 1, 1, 1, -1, 0.989722, 0.924434
12, 569, 2, 0, 1, 1, 1, 0, 1.106929, 0.707212
12, 570, 3, 1, 1, 1, 1, 1, 1.242164, 0.454026
12, 571, 4, 5, 1, 1, 1, 1, 0.855474, 0.472334
12, 572, 4, 0, 1, 1, 1, 0, 0.644205, 0.545065
12, 573, 4, 0, 1, 1, -1, 0, 0.820997, 1.008417
12, 574, 1, 6, 1, 1, -1, 1, 1.079981, 0.825629
12, 575, 5, 1, 1, 1, 1, -1, 0.956168, 0.704436
12, 576, 4, 0, 1, 1, -1, 0, 0.862433, 0.730621
12, 577, 3, 0, 1, 1, -1, 0, 0.922505, 0.659189
12, 578, 1, 1, 1, 1, -1, 1, 1.162163, 0.700289
12, 579, 6, 5, 1, 3, -1, -1, 0.818003, 0.573012
12, 580, 5, 0, 1, 1, -1, 0, 0.763834, 1.094292
12, 581, 5, 0, 1, 1, -1, 0, 0.674952, 0.758087
12, 583, 4, 0, 1, 1, 1, 0, 1.024151, 0.857655
12, 584, 6, 0, 1, 1, 1, 0, 1.316287, 0.706137
12, 585, 1, 0, 1, 1, -1, 0, 0.783771, 0.511899
12, 586, 4, 0, 1, 1, -1, 0, 0.736963, 0.672171
12, 587, 5, 5, 1, 1, 1, -1, 1.077143, 1.122515
12, 588, 1, 0, 1, 1, -1, 0, 0.798518, 0.563432
12, 589, 6, 0, 1, 1, -1, 0, 0.750082, 0.656698
12, 590, 3, 5, 1, 1, 1, -1, 0.910063, 0.852496
12, 591, 6, 0, 1, 1, -1, 0, 0.919224, 0.565002
12, 592, 6, 0, 1, 1, -1, 0, 0.844894, 0.425758
12, 593, 6, 0, 1, 1, 1, 0, 1.107909, 0.639171
12, 594, 4, 0, 1, 1, -1, 0, 1.238862, 1.637137
12, 595, 3, 0, 1, 1, 1, 0, 1.093695, 0.782653
12, 596, 2, 5, 1, 1, 1, 1, 1.050247, 0.922130
12, 597, 3, 5, 1, 1, -1, 1, 1.464297, 0.358766
12, 598, 6, 0, 1, 1, 1, 0, 1.114673, 0.305567
12, 599, 5, 4, 1, 1, -1, 1, 0.784610, 0.605976
12, 600, 2, 0, 1, 1, -1, 0, 0.737019, 2.395911
12, 601, 3, 6, 1, 1, 1, 1, 0.898601, 0.908992
12, 602, 2, 0, 1, 1, -1, 0, 0.923483, 0.657531
12, 603, 1, 1, 1, 1, 1, 1, 1.090794, 0.718349
12, 604, 6, 0, 1, 1, -1, 0, 1.047357, 0.532276
12, 605, 6, 0, 1, 1, 1, 0, 1.125174, 0.553651
12, 606, 2, 0, 1, 1, -1, 0, 1.046974, 0.379314
