observer, trial, targLoc, distLoc, targDiscrim, thoughtNoAttCap, tc, dc, RT, TrialTypeRT
7, 1, 5, 2, 1, 1, 1, 1, 1.357610, 1.925573
7, 2, 2, 0, 1, 1, -1, 0, 0.918850, 1.275087
7, 3, 2, 0, 1, 1, 1, 0, 0.837467, 1.544444
7, 4, 5, 1, 1, 1, -1, -1, 0.859953, 4.277959
7, 5, 4, 0, 1, 1, -1, 0, 0.707648, 1.705204
7, 6, 1, 0, 1, 1, 1, 0, 0.633276, 1.491453
7, 7, 5, 0, 1, 1, 1, 0, 0.657270, 1.515917
7, 9, 2, 0, 1, 1, 1, 0, 0.620018, 1.225764
7, 10, 4, 4, 1, -1, -1, -1, 0.795860, 1.258287
7, 11, 1, 0, 1, 1, -1, 0, 0.737854, 2.734764
7, 12, 4, 4, 1, 1, 1, -1, 0.618413, 1.527381
7, 13, 1, 1, 0, -1, 1, -1, 1.293775, 1.076842
7, 14, 3, 0, 1, 1, 1, 0, 0.592948, 1.673347
7, 15, 2, 2, 1, -1, 1, 1, 1.099379, 0.852921
7, 16, 5, 2, 1, 1, -1, -1, 0.632470, 1.453377
7, 17, 6, 0, 0, 1, 1, 0, 0.693037, 4.146351
7, 18, 3, 2, 0, -1, -1, -1, 0.637108, 1.825633
7, 19, 3, 0, 1, 1, 1, 0, 0.612337, 1.044584
7, 20, 5, 0, 1, 1, -1, 0, 0.571167, 1.090880
7, 21, 4, 0, 1, 1, -1, 0, 0.605370, 1.722289
7, 22, 6, 5, 0, -1, -1, 1, 0.707356, 1.167455
7, 23, 4, 3, 0, 1, 1, 1, 0.684595, 1.534403
7, 24, 1, 1, 1, -1, -1, -1, 1.204136, 0.647572
7, 25, 6, 5, 0, 1, 1, -1, 0.725769, 0.917086
7, 26, 2, 3, 1, 1, -1, 1, 0.764300, 0.779582
7, 27, 6, 2, 1, 1, -1, -1, 0.737349, 0.744236
7, 28, 1, 0, 1, 1, 1, 0, 0.737636, 0.923365
7, 29, 1, 0, 1, 1, 1, 0, 0.830379, 1.652412
7, 30, 2, 0, 1, 1, 1, 0, 0.662437, 0.638378
7, 31, 6, 1, 1, 1, -1, 1, 0.683819, 1.049314
7, 32, 4, 5, 1, 1, 1, 1, 0.804092, 0.962473
7, 33, 4, 5, 0, 1, -1, -1, 0.633380, 0.818959
7, 34, 1, 0, 1, 1, 1, 0, 0.638405, 0.798390
7, 35, 6, 0, 1, 1, 1, 0, 0.663115, 1.139780
7, 36, 4, 0, 1, 1, -1, 0, 0.594117, 1.111591
7, 37, 3, 6, 1, 1, -1, -1, 0.671111, 2.820802
7, 38, 5, 2, 1, 1, -1, -1, 0.627388, 1.081498
7, 39, 5, 4, 0, 1, 1, -1, 0.745362, 0.783931
7, 40, 1, 0, 1, 1, 1, 0, 0.550496, 0.991184
7, 41, 2, 0, 1, 1, 1, 0, 0.572949, 1.435973
7, 42, 3, 0, 1, 1, -1, 0, 0.705176, 0.611836
7, 43, 3, 2, 1, -1, 1, -1, 1.429812, 0.707420
7, 44, 1, 2, 1, 1, 1, 1, 1.044589, 0.580097
7, 45, 4, 0, 1, 3, -1, 0, 0.576841, 1.622832
7, 46, 4, 0, 1, 1, 1, 0, 0.624394, 0.565905
7, 47, 1, 0, 1, 1, 1, 0, 0.526047, 0.646573
7, 48, 4, 2, 1, 1, -1, -1, 0.653846, 1.557164
7, 49, 4, 2, 1, 1, 1, -1, 0.680177, 1.389489
7, 50, 4, 0, 0, 1, 1, 0, 0.572604, 1.344771
7, 51, 1, 2, 1, 1, 1, 1, 0.813788, 0.507469
7, 52, 1, 2, 1, 1, -1, -1, 0.684164, 0.578192
7, 53, 5, 3, 1, 1, 1, 1, 0.664822, 0.577840
7, 54, 1, 0, 1, 1, 1, 0, 0.680292, 1.331372
7, 55, 4, 5, 1, 1, 1, -1, 0.643665, 1.193462
7, 56, 3, 0, 1, 1, 1, 0, 0.545070, 3.067031
7, 57, 2, 0, 1, 1, 1, 0, 0.592434, 0.579781
7, 58, 3, 0, 1, 1, -1, 0, 0.609332, 1.034686
7, 59, 4, 6, 1, -1, 1, -1, 1.233228, 0.657819
7, 60, 6, 0, 1, 1, -1, 0, 0.692570, 0.623381
7, 61, 4, 0, 1, 1, 1, 0, 0.591903, 1.300193
7, 62, 1, 6, 1, 1, -1, -1, 1.001087, 1.108858
7, 63, 1, 0, 1, 1, 1, 0, 0.631688, 4.282806
7, 64, 4, 5, 1, 1, 1, -1, 0.629601, 0.968242
7, 65, 5, 6, 1, -1, -1, 1, 1.066558, 0.617321
7, 66, 6, 2, 1, 1, 1, 1, 0.883659, 0.547447
7, 67, 4, 6, 1, 1, -1, -1, 0.666348, 1.126123
7, 68, 5, 3, 1, 1, 1, 1, 0.691990, 0.651376
7, 69, 4, 4, 1, 1, -1, 1, 0.724572, 1.367619
7, 70, 6, 0, 1, 1, 1, 0, 0.778253, 1.154079
7, 71, 4, 4, 1, 1, -1, -1, 0.643072, 1.689840
7, 72, 2, 0, 1, 1, -1, 0, 0.612851, 2.226394
7, 73, 1, 4, 1, 1, 1, 1, 0.611724, 1.428512
7, 74, 3, 0, 1, 1, 1, 0, 0.626742, 1.720656
7, 75, 5, 0, 1, 1, -1, 0, 0.612444, 1.053396
7, 76, 6, 2, 1, -1, -1, -1, 0.731439, 0.626536
7, 77, 3, 4, 1, 1, 1, -1, 0.950366, 1.027442
7, 78, 4, 3, 1, 1, -1, 1, 0.593363, 0.592653
7, 79, 1, 0, 1, 1, -1, 0, 0.606806, 0.905830
7, 80, 6, 6, 1, 1, 1, 1, 0.865171, 0.566768
7, 81, 4, 6, 1, -1, -1, 1, 0.725456, 0.458145
7, 82, 3, 0, 1, 1, 1, 0, 0.614739, 0.863612
7, 83, 1, 5, 1, -1, 1, -1, 0.684709, 0.884389
7, 84, 6, 0, 1, 1, -1, 0, 0.744886, 0.722127
7, 85, 4, 5, 1, 1, -1, -1, 0.652806, 0.705213
7, 86, 1, 0, 1, 1, -1, 0, 0.686860, 0.832683
7, 87, 1, 0, 1, 1, 1, 0, 0.578779, 1.431136
7, 88, 2, 0, 1, 1, -1, 0, 0.577305, 2.789637
7, 89, 6, 0, 1, 1, 1, 0, 0.784941, 0.966102
7, 90, 3, 0, 1, 1, -1, 0, 0.683442, 0.737757
7, 91, 1, 2, 1, 1, -1, 1, 0.824945, 0.542393
7, 92, 6, 0, 1, 1, 1, 0, 0.666800, 1.295877
7, 93, 1, 0, 1, 1, 1, 0, 0.559018, 0.902230
7, 94, 1, 0, 1, 1, 1, 0, 0.557554, 0.737018
7, 95, 5, 6, 1, 1, 1, 1, 0.863044, 1.400011
7, 96, 5, 6, 1, 1, -1, -1, 0.828640, 0.679539
7, 97, 4, 0, 1, 1, 1, 0, 0.614508, 0.400784
7, 98, 1, 0, 1, 1, -1, 0, 0.636818, 0.391006
7, 99, 1, 0, 1, 1, 1, 0, 0.690043, 0.344755
7, 100, 6, 0, 1, 1, -1, 0, 0.620434, 0.320593
7, 101, 4, 3, 1, 1, 1, -1, 0.672557, 0.525506
7, 102, 6, 4, 1, 1, -1, 1, 0.979721, 1.007523
7, 103, 6, 0, 1, 1, -1, 0, 0.641277, 0.393024
7, 104, 1, 3, 1, 1, -1, 1, 0.750571, 0.471348
7, 105, 5, 0, 1, 1, 1, 0, 0.653573, 0.709126
7, 106, 6, 0, 1, 1, -1, 0, 0.706674, 0.840655
7, 107, 5, 5, 1, 1, -1, 1, 0.713961, 0.617475
7, 108, 5, 0, 1, 1, -1, 0, 0.752990, 0.844514
7, 109, 4, 0, 1, 1, -1, 0, 0.615597, 0.518991
7, 110, 2, 1, 1, -1, -1, 1, 0.837755, 0.464129
7, 111, 5, 0, 1, 1, 1, 0, 0.617734, 0.405279
7, 112, 3, 5, 0, -1, 1, -1, 1.005820, 1.868529
7, 113, 1, 0, 1, 1, -1, 0, 0.724758, 0.591206
7, 114, 5, 2, 1, 1, -1, 1, 0.639496, 0.695077
7, 115, 4, 0, 1, 1, 1, 0, 0.586081, 0.605122
7, 116, 4, 0, 1, 1, 1, 0, 0.684293, 0.756500
7, 117, 6, 0, 1, 1, -1, 0, 0.757837, 1.008561
7, 118, 2, 4, 1, 1, 1, -1, 0.717836, 0.869915
7, 119, 5, 0, 1, 1, 1, 0, 0.906287, 0.930246
7, 120, 3, 1, 1, -1, 1, 1, 0.820571, 0.393946
7, 121, 4, 2, 1, -1, 1, -1, 1.118702, 0.539651
7, 122, 2, 0, 1, 1, 1, 0, 0.584282, 0.836617
7, 123, 6, 0, 1, 1, -1, 0, 0.700129, 0.451473
7, 124, 4, 0, 1, 1, 1, 0, 0.585432, 0.412227
7, 125, 2, 0, 1, 1, 1, 0, 0.646902, 0.925808
7, 126, 1, 5, 1, -1, 1, 1, 0.679366, 0.625820
7, 127, 1, 3, 1, 1, 1, -1, 0.719164, 0.996848
7, 128, 1, 5, 1, 1, 1, -1, 0.646046, 0.465985
7, 129, 5, 0, 1, 1, -1, 0, 0.659134, 1.007328
7, 130, 5, 0, 1, 1, -1, 0, 0.645304, 0.686202
7, 131, 3, 0, 1, 1, -1, 0, 0.699057, 0.985864
7, 132, 3, 1, 1, 1, -1, -1, 0.751286, 0.597942
7, 133, 2, 5, 1, 1, 1, 1, 0.725682, 0.835148
7, 134, 4, 4, 1, 1, -1, 1, 0.675697, 1.062653
7, 135, 5, 0, 1, 1, 1, 0, 0.743135, 1.014484
7, 136, 4, 0, 1, 1, 1, 0, 0.697966, 0.816094
7, 137, 6, 0, 1, 1, 1, 0, 0.658998, 0.407051
7, 138, 1, 1, 0, 1, -1, 1, 0.968709, 0.915970
7, 139, 3, 3, 1, -1, 1, 1, 1.227912, 0.438347
7, 140, 6, 4, 1, 1, 1, 1, 0.860609, 0.355449
7, 141, 2, 0, 1, 1, 1, 0, 0.639656, 0.387315
7, 142, 4, 0, 1, 1, -1, 0, 0.647678, 0.287941
7, 143, 2, 0, 1, 1, -1, 0, 0.656707, 0.266822
7, 144, 3, 0, 1, 1, -1, 0, 0.827428, 0.474494
7, 145, 5, 3, 1, 1, -1, -1, 0.646044, 0.525557
7, 146, 1, 0, 1, 1, -1, 0, 0.609254, 0.464245
7, 147, 1, 1, 1, 1, 1, -1, 0.885180, 0.366269
7, 148, 5, 5, 1, 1, -1, -1, 0.776481, 0.239382
7, 149, 2, 2, 1, 1, 1, -1, 0.684474, 0.492006
7, 150, 5, 0, 1, 1, 1, 0, 0.592696, 0.345252
7, 151, 1, 0, 1, 1, -1, 0, 0.738212, 1.701266
7, 152, 2, 6, 1, 1, -1, -1, 0.990113, 0.847948
7, 153, 1, 3, 1, 1, 1, 1, 0.684810, 0.658549
7, 154, 6, 3, 1, 1, -1, 1, 0.819237, 0.489160
7, 155, 3, 0, 1, 1, 1, 0, 0.720808, 0.572773
7, 156, 5, 3, 0, 1, 1, -1, 0.700048, 1.016188
7, 157, 5, 0, 1, 1, -1, 0, 0.619594, 0.507275
7, 158, 5, 4, 1, 1, -1, 1, 0.658865, 0.559824
7, 159, 2, 0, 1, 1, -1, 0, 0.761198, 0.840873
7, 160, 3, 5, 1, 1, -1, 1, 0.717578, 0.839166
7, 161, 2, 0, 1, 1, -1, 0, 0.585384, 0.678012
7, 162, 4, 0, 1, 1, 1, 0, 0.618490, 0.782625
7, 163, 5, 0, 1, 1, 1, 0, 0.618318, 1.828117
7, 164, 2, 5, 1, 1, -1, 1, 0.693644, 0.332031
7, 165, 3, 5, 1, 1, -1, -1, 0.646405, 0.615026
7, 166, 3, 0, 1, 1, 1, 0, 0.763571, 0.935534
7, 167, 6, 4, 1, 1, -1, -1, 0.731275, 0.505680
7, 168, 5, 1, 1, -1, -1, 1, 0.663697, 0.735900
7, 169, 2, 4, 1, 1, -1, 1, 0.729738, 0.471060
7, 170, 6, 6, 1, 1, -1, 1, 0.783781, 0.526699
7, 171, 6, 0, 1, 1, 1, 0, 0.672242, 0.421744
7, 172, 6, 0, 1, 1, 1, 0, 0.699176, 0.541455
7, 173, 2, 0, 1, 1, 1, 0, 0.640462, 0.253638
7, 174, 2, 3, 1, 1, -1, -1, 0.732598, 0.252950
7, 175, 6, 1, 1, 1, -1, -1, 0.632295, 0.565584
7, 176, 5, 0, 1, 1, -1, 0, 0.573415, 0.687145
7, 177, 6, 0, 1, 1, -1, 0, 0.678505, 0.942093
7, 178, 3, 0, 1, 1, 1, 0, 0.604242, 1.095775
7, 179, 1, 2, 1, 1, -1, 1, 0.722289, 0.366038
7, 180, 1, 0, 1, 1, -1, 0, 0.625899, 0.372506
7, 181, 1, 0, 1, 1, -1, 0, 0.593031, 0.593196
7, 182, 6, 0, 1, 1, 1, 0, 0.618820, 0.379524
7, 183, 3, 1, 1, -1, -1, -1, 0.930210, 0.386049
7, 184, 4, 0, 1, 1, 1, 0, 0.631560, 0.214932
7, 185, 4, 0, 0, 1, 1, 0, 0.565939, 0.745224
7, 186, 4, 0, 1, 1, 1, 0, 0.612594, 0.959809
7, 187, 1, 2, 1, 1, -1, -1, 0.732490, 0.240490
7, 188, 6, 4, 1, 1, -1, 1, 0.739156, 2.926221
7, 189, 2, 0, 1, 1, -1, 0, 0.578988, 0.524408
7, 190, 1, 1, 1, -1, -1, 1, 0.697870, 0.404597
7, 191, 5, 0, 1, 1, -1, 0, 0.610318, 0.757954
7, 192, 4, 0, 1, 1, -1, 0, 0.605261, 0.955956
7, 193, 5, 1, 1, -1, -1, -1, 0.939407, 0.114635
7, 194, 1, 6, 1, 1, 1, -1, 0.983675, 0.353605
7, 195, 4, 2, 1, 1, -1, -1, 0.812756, 0.379744
7, 196, 6, 2, 1, 1, 1, -1, 0.911654, 0.373218
7, 197, 3, 0, 1, 1, -1, 0, 0.647462, 0.648822
7, 198, 5, 0, 1, 1, 1, 0, 0.585780, 0.446689
7, 199, 1, 0, 1, 1, -1, 0, 0.566037, 0.405005
7, 200, 2, 3, 1, 1, 1, -1, 0.640004, 0.340288
7, 201, 5, 0, 1, 1, -1, 0, 0.559240, 0.510706
7, 202, 4, 1, 1, 1, -1, 1, 0.790776, 0.411467
7, 203, 1, 0, 1, 1, 1, 0, 0.604952, 0.684231
7, 204, 4, 0, 1, 1, 1, 0, 0.646079, 0.424562
7, 205, 4, 0, 1, 1, 1, 0, 0.589780, 0.412294
7, 206, 1, 5, 1, 1, -1, 1, 1.100618, 1.936341
7, 207, 1, 3, 1, 1, -1, -1, 0.710483, 0.836853
7, 208, 3, 0, 1, 1, -1, 0, 0.680163, 0.867616
7, 209, 6, 4, 1, 1, -1, -1, 0.790632, 1.657153
7, 210, 3, 0, 1, 1, -1, 0, 0.623579, 0.385686
7, 211, 3, 3, 1, -1, 1, -1, 0.974372, 0.300270
7, 212, 5, 0, 1, 1, -1, 0, 0.567436, 0.452369
7, 213, 1, 0, 1, 1, 1, 0, 0.830643, 0.458130
7, 214, 3, 5, 0, 1, 1, 1, 0.679222, 0.736106
7, 215, 3, 6, 0, -1, 1, -1, 0.751195, 0.771104
7, 216, 3, 0, 1, 1, 1, 0, 0.610273, 0.332831
7, 217, 3, 3, 1, 1, -1, -1, 0.684319, 0.577865
7, 218, 5, 1, 1, 1, 1, -1, 0.735085, 0.246261
7, 219, 4, 6, 1, 1, 1, -1, 0.796581, 0.200928
7, 220, 4, 2, 1, 1, 1, 1, 0.704205, 0.717412
7, 221, 5, 0, 1, 1, -1, 0, 0.837903, 1.004028
7, 222, 1, 2, 1, 1, 1, -1, 0.689466, 1.101413
7, 223, 3, 3, 1, 1, 1, 1, 0.665272, 0.529724
7, 224, 1, 0, 1, 1, 1, 0, 0.625339, 0.419462
7, 225, 3, 5, 0, 1, 1, 1, 0.737938, 1.528917
7, 226, 2, 0, 1, 1, -1, 0, 0.698799, 0.972794
7, 227, 4, 2, 1, 1, -1, 1, 0.687395, 0.373572
7, 228, 4, 1, 1, 1, 1, -1, 0.652859, 0.338892
7, 229, 1, 0, 1, 1, -1, 0, 0.645396, 0.437328
7, 230, 5, 6, 1, 1, -1, -1, 0.866073, 0.386963
7, 231, 2, 0, 1, 1, 1, 0, 0.620037, 0.486506
7, 232, 5, 0, 1, 1, 1, 0, 0.851008, 0.711270
7, 233, 2, 1, 1, 1, 1, -1, 0.718679, 0.233873
7, 234, 5, 0, 1, 1, -1, 0, 0.670926, 0.353170
7, 235, 2, 0, 1, 1, 1, 0, 0.532110, 0.240859
7, 236, 6, 0, 1, 1, -1, 0, 0.699242, 0.314339
7, 237, 4, 0, 1, 1, 1, 0, 0.578331, 0.466434
7, 238, 2, 5, 1, 1, 1, 1, 0.671356, 0.332321
7, 239, 1, 4, 1, 1, -1, 1, 0.775172, 0.546314
7, 240, 5, 5, 1, 1, -1, -1, 0.640601, 0.719864
7, 241, 6, 6, 1, 1, -1, -1, 0.812293, 0.545324
7, 242, 3, 0, 1, 1, 1, 0, 0.705780, 1.143901
7, 243, 2, 0, 1, 1, 1, 0, 0.863517, 0.535718
7, 244, 4, 5, 0, 1, 1, 1, 0.663794, 0.420102
7, 245, 5, 1, 0, 1, 1, 1, 0.653363, 1.119360
7, 246, 1, 4, 1, 1, -1, 1, 0.796980, 0.684656
7, 247, 3, 4, 1, 1, 1, -1, 0.812253, 0.552742
7, 248, 4, 0, 1, 1, -1, 0, 0.604938, 0.542087
7, 249, 3, 0, 1, 1, -1, 0, 0.591434, 0.332174
7, 250, 5, 0, 1, 1, 1, 0, 0.636518, 0.465632
7, 251, 3, 3, 1, 1, -1, 1, 0.652714, 0.292947
7, 252, 6, 3, 1, -1, 1, -1, 1.148158, 0.241251
7, 253, 5, 0, 1, 1, 1, 0, 0.642335, 1.885070
7, 254, 1, 4, 1, 1, 1, -1, 0.698373, 0.266632
7, 255, 3, 2, 1, -1, -1, 1, 0.983032, 0.260765
7, 256, 5, 3, 1, 1, -1, -1, 0.676935, 0.391831
7, 257, 5, 0, 1, 1, -1, 0, 0.549842, 0.657270
7, 258, 4, 0, 1, 1, -1, 0, 0.580022, 0.493368
7, 259, 1, 0, 1, 1, 1, 0, 0.623935, 0.391460
7, 260, 6, 0, 1, 1, -1, 0, 0.612637, 0.371682
7, 261, 1, 5, 1, 1, -1, -1, 0.623794, 0.564180
7, 262, 1, 5, 1, 1, -1, 1, 0.647503, 0.420501
7, 263, 2, 0, 1, 1, -1, 0, 0.671251, 0.292612
7, 264, 5, 0, 1, 1, 1, 0, 0.626211, 0.320347
7, 265, 2, 0, 1, 1, 1, 0, 0.577930, 0.458184
7, 266, 4, 0, 1, 1, 1, 0, 0.724611, 0.740624
7, 267, 3, 4, 1, 1, -1, -1, 0.813015, 0.300681
7, 268, 2, 2, 1, -1, 1, -1, 0.698895, 0.405129
7, 269, 6, 5, 1, 1, -1, 1, 0.674269, 0.420881
7, 270, 4, 3, 1, 1, 1, 1, 0.945304, 0.374303
7, 271, 1, 6, 1, 1, -1, 1, 0.664366, 0.603084
7, 272, 2, 0, 1, 1, -1, 0, 0.706458, 0.392824
7, 273, 1, 4, 1, 1, -1, -1, 0.637167, 0.536749
7, 274, 1, 0, 1, 1, -1, 0, 0.607598, 0.302070
7, 275, 4, 0, 1, 1, -1, 0, 0.620223, 0.843954
7, 276, 5, 2, 1, 1, 1, -1, 0.647664, 0.481375
7, 277, 3, 0, 1, 1, -1, 0, 0.596486, 0.383752
7, 278, 3, 0, 1, 1, 1, 0, 0.749500, 0.359212
7, 279, 2, 0, 1, 1, 1, 0, 0.493595, 0.432064
7, 280, 2, 5, 1, 1, -1, 1, 0.577243, 0.397679
7, 281, 2, 0, 1, 1, -1, 0, 0.525819, 0.420356
7, 282, 6, 4, 1, -1, 1, 1, 1.171902, 0.114497
7, 283, 2, 6, 1, 1, -1, 1, 0.713190, 0.613411
7, 284, 1, 0, 1, 1, -1, 0, 0.969013, 0.346528
7, 285, 4, 0, 1, 1, 1, 0, 0.631588, 0.454700
7, 286, 3, 4, 1, 1, 1, 1, 0.761112, 0.584219
7, 287, 6, 5, 1, 1, 1, -1, 0.802605, 1.292549
7, 288, 4, 0, 1, 1, -1, 0, 0.633827, 0.427096
7, 289, 6, 4, 1, 1, 1, -1, 0.663614, 0.956996
7, 290, 1, 0, 1, 1, -1, 0, 0.598734, 0.473941
7, 291, 3, 0, 1, 1, 1, 0, 0.729482, 1.208330
7, 292, 5, 0, 1, 1, 1, 0, 0.725112, 0.885730
7, 293, 5, 3, 1, 1, -1, 1, 0.691403, 0.384941
7, 294, 3, 0, 1, 1, 1, 0, 0.604844, 0.407030
7, 295, 1, 0, 1, 1, -1, 0, 0.624756, 0.688302
7, 296, 3, 2, 1, 1, 1, 1, 0.826412, 1.505044
7, 297, 6, 0, 1, 1, 1, 0, 0.633514, 1.560284
7, 298, 6, 6, 1, -1, 1, 1, 0.811529, 0.665861
7, 299, 6, 0, 1, 1, -1, 0, 0.664720, 0.399255
7, 300, 1, 4, 1, 1, 1, 1, 1.128962, 0.411791
7, 301, 3, 1, 1, -1, -1, 1, 1.254337, 0.086774
7, 302, 1, 1, 1, -1, 1, 1, 1.042048, 0.591479
7, 303, 5, 0, 1, 1, 1, 0, 0.623811, 0.319243
7, 304, 3, 5, 1, 1, 1, -1, 0.720652, 0.287593
7, 305, 3, 1, 1, 1, 1, 1, 0.704395, 0.281449
7, 306, 1, 3, 1, 1, 1, 1, 0.649792, 0.200238
7, 307, 5, 4, 1, 1, -1, -1, 0.681237, 0.636649
7, 308, 6, 0, 1, 1, 1, 0, 0.911717, 0.617587
7, 309, 2, 4, 1, 1, -1, -1, 0.729489, 0.378034
7, 310, 5, 6, 1, 1, 1, -1, 0.789400, 0.517990
7, 311, 3, 0, 1, 1, 1, 0, 0.711583, 0.763139
7, 312, 3, 6, 0, 1, 1, -1, 0.789102, 1.055105
7, 313, 3, 0, 1, 1, -1, 0, 0.593235, 0.680140
7, 314, 2, 0, 1, 1, -1, 0, 0.619096, 0.759194
7, 315, 5, 0, 1, 1, 1, 0, 0.715767, 0.444254
7, 316, 3, 0, 1, 1, 1, 0, 0.719116, 0.840260
7, 317, 6, 6, 1, 1, -1, -1, 0.990567, 0.461346
7, 318, 4, 2, 0, -1, 1, 1, 0.613783, 0.873423
7, 319, 5, 5, 1, 1, 1, 1, 0.862238, 0.287611
7, 320, 1, 2, 1, 1, 1, -1, 0.667232, 0.279097
7, 321, 3, 0, 1, 1, 1, 0, 0.706715, 0.552828
7, 322, 6, 1, 1, 1, -1, -1, 0.683560, 0.371652
7, 323, 5, 1, 1, 1, -1, 1, 0.620298, 0.478098
7, 324, 4, 0, 1, 1, 1, 0, 0.593606, 0.440383
7, 325, 2, 4, 1, -1, -1, -1, 0.978118, 0.226072
7, 326, 1, 0, 1, 1, 1, 0, 0.666060, 0.499265
7, 327, 2, 1, 1, 1, 1, 1, 0.729814, 0.233979
7, 328, 1, 3, 1, 1, -1, 1, 0.634129, 0.367517
7, 329, 4, 0, 1, 1, -1, 0, 0.600155, 0.266798
7, 330, 4, 0, 1, 1, -1, 0, 0.610005, 0.253607
7, 331, 3, 3, 1, 1, -1, -1, 0.652143, 0.253553
7, 332, 6, 0, 1, 1, 1, 0, 0.793484, 0.428092
7, 333, 2, 6, 1, 1, 1, 1, 0.870671, 0.194367
7, 334, 6, 3, 1, 1, -1, 1, 0.773502, 0.452288
7, 335, 4, 0, 1, 1, -1, 0, 0.674741, 0.621164
7, 336, 5, 4, 1, 1, -1, 1, 0.664255, 0.419555
7, 337, 4, 0, 1, 1, -1, 0, 0.604082, 0.247064
7, 338, 1, 4, 1, 1, 1, -1, 0.638679, 0.390439
7, 339, 5, 0, 1, 1, -1, 0, 0.645778, 0.653877
7, 340, 5, 0, 1, 1, 1, 0, 0.603895, 0.213899
7, 341, 4, 0, 1, 1, 1, 0, 0.718408, 0.400001
7, 342, 5, 0, 1, 1, -1, 0, 0.606117, 0.267203
7, 343, 1, 6, 1, 1, 1, -1, 0.760208, 0.800846
7, 344, 2, 2, 1, 1, -1, -1, 0.563611, 0.412079
7, 345, 3, 0, 1, 1, -1, 0, 0.603423, 0.638782
7, 346, 5, 4, 1, 1, 1, -1, 0.796370, 0.406290
7, 347, 1, 6, 1, 1, -1, -1, 0.603378, 0.364978
7, 348, 2, 0, 1, 1, 1, 0, 0.573043, 0.360650
7, 349, 6, 0, 1, 1, 1, 0, 0.706874, 0.394277
7, 350, 6, 4, 1, 1, 1, -1, 0.612525, 0.307937
7, 351, 5, 2, 1, 1, 1, -1, 0.684741, 0.306014
7, 352, 1, 1, 1, -1, -1, -1, 1.293204, 0.391802
7, 353, 4, 1, 1, -1, -1, -1, 1.361001, 0.277474
7, 354, 3, 3, 1, 1, -1, 1, 0.716515, 0.560277
7, 355, 2, 3, 1, 1, 1, 1, 0.826275, 0.274837
7, 356, 6, 0, 1, 1, 1, 0, 0.649346, 0.393423
7, 357, 6, 0, 1, 1, 1, 0, 0.613698, 0.280103
7, 358, 1, 0, 1, 1, 1, 0, 0.576560, 1.175363
7, 359, 2, 0, 1, 1, -1, 0, 0.599050, 0.220299
7, 360, 4, 0, 1, 1, -1, 0, 0.500824, 0.381853
7, 361, 2, 4, 1, -1, 1, 1, 1.160495, 0.186316
7, 362, 2, 5, 1, 1, 1, -1, 0.686790, 0.601672
7, 363, 2, 5, 1, 1, -1, -1, 0.584869, 0.644127
7, 364, 3, 0, 1, 1, -1, 0, 0.626317, 0.339218
7, 365, 2, 5, 1, 1, -1, -1, 0.558785, 0.340169
7, 366, 2, 0, 1, 1, -1, 0, 0.586867, 0.205027
7, 367, 6, 1, 1, 1, 1, -1, 0.857845, 0.259773
7, 368, 5, 0, 1, 1, 1, 0, 0.676948, 0.437039
7, 369, 1, 0, 1, 1, -1, 0, 0.578437, 0.425061
7, 370, 2, 2, 1, 1, -1, 1, 0.591805, 0.434139
7, 371, 5, 0, 1, 1, -1, 0, 0.571571, 0.418910
7, 372, 2, 3, 1, 1, -1, 1, 0.631021, 0.347921
7, 373, 2, 0, 1, 1, 1, 0, 0.752957, 0.387127
7, 374, 3, 0, 1, 1, -1, 0, 0.574295, 0.174997
7, 375, 6, 0, 1, 1, -1, 0, 0.629521, 0.319783
7, 376, 5, 1, 1, 1, 1, -1, 0.709926, 0.301152
7, 377, 4, 0, 1, 1, -1, 0, 0.593484, 0.394308
7, 378, 6, 0, 1, 1, 1, 0, 0.803009, 0.525121
7, 379, 5, 5, 1, -1, -1, 1, 1.152276, 0.227834
7, 380, 4, 1, 1, 1, 1, 1, 0.756000, 0.285338
7, 381, 5, 1, 1, 1, 1, 1, 0.712780, 0.201500
7, 382, 3, 0, 1, 1, -1, 0, 0.906810, 0.559215
7, 383, 6, 0, 1, 1, -1, 0, 0.611968, 0.306230
7, 384, 4, 5, 1, 1, -1, 1, 0.612089, 0.346849
7, 385, 3, 4, 1, 1, 1, 1, 0.731256, 0.947309
7, 386, 6, 1, 1, 1, -1, 1, 0.645790, 0.511557
7, 387, 2, 6, 1, 1, -1, -1, 0.605795, 0.447414
7, 388, 3, 0, 0, 1, 1, 0, 0.572040, 1.207637
7, 389, 6, 0, 1, 1, 1, 0, 0.590358, 0.734278
7, 390, 3, 1, 1, -1, 1, -1, 0.963006, 0.067030
7, 391, 5, 0, 0, 1, 1, 0, 0.552019, 0.913055
7, 392, 2, 0, 1, 1, -1, 0, 0.592111, 0.366376
7, 393, 1, 5, 1, 1, 1, 1, 0.787906, 0.172688
7, 394, 6, 0, 1, 1, 1, 0, 0.724016, 0.320045
7, 395, 2, 0, 1, 1, -1, 0, 0.613151, 0.746482
7, 396, 4, 0, 1, 1, 1, 0, 0.657560, 0.287542
7, 397, 5, 6, 1, 1, 1, 1, 0.753361, 0.267922
7, 398, 1, 3, 1, 1, 1, -1, 0.716777, 0.265116
7, 399, 2, 6, 1, 1, 1, -1, 0.776472, 0.205546
7, 400, 4, 1, 1, -1, 1, -1, 0.963797, 0.040494
7, 401, 1, 0, 1, 1, -1, 0, 0.645404, 0.545989
7, 402, 3, 0, 1, 1, 1, 0, 0.600905, 1.506797
7, 403, 4, 0, 1, 1, -1, 0, 0.607113, 0.501317
7, 404, 5, 4, 1, 1, 1, 1, 0.761271, 0.252237
7, 405, 6, 0, 1, 1, 1, 0, 1.005919, 0.500886
7, 406, 3, 4, 1, 1, -1, 1, 0.683993, 0.206612
7, 407, 3, 0, 1, 1, -1, 0, 0.644075, 0.671963
7, 408, 3, 2, 1, 1, -1, 1, 0.686349, 0.579166
7, 409, 3, 0, 1, 1, -1, 0, 0.552445, 0.499472
7, 410, 3, 0, 1, 1, 1, 0, 0.578878, 0.551016
7, 411, 6, 0, 1, 1, -1, 0, 0.564875, 0.333546
7, 412, 4, 4, 1, 1, 1, 1, 1.023130, 0.393116
7, 413, 1, 0, 1, 1, 1, 0, 0.869413, 0.353231
7, 414, 5, 5, 1, 1, 1, -1, 0.727740, 0.547076
7, 415, 3, 4, 1, 1, -1, 1, 0.655986, 0.332780
7, 416, 6, 5, 1, -1, -1, -1, 0.982201, 0.126622
7, 417, 4, 6, 1, 1, -1, -1, 0.657677, 0.583318
7, 418, 1, 0, 1, 1, -1, 0, 0.605179, 0.820665
7, 419, 6, 1, 1, 1, 1, 1, 0.756211, 1.812886
7, 420, 4, 0, 1, 1, 1, 0, 0.583446, 0.233584
7, 421, 6, 0, 1, 1, 1, 0, 0.658463, 0.287323
7, 422, 5, 2, 1, 1, 1, 1, 0.744063, 0.811269
7, 423, 5, 0, 1, 1, 1, 0, 0.692038, 0.465192
7, 424, 1, 0, 1, 1, -1, 0, 0.580543, 0.371985
7, 425, 5, 5, 1, 1, 1, -1, 0.711434, 0.200829
7, 426, 3, 4, 1, 1, -1, -1, 0.670216, 0.492740
7, 427, 3, 0, 1, 1, 1, 0, 0.645549, 0.392218
7, 428, 5, 3, 1, 1, 1, -1, 0.673597, 1.185617
7, 429, 4, 0, 1, 1, -1, 0, 0.559776, 0.512435
7, 430, 3, 2, 1, 1, -1, -1, 0.659878, 0.313057
7, 431, 3, 6, 1, -1, -1, 1, 1.393086, 0.544241
7, 432, 1, 0, 1, 1, -1, 0, 0.677655, 0.271577
7, 433, 1, 6, 1, 1, 1, 1, 0.991569, 0.393737
7, 434, 4, 0, 0, 1, 1, 0, 0.566882, 0.965628
7, 435, 2, 3, 1, 1, 1, -1, 0.644387, 0.542610
7, 436, 4, 3, 1, 1, -1, -1, 0.586696, 0.380521
7, 437, 1, 6, 1, 1, -1, 1, 0.852098, 0.311256
7, 438, 3, 6, 1, 1, 1, 1, 0.722655, 0.245365
7, 439, 6, 0, 1, 1, -1, 0, 0.605325, 0.503922
7, 440, 2, 0, 1, 1, -1, 0, 0.533308, 0.824532
7, 441, 1, 0, 1, 1, 1, 0, 0.585588, 0.312618
7, 442, 6, 3, 1, 1, -1, -1, 0.732778, 0.334269
7, 443, 5, 0, 1, 1, -1, 0, 0.578885, 0.344236
7, 444, 3, 2, 1, 1, 1, -1, 0.651410, 0.248267
7, 445, 2, 0, 1, 1, -1, 0, 0.517368, 0.360087
7, 446, 6, 0, 1, 1, 1, 0, 0.691327, 0.272502
7, 447, 4, 4, 1, 1, 1, 1, 0.718602, 0.306113
7, 448, 2, 0, 1, 1, -1, 0, 0.546230, 0.968887
7, 449, 3, 0, 1, 1, -1, 0, 0.566432, 0.347782
7, 450, 5, 2, 1, 1, -1, 1, 0.589266, 0.265404
7, 451, 4, 0, 1, 1, 1, 0, 0.623506, 0.680682
7, 452, 2, 1, 1, -1, -1, 1, 0.947644, 0.120355
7, 453, 5, 0, 1, 1, -1, 0, 0.545195, 0.313185
7, 454, 1, 6, 1, 1, 1, 1, 0.618783, 0.835263
7, 455, 4, 0, 1, 1, -1, 0, 0.599862, 0.512512
7, 456, 6, 5, 1, 1, 1, 1, 0.745215, 0.219253
7, 457, 6, 2, 1, 1, -1, 1, 0.696266, 0.280008
7, 458, 1, 0, 1, 1, 1, 0, 0.722413, 0.187362
7, 459, 1, 0, 1, 1, -1, 0, 0.606145, 0.561841
7, 460, 3, 1, 1, -1, -1, 1, 0.975336, 0.073583
7, 461, 2, 0, 1, 1, -1, 0, 0.531075, 0.218626
7, 462, 1, 0, 1, 1, -1, 0, 0.573586, 0.180093
7, 463, 6, 0, 1, 1, 1, 0, 0.650928, 0.232628
7, 464, 3, 5, 1, -1, -1, 1, 0.967938, 0.113556
7, 465, 1, 0, 1, 1, 1, 0, 0.684808, 0.187104
7, 466, 2, 3, 0, 1, 1, 1, 0.616132, 1.052287
7, 467, 4, 6, 1, -1, 1, 1, 1.095385, 0.174216
7, 468, 2, 1, 1, 1, -1, -1, 0.784496, 0.206808
7, 469, 3, 3, 1, 1, 1, -1, 0.686946, 0.268546
7, 470, 4, 4, 1, 1, 1, -1, 0.861109, 0.179581
7, 471, 4, 1, 1, -1, -1, 1, 1.257998, 0.047749
7, 472, 2, 0, 1, 1, 1, 0, 0.604428, 0.204497
7, 473, 3, 2, 1, 1, 1, 1, 0.659018, 0.404968
7, 474, 6, 3, 1, 1, 1, 1, 0.754126, 0.334253
7, 475, 2, 6, 1, 1, 1, 1, 0.884220, 0.159864
7, 476, 3, 0, 1, 1, -1, 0, 0.603854, 0.398188
7, 477, 3, 6, 1, 1, 1, 1, 0.925243, 0.259975
7, 478, 5, 4, 1, 1, 1, 1, 0.897099, 0.160314
7, 479, 3, 0, 1, 1, -1, 0, 0.578913, 0.178283
7, 480, 6, 5, 1, 1, 1, 1, 0.672267, 0.205806
7, 481, 6, 0, 1, 1, -1, 0, 0.639229, 0.201534
7, 482, 3, 0, 1, 1, -1, 0, 0.612256, 0.227486
7, 483, 6, 3, 1, 1, 1, 1, 0.703939, 0.287162
7, 484, 2, 0, 1, 1, 1, 0, 0.613691, 0.354340
7, 485, 5, 0, 1, 1, -1, 0, 0.651906, 0.299894
7, 486, 4, 6, 1, 1, -1, 1, 0.805164, 0.226541
7, 487, 2, 5, 1, 1, 1, -1, 0.644966, 0.341117
7, 488, 3, 6, 1, 1, -1, -1, 0.671119, 0.247547
7, 489, 2, 0, 1, 1, -1, 0, 0.609891, 0.822535
7, 490, 2, 4, 1, 1, 1, -1, 0.779968, 0.211544
7, 491, 1, 0, 1, 1, -1, 0, 0.591319, 0.208385
7, 492, 3, 0, 1, 1, 1, 0, 0.597561, 0.346696
7, 493, 3, 0, 1, 1, 1, 0, 0.564308, 0.466289
7, 494, 2, 6, 1, 1, 1, -1, 0.598464, 0.510804
7, 495, 2, 4, 1, 1, -1, 1, 0.624548, 0.260468
7, 496, 5, 0, 1, 1, -1, 0, 0.520177, 0.707506
7, 497, 5, 6, 1, 1, -1, 1, 0.600559, 0.261509
7, 498, 2, 0, 1, 1, -1, 0, 0.498512, 0.474704
7, 499, 5, 0, 1, 1, -1, 0, 0.526794, 0.293781
7, 500, 4, 5, 1, 1, -1, 1, 0.544766, 0.193172
7, 501, 2, 2, 1, 1, 1, 1, 0.572047, 0.305661
7, 502, 3, 0, 1, 1, -1, 0, 0.573236, 0.372872
7, 503, 4, 0, 1, 1, -1, 0, 0.493375, 0.924933
7, 504, 4, 1, 1, -1, 1, 1, 1.009559, 0.034203
7, 505, 5, 0, 1, 1, 1, 0, 0.651436, 0.160025
7, 506, 4, 0, 1, 1, -1, 0, 0.605713, 0.153724
7, 507, 4, 0, 1, 1, -1, 0, 0.524687, 0.352642
7, 508, 3, 5, 1, 1, -1, -1, 0.566145, 0.173338
7, 509, 1, 3, 1, 1, -1, -1, 0.616804, 0.198696
7, 510, 6, 0, 1, 1, -1, 0, 0.588908, 0.299976
7, 511, 6, 6, 1, 1, 1, -1, 0.970014, 0.173857
7, 512, 1, 0, 1, 1, 1, 0, 0.918110, 0.326097
7, 513, 4, 6, 0, 1, 1, 1, 0.673893, 1.863857
7, 514, 4, 1, 1, -1, -1, -1, 1.257335, 0.000000
7, 515, 3, 0, 1, 1, 1, 0, 0.775707, 0.133356
7, 516, 6, 0, 1, 1, -1, 0, 0.598772, 0.180227
7, 517, 4, 0, 1, 1, -1, 0, 1.251798, 0.885822
7, 518, 2, 0, 1, 1, 1, 0, 0.572323, 0.284822
7, 519, 3, 0, 1, 1, 1, 0, 0.647280, 0.286648
7, 520, 5, 0, 1, 1, -1, 0, 0.737895, 0.300283
7, 521, 5, 5, 1, 1, 1, 1, 0.725958, 0.194750
7, 522, 6, 0, 1, 1, -1, 0, 0.592081, 0.394595
7, 523, 6, 2, 1, -1, -1, 1, 0.903080, 0.319716
7, 524, 1, 5, 1, -1, -1, -1, 0.994183, 0.040374
7, 525, 4, 3, 1, 1, 1, -1, 0.725679, 0.247124
7, 526, 6, 0, 1, 1, -1, 0, 0.573350, 0.676513
7, 527, 6, 0, 1, 1, -1, 0, 0.566907, 0.494323
7, 528, 5, 0, 1, 1, 1, 0, 0.658800, 0.424971
7, 529, 3, 0, 1, 1, -1, 0, 0.570886, 0.391460
7, 530, 2, 1, 1, 1, 1, -1, 0.665186, 0.206198
7, 531, 3, 6, 1, 1, -1, 1, 0.619839, 0.440304
7, 532, 2, 0, 1, 1, -1, 0, 0.597427, 0.384547
7, 533, 6, 3, 1, 1, -1, -1, 0.680615, 0.319359
7, 534, 2, 1, 1, 1, 1, 1, 1.068425, 0.398895
7, 535, 2, 0, 1, 1, -1, 0, 0.598442, 0.317946
7, 536, 4, 0, 0, 1, 1, 0, 0.565308, 0.863578
7, 537, 2, 0, 1, 1, 1, 0, 0.579679, 0.325730
7, 538, 2, 0, 1, 1, 1, 0, 0.540265, 0.206606
7, 539, 2, 2, 1, 1, -1, 1, 0.644010, 0.325528
7, 540, 2, 0, 0, 1, 1, 0, 0.520514, 1.045550
7, 541, 4, 2, 1, 1, -1, 1, 0.757996, 0.254081
7, 542, 6, 0, 1, 1, -1, 0, 0.737472, 0.630376
7, 543, 6, 2, 1, -1, 1, 1, 1.203305, 0.127882
7, 544, 5, 6, 1, 1, 1, -1, 0.670718, 0.629068
7, 545, 1, 1, 1, 1, 1, 1, 0.811508, 0.273044
7, 546, 2, 4, 1, -1, 1, 1, 1.061022, 0.000000
7, 547, 5, 0, 1, 1, -1, 0, 0.586520, 0.140024
7, 548, 5, 0, 1, 1, 1, 0, 0.643177, 0.179978
7, 549, 6, 6, 1, 1, -1, 1, 0.907795, 0.206782
7, 550, 6, 2, 1, 1, 1, -1, 0.996583, 0.192481
7, 551, 6, 0, 1, 1, 1, 0, 0.611676, 0.166915
7, 552, 6, 5, 1, 1, -1, -1, 0.617643, 0.199556
7, 553, 1, 4, 1, 1, -1, -1, 0.672836, 0.274367
7, 554, 5, 0, 1, 1, 1, 0, 0.612877, 0.173038
7, 555, 6, 0, 1, 1, -1, 0, 1.012434, 0.360706
7, 556, 5, 0, 1, 1, 1, 0, 0.758496, 0.167262
7, 557, 6, 0, 1, 1, -1, 0, 0.743371, 0.478309
7, 558, 6, 3, 1, 1, 1, -1, 0.670528, 0.405722
7, 559, 1, 0, 1, 1, -1, 0, 0.577746, 0.733228
7, 560, 6, 1, 1, 1, 1, 1, 0.717767, 0.240621
7, 561, 5, 4, 1, 1, -1, -1, 0.645942, 0.354042
7, 562, 2, 3, 1, 1, -1, -1, 0.565786, 0.312117
7, 563, 2, 6, 1, 1, -1, 1, 0.572497, 0.353402
7, 564, 6, 1, 1, 1, 1, -1, 0.686874, 0.360916
7, 565, 5, 3, 1, 1, -1, 1, 0.635855, 0.538709
7, 566, 1, 0, 1, 1, 1, 0, 0.617072, 0.240034
7, 567, 2, 2, 1, 1, -1, -1, 0.544865, 0.293146
7, 568, 4, 3, 1, 1, -1, 1, 0.584699, 0.225346
7, 569, 4, 3, 1, 1, -1, -1, 1.164091, 0.326500
7, 570, 3, 1, 1, -1, 1, -1, 1.019029, 0.034347
7, 571, 6, 6, 1, 1, 1, -1, 0.901656, 0.120271
7, 572, 6, 0, 1, 1, 1, 0, 0.645537, 0.133994
7, 573, 3, 0, 1, 1, -1, 0, 0.566972, 0.174058
7, 574, 5, 0, 1, 1, -1, 0, 0.498596, 0.160402
7, 575, 2, 0, 1, 1, 1, 0, 0.505046, 0.372082
7, 576, 2, 0, 1, 1, 1, 0, 0.521129, 0.120670
7, 577, 2, 1, 1, 1, -1, -1, 0.533491, 0.294800
