observer, trial, targLoc, distLoc, targDiscrim, thoughtNoAttCap, tc, dc, RT, TrialTypeRT
1, 1, 1, 0, 1, 1, 1, 0, 1.700179, 3.082489
1, 2, 3, 5, 1, -1, -1, -1, 2.356983, 1.433077
1, 3, 3, 0, 1, 1, -1, 0, 1.571259, 1.789177
1, 4, 1, 6, 1, -1, 1, -1, 4.080437, 1.366133
1, 5, 6, 0, 1, 1, -1, 0, 1.974559, 8.699373
1, 6, 5, 2, 1, -1, 1, -1, 1.545264, 1.802608
1, 7, 1, 4, 1, -1, 1, -1, 2.042865, 0.913209
1, 8, 4, 0, 1, 1, -1, 0, 1.647972, 2.371322
1, 9, 1, 0, 1, 1, 1, 0, 1.408110, 1.217561
1, 10, 5, 6, 1, 1, -1, -1, 2.164152, 0.912839
1, 11, 3, 5, 1, 1, -1, -1, 3.097477, 2.532876
1, 12, 5, 0, 1, 1, 1, 0, 1.823809, 1.175855
1, 13, 1, 0, 1, 1, -1, 0, 1.140938, 1.312465
1, 14, 2, 3, 1, -1, -1, -1, 2.131267, 1.052008
1, 15, 3, 5, 1, -1, -1, 1, 3.251600, 1.157723
1, 16, 4, 0, 1, 1, 1, 0, 1.773115, 4.232163
1, 17, 6, 0, 1, 1, -1, 0, 2.173032, 1.131339
1, 18, 2, 4, 1, -1, 1, -1, 3.002697, 2.254170
1, 19, 6, 0, 1, 1, -1, 0, 2.754349, 0.526471
1, 20, 5, 0, 1, 1, 1, 0, 3.239764, 1.772008
1, 21, 5, 0, 1, 1, -1, 0, 1.181768, 0.849203
1, 22, 1, 0, 1, 1, -1, 0, 0.985633, 0.971566
1, 23, 4, 6, 1, -1, 1, 1, 2.606920, 1.947491
1, 24, 5, 3, 1, -1, -1, -1, 2.448740, 0.595446
1, 25, 5, 0, 1, 1, -1, 0, 1.794996, 0.928570
1, 26, 1, 6, 1, -1, -1, 1, 4.508780, 1.973263
1, 27, 4, 5, 1, -1, 1, -1, 4.336478, 1.293710
1, 28, 2, 0, 1, -1, 1, 0, 3.171667, 0.694835
1, 29, 3, 4, 1, 1, -1, 1, 1.396225, 1.224898
1, 30, 6, 1, 1, -1, -1, 1, 1.871261, 0.373151
1, 31, 5, 0, 1, 1, -1, 0, 1.454713, 1.108333
1, 32, 2, 0, 1, 1, -1, 0, 2.713721, 1.090898
1, 33, 4, 2, 1, -1, 1, -1, 1.768572, 0.705680
1, 34, 4, 1, 1, -1, -1, 1, 2.133220, 0.807861
1, 35, 2, 4, 1, -1, -1, -1, 3.463994, 0.746269
1, 36, 6, 0, 0, -1, 1, 0, 1.135655, 0.927200
1, 37, 1, 0, 1, 1, 1, 0, 1.716960, 1.411897
1, 38, 3, 0, 1, 1, 1, 0, 1.484779, 0.387288
1, 39, 1, 0, 1, 1, 1, 0, 0.074273, 1.015830
1, 40, 6, 0, 1, 1, 1, 0, 1.121479, 0.649362
1, 41, 5, 2, 1, 1, 1, 1, 2.168934, 0.851876
1, 42, 3, 1, 1, -1, -1, -1, 1.468721, 0.793499
1, 43, 3, 0, 0, 1, -1, 0, 1.255252, 2.561242
1, 44, 1, 3, 1, -1, -1, -1, 1.804238, 0.613134
1, 45, 6, 5, 1, -1, -1, 1, 1.541198, 0.513351
1, 46, 2, 6, 1, -1, -1, -1, 1.294147, 0.410205
1, 47, 4, 6, 1, -1, 1, -1, 0.001099, 0.506653
1, 48, 4, 1, 1, -1, -1, 1, 1.067082, 1.252409
1, 49, 3, 5, 1, -1, 1, -1, 2.114725, 0.379808
1, 50, 4, 0, 0, 1, 1, 0, 1.777670, 4.280408
1, 51, 6, 0, 1, 1, -1, 0, 1.008959, 1.315606
1, 52, 1, 2, 1, -1, 1, 1, 1.472181, 0.377351
1, 53, 2, 5, 1, -1, 1, -1, 1.373190, 1.102368
1, 54, 1, 1, 1, -1, 1, -1, 1.564452, 2.604607
1, 55, 6, 0, 1, 1, -1, 0, 0.888825, 1.199154
1, 56, 1, 4, 1, -1, 1, 1, 1.586948, 1.516716
1, 57, 5, 0, 1, 1, -1, 0, 1.040712, 0.820505
1, 58, 3, 0, 1, 1, 1, 0, 2.592786, 1.239148
1, 59, 6, 3, 1, 1, 1, -1, 2.473709, 0.614200
1, 60, 1, 0, 1, 1, 1, 0, 1.243409, 0.592243
1, 61, 2, 5, 1, 1, -1, -1, 1.533737, 1.377944
1, 62, 3, 1, 1, -1, 1, 1, 2.601513, 1.277044
1, 63, 5, 3, 1, 1, 1, 1, 1.893599, 1.860233
1, 64, 3, 6, 1, -1, 1, 1, 2.817174, 1.617471
1, 65, 6, 0, 1, 1, 1, 0, 1.256081, 0.826919
1, 66, 4, 3, 1, 1, 1, 1, 1.642013, 6.403391
1, 67, 1, 0, 1, 1, 1, 0, 1.014827, 0.612048
1, 68, 5, 0, 1, 1, -1, 0, 1.562440, 1.089605
1, 69, 3, 0, 1, 1, 1, 0, 1.287028, 0.500259
1, 70, 6, 0, 1, 1, -1, 0, 0.929112, 1.318338
1, 71, 2, 1, 1, -1, -1, 1, 2.093500, 2.257885
1, 72, 3, 0, 1, 1, 1, 0, 1.439078, 2.299868
1, 73, 6, 6, 1, -1, -1, 1, 1.188003, 1.268509
1, 74, 5, 3, 1, 1, -1, 1, 1.463483, 0.736813
1, 75, 4, 6, 1, -1, -1, 1, 1.562511, 1.878022
1, 76, 5, 0, 1, 1, -1, 0, 0.885215, 2.033819
1, 77, 1, 2, 1, -1, 1, -1, 1.543558, 1.821114
1, 78, 6, 4, 1, -1, 1, -1, 1.742449, 0.602684
1, 79, 5, 0, 1, 1, 1, 0, 1.056105, 1.530076
1, 80, 5, 2, 1, 1, -1, -1, 1.508600, 0.549931
1, 81, 1, 1, 1, -1, -1, -1, 3.166783, 1.274947
1, 82, 6, 5, 1, -1, 1, -1, 1.149439, 1.019649
1, 83, 1, 4, 1, 1, -1, 1, 1.266262, 1.139435
1, 84, 6, 4, 1, 1, -1, 1, 1.655851, 0.938986
1, 85, 4, 0, 1, 1, -1, 0, 1.053304, 1.887587
1, 86, 6, 6, 1, 1, 1, 1, 2.119110, 0.807617
1, 87, 4, 0, 1, 1, -1, 0, 1.685447, 0.492820
1, 88, 1, 0, 1, 1, -1, 0, 0.872903, 1.123994
1, 89, 2, 1, 1, -1, 1, 1, 1.990422, 3.632039
1, 90, 1, 0, 1, 1, -1, 0, 0.921562, 0.637238
1, 91, 6, 0, 1, 1, -1, 0, 0.956905, 1.290335
1, 92, 4, 1, 1, 1, 1, 1, 1.917619, 1.866650
1, 93, 2, 0, 1, 1, 1, 0, 1.299038, 1.218231
1, 94, 5, 4, 1, -1, 1, 1, 0.220354, 0.558519
1, 95, 1, 0, 1, 1, 1, 0, 1.876428, 0.993366
1, 96, 3, 1, 1, -1, 1, -1, 3.160378, 0.386918
1, 97, 4, 0, 1, 1, 1, 0, 1.469134, 0.765481
1, 98, 2, 3, 1, 1, 1, -1, 2.272003, 0.846432
1, 99, 2, 0, 1, 1, 1, 0, 1.521217, 4.586139
1, 100, 2, 0, 1, 1, -1, 0, 0.835644, 1.787476
1, 101, 2, 0, 1, 1, 1, 0, 0.932138, 1.157380
1, 102, 1, 0, 1, 1, -1, 0, 0.975949, 0.001005
1, 103, 3, 0, 1, 1, -1, 0, 0.903967, 0.634060
1, 104, 3, 0, 1, 1, 1, 0, 1.512818, 0.820777
1, 105, 4, 0, 1, 1, -1, 0, 0.874649, 0.622267
1, 106, 3, 0, 1, 1, 1, 0, 2.186700, 0.650116
1, 107, 6, 3, 1, -1, 1, -1, 2.190536, 0.766646
1, 108, 2, 0, 1, 1, -1, 0, 0.902796, 1.298740
1, 109, 6, 6, 1, 1, 1, -1, 2.990209, 0.930799
1, 110, 1, 0, 1, 1, -1, 0, 1.108421, 1.086719
1, 111, 1, 6, 1, -1, 1, 1, 1.837531, 2.208126
1, 112, 3, 0, 1, 1, -1, 0, 1.001738, 0.677673
1, 113, 1, 0, 1, 1, -1, 0, 0.900353, 1.807848
1, 114, 1, 1, 1, -1, 1, 1, 1.733295, 0.523302
1, 115, 2, 1, 1, -1, 1, -1, 1.711376, 0.879864
1, 116, 2, 2, 1, 1, -1, 1, 2.159898, 1.475739
1, 117, 3, 0, 1, 1, 1, 0, 1.352472, 0.826178
1, 118, 4, 1, 1, 1, 1, -1, 3.740390, 0.939574
1, 119, 2, 0, 1, 1, 1, 0, 0.931138, 0.533976
1, 120, 2, 2, 1, -1, 1, 1, 4.221103, 1.062420
1, 121, 6, 0, 1, 1, -1, 0, 1.654107, 2.089967
1, 122, 1, 4, 1, -1, 1, -1, 2.410352, 3.921050
1, 123, 2, 6, 1, 1, -1, 1, 1.034487, 0.508757
1, 124, 2, 0, 1, 1, 1, 0, 4.193757, 0.707364
1, 125, 3, 0, 0, 1, 1, 0, 1.171231, 3.655622
1, 126, 4, 0, 1, 1, 1, 0, 1.584816, 1.021565
1, 127, 5, 0, 1, 1, 1, 0, 0.959345, 2.424744
1, 128, 3, 1, 1, 1, -1, 1, 4.319169, 2.488124
1, 129, 4, 4, 1, 1, -1, -1, 2.456772, 0.001006
1, 130, 4, 5, 1, 1, -1, 1, 1.263903, 0.357948
1, 131, 4, 3, 1, 1, 1, 1, 1.170409, 0.517687
1, 132, 2, 2, 1, -1, 1, 1, 1.567817, 0.371904
1, 133, 1, 0, 1, 1, 1, 0, 1.321628, 0.566087
1, 134, 6, 4, 1, 1, 1, -1, 4.262368, 2.737664
1, 135, 6, 2, 1, -1, 1, -1, 1.559152, 0.285465
1, 136, 1, 4, 1, 1, -1, -1, 1.567358, 2.009846
1, 137, 6, 0, 1, 1, -1, 0, 1.101248, 0.705625
1, 138, 3, 5, 1, 1, 1, 1, 1.349054, 0.912622
1, 139, 5, 0, 1, 1, 1, 0, 2.804330, 0.715586
1, 140, 2, 6, 1, -1, -1, 1, 1.169052, 0.778262
1, 141, 2, 0, 1, 1, 1, 0, 1.355662, 1.009467
1, 142, 1, 0, 1, 1, -1, 0, 1.122718, 0.702836
1, 143, 5, 0, 1, 1, -1, 0, 1.015989, 0.739090
1, 144, 6, 0, 0, 1, 1, 0, 0.890673, 1.424869
1, 145, 3, 0, 1, 1, -1, 0, 0.916762, 0.555529
1, 146, 3, 1, 1, -1, 1, 1, 0.899365, 0.918203
1, 147, 3, 0, 1, -1, 1, 0, 0.933061, 0.437112
1, 148, 1, 5, 1, -1, 1, -1, 3.510181, 0.667461
1, 149, 6, 3, 1, -1, -1, -1, 1.205796, 0.535070
1, 150, 6, 0, 1, 1, 1, 0, 0.853189, 2.886489
1, 151, 3, 0, 1, 1, 1, 0, 1.310692, 0.857619
1, 152, 6, 0, 1, 1, 1, 0, 1.615048, 3.173498
1, 153, 4, 0, 1, 1, 1, 0, 0.940747, 1.091854
1, 154, 3, 0, 1, 1, -1, 0, 1.195884, 2.359953
1, 155, 4, 5, 1, -1, 1, -1, 1.351741, 0.685926
1, 156, 3, 2, 1, -1, 1, -1, 0.471943, 0.332594
1, 157, 3, 4, 1, -1, 1, -1, 0.377033, 0.789989
1, 158, 5, 0, 1, 1, 1, 0, 0.948884, 0.986741
1, 159, 3, 6, 1, -1, 1, -1, 1.970931, 2.044085
1, 160, 4, 6, 1, 1, -1, 1, 1.624618, 0.453658
1, 161, 2, 0, 1, 1, -1, 0, 2.349526, 0.428944
1, 162, 6, 2, 1, -1, -1, -1, 1.263413, 1.316456
1, 163, 5, 4, 1, 1, -1, 1, 1.052969, 0.901111
1, 164, 4, 1, 0, -1, 1, 1, 0.897593, 0.964983
1, 165, 4, 1, 1, -1, -1, -1, 1.155753, 0.931656
1, 166, 2, 0, 1, 1, -1, 0, 1.218632, 0.318962
1, 167, 5, 0, 1, 1, 1, 0, 1.375050, 0.651507
1, 168, 5, 1, 1, 1, 1, -1, 1.503259, 0.583064
1, 169, 4, 6, 1, 1, 1, 1, 1.190806, 1.190242
1, 170, 3, 3, 1, -1, -1, 1, 1.224401, 0.662876
1, 171, 1, 0, 1, 1, -1, 0, 0.933858, 1.702863
1, 172, 1, 0, 1, 1, 1, 0, 1.418515, 2.616426
1, 173, 3, 4, 1, 1, 1, -1, 1.145469, 0.453195
1, 174, 5, 4, 1, 1, 1, -1, 1.359042, 1.987182
1, 175, 2, 4, 1, 1, 1, 1, 1.607097, 2.038566
1, 176, 5, 0, 1, 1, -1, 0, 0.947995, 3.317683
1, 177, 2, 5, 1, 1, 1, 1, 1.880325, 0.898889
1, 178, 6, 5, 1, 1, 1, -1, 0.556056, 0.555335
1, 179, 4, 0, 1, 1, 1, 0, 1.116727, 1.623290
1, 180, 3, 0, 1, 1, -1, 0, 1.168519, 1.461442
1, 181, 3, 6, 1, -1, 1, 1, 0.313832, 0.863796
1, 182, 3, 0, 1, 1, 1, 0, 0.001064, 1.843253
1, 183, 5, 2, 1, 1, -1, -1, 1.808536, 0.001272
1, 184, 4, 2, 1, -1, -1, -1, 1.472346, 1.504241
1, 185, 5, 0, 1, 1, -1, 0, 0.001058, 1.207337
1, 186, 5, 0, 1, 1, 1, 0, 1.732941, 3.091607
1, 187, 5, 0, 0, -1, 1, 0, 1.161514, 1.409860
1, 188, 3, 0, 1, 1, -1, 0, 0.186736, 1.026899
1, 189, 1, 0, 1, 1, -1, 0, 1.798772, 0.406204
1, 190, 4, 5, 1, -1, -1, -1, 1.077116, 0.936724
1, 191, 5, 2, 1, 1, -1, 1, 1.005744, 4.748723
1, 192, 1, 1, 1, 1, 1, 1, 1.622717, 1.083770
1, 193, 6, 0, 1, 1, -1, 0, 0.857288, 0.703285
1, 194, 1, 3, 1, 1, -1, -1, 1.159096, 2.877905
1, 195, 2, 1, 1, -1, 1, 1, 1.147098, 0.411202
1, 196, 6, 2, 1, -1, 1, 1, 1.244140, 2.549101
1, 197, 1, 2, 1, 1, 1, 1, 1.034642, 1.293013
1, 198, 1, 0, 1, 1, -1, 0, 1.055032, 1.349009
1, 199, 1, 6, 1, 1, -1, 1, 1.253407, 4.621238
1, 200, 1, 2, 1, 1, -1, -1, 1.282893, 0.342951
1, 201, 3, 6, 1, -1, -1, -1, 1.013697, 0.488226
1, 202, 1, 5, 1, -1, -1, 1, 1.091582, 0.502137
1, 203, 3, 2, 1, -1, -1, 1, 1.059842, 0.543216
1, 204, 2, 0, 1, 1, -1, 0, 1.040549, 2.230484
1, 205, 4, 0, 0, 1, 1, 0, 2.002865, 1.289895
1, 206, 3, 6, 1, 1, 1, -1, 1.140537, 0.679171
1, 207, 6, 0, 1, 1, 1, 0, 0.970885, 0.406103
1, 208, 3, 0, 1, 1, -1, 0, 1.084327, 1.183573
1, 209, 4, 0, 1, 1, -1, 0, 1.161254, 3.298794
1, 210, 1, 3, 1, 1, 1, 1, 1.136661, 2.308511
1, 211, 3, 0, 1, 1, 1, 0, 1.690224, 0.709373
1, 212, 4, 0, 1, 1, -1, 0, 1.411293, 0.166779
1, 213, 5, 0, 1, -1, -1, 0, 1.027716, 0.748839
1, 214, 6, 0, 1, 1, -1, 0, 1.141285, 3.434997
1, 215, 6, 0, 1, 1, 1, 0, 1.357038, 0.486604
1, 216, 6, 3, 1, 1, -1, 1, 0.306081, 1.966350
1, 217, 6, 1, 1, 1, 1, -1, 1.539768, 0.699527
1, 218, 1, 3, 1, 1, 1, 1, 2.497738, 0.924506
1, 219, 1, 0, 1, 1, -1, 0, 0.749725, 0.458342
1, 220, 3, 0, 1, 1, 1, 0, 0.915291, 0.686699
1, 221, 5, 1, 1, 1, -1, -1, 1.063233, 0.359728
1, 222, 1, 0, 1, 1, 1, 0, 1.212622, 0.438697
1, 223, 2, 5, 1, 1, -1, 1, 1.311701, 1.535272
1, 224, 5, 0, 1, 1, -1, 0, 0.721490, 0.563741
1, 225, 1, 0, 1, 1, -1, 0, 1.398805, 1.583277
1, 226, 6, 0, 1, 1, 1, 0, 1.185090, 2.388077
1, 227, 6, 0, 1, 1, 1, 0, 1.502073, 0.391251
1, 228, 3, 3, 1, -1, 1, 1, 0.087380, 0.327884
1, 229, 1, 0, 1, 1, 1, 0, 3.413585, 0.551868
1, 230, 2, 0, 1, 1, 1, 0, 0.923331, 3.051434
1, 231, 1, 5, 1, 1, 1, 1, 1.686793, 1.797743
1, 232, 3, 2, 1, -1, -1, -1, 1.591491, 0.692371
1, 233, 3, 2, 1, 1, 1, 1, 1.719109, 0.700214
1, 234, 6, 0, 1, 1, 1, 0, 0.906244, 0.622478
1, 235, 6, 0, 1, 1, -1, 0, 0.020937, 0.919442
1, 236, 2, 0, 1, 1, -1, 0, 1.124114, 2.428426
1, 237, 5, 0, 1, 1, -1, 0, 1.767525, 0.762547
1, 238, 5, 4, 1, 1, -1, 1, 0.740468, 0.398841
1, 239, 5, 4, 1, 1, -1, -1, 0.941986, 1.258063
1, 240, 4, 0, 0, 1, 1, 0, 0.512252, 1.442427
1, 241, 2, 5, 1, 1, -1, -1, 0.247061, 1.411683
1, 242, 2, 3, 1, 1, -1, 1, 0.955982, 0.403671
1, 243, 6, 4, 1, 1, 1, 1, 0.001120, 0.547839
1, 244, 4, 4, 1, 1, 1, 1, 1.124398, 0.470556
1, 245, 6, 0, 1, 1, -1, 0, 0.001103, 0.351897
1, 246, 2, 3, 1, 1, -1, 1, 2.165740, 0.386166
1, 247, 6, 6, 1, 1, -1, 1, 1.146918, 2.161588
1, 248, 5, 0, 1, 1, -1, 0, 0.889598, 1.197509
1, 249, 3, 0, 1, 1, -1, 0, 0.939289, 0.602892
1, 250, 6, 5, 1, 1, -1, 1, 0.926105, 0.634056
1, 251, 5, 0, 1, 1, 1, 0, 2.394698, 3.013399
1, 252, 3, 0, 1, 1, -1, 0, 1.046823, 0.768736
1, 253, 4, 0, 1, 1, -1, 0, 1.203903, 3.601417
1, 254, 6, 0, 1, 1, -1, 0, 0.965886, 0.001032
1, 255, 2, 0, 1, 1, -1, 0, 0.915487, 0.001000
1, 256, 5, 0, 1, 1, -1, 0, 1.060236, 0.001001
1, 257, 4, 3, 1, -1, -1, 1, 1.325720, 0.001016
1, 258, 1, 0, 1, 1, 1, 0, 0.898989, 0.472343
1, 259, 2, 0, 1, 1, 1, 0, 1.006798, 1.207544
1, 260, 4, 0, 1, 1, -1, 0, 1.111816, 1.455019
1, 261, 1, 0, 1, 1, 1, 0, 1.123266, 0.001015
1, 262, 3, 4, 1, 1, -1, -1, 1.259150, 0.488592
1, 263, 4, 0, 1, 1, 1, 0, 1.395955, 2.128469
1, 264, 1, 0, 1, 1, 1, 0, 1.307764, 1.558308
1, 265, 6, 1, 1, 1, -1, -1, 1.227151, 0.001009
1, 266, 6, 0, 1, 1, 1, 0, 1.086909, 1.274964
1, 267, 2, 6, 1, 1, 1, -1, 1.494739, 0.001013
1, 268, 2, 1, 1, -1, -1, -1, 1.137353, 1.606476
1, 269, 5, 1, 1, 1, 1, 1, 3.655893, 0.718717
1, 270, 4, 0, 1, 1, -1, 0, 1.167588, 3.389137
1, 271, 2, 0, 1, 1, 1, 0, 0.001264, 1.007176
1, 272, 1, 6, 1, 1, -1, -1, 0.001046, 0.445151
1, 273, 3, 0, 1, 1, 1, 0, 0.951098, 0.401480
1, 274, 5, 0, 1, 1, -1, 0, 1.013272, 0.505149
1, 275, 6, 6, 1, 1, 1, -1, 1.262298, 1.363548
1, 276, 3, 0, 1, 1, -1, 0, 0.001075, 1.244241
1, 277, 4, 0, 1, 1, -1, 0, 0.824707, 0.001061
1, 278, 4, 0, 0, 1, 1, 0, 0.723411, 0.651017
1, 279, 6, 2, 1, 1, 1, 1, 2.374653, 0.371686
1, 280, 4, 0, 1, 1, 1, 0, 1.502053, 0.604163
1, 281, 5, 5, 1, 1, 1, -1, 1.120262, 0.873293
1, 282, 1, 0, 1, 1, 1, 0, 1.599201, 0.880255
1, 283, 2, 0, 1, 1, -1, 0, 0.821170, 0.001012
1, 284, 5, 4, 1, 1, -1, -1, 0.001027, 0.967242
1, 285, 4, 4, 1, -1, 1, 1, 1.462317, 0.420611
1, 286, 4, 6, 1, -1, 1, -1, 0.245841, 0.717836
1, 287, 4, 6, 1, -1, -1, -1, 1.143324, 0.714107
1, 288, 4, 3, 1, 1, 1, -1, 1.023140, 0.576797
1, 289, 1, 3, 1, 1, -1, 1, 1.265486, 1.582783
1, 290, 3, 0, 1, 1, -1, 0, 1.208972, 1.281044
1, 291, 6, 5, 1, 1, -1, -1, 1.213835, 0.727468
1, 292, 3, 4, 1, 1, 1, 1, 0.054054, 0.933876
1, 293, 4, 0, 1, 1, 1, 0, 2.804351, 0.604654
1, 294, 6, 0, 1, 1, 1, 0, 1.411124, 0.577831
1, 295, 5, 0, 1, 1, 1, 0, 1.900448, 0.861571
1, 296, 1, 5, 1, -1, 1, -1, 0.443090, 0.943470
1, 297, 1, 4, 0, -1, 1, 1, 1.654043, 1.058858
1, 298, 5, 0, 1, 1, -1, 0, 1.250589, 0.653757
1, 299, 4, 0, 1, 1, -1, 0, 0.924430, 0.571508
1, 300, 1, 0, 1, 1, -1, 0, 0.610344, 0.867836
1, 301, 4, 0, 1, 1, 1, 0, 2.283552, 1.733878
1, 302, 1, 2, 1, 1, -1, 1, 0.979223, 0.761491
1, 303, 2, 0, 1, 1, -1, 0, 0.001077, 0.832641
1, 304, 6, 0, 1, 1, 1, 0, 1.964906, 0.633164
1, 305, 3, 1, 1, -1, 1, -1, 1.114029, 0.580344
1, 306, 5, 1, 1, -1, -1, 1, 1.036760, 0.921912
1, 307, 6, 3, 1, 1, -1, 1, 1.100744, 0.821047
1, 308, 5, 4, 1, 1, 1, -1, 0.001027, 0.768079
1, 309, 5, 0, 1, 1, 1, 0, 0.841817, 0.638711
1, 310, 2, 0, 1, 1, 1, 0, 0.616697, 0.861182
1, 311, 1, 0, 1, -1, 1, 0, 0.928926, 0.483752
1, 312, 6, 0, 1, 1, -1, 0, 0.840911, 1.032603
1, 313, 1, 3, 1, -1, 1, -1, 1.303616, 0.585742
1, 314, 3, 0, 1, 1, 1, 0, 1.132366, 0.683229
1, 315, 1, 0, 1, 1, 1, 0, 0.392890, 1.483881
1, 316, 2, 0, 1, 1, 1, 0, 1.250404, 0.812135
1, 317, 2, 0, 1, 1, -1, 0, 0.001030, 3.964699
1, 318, 1, 0, 1, 1, 1, 0, 1.582625, 1.979604
1, 319, 3, 0, 1, 1, -1, 0, 0.633383, 0.606202
1, 320, 5, 3, 1, 1, 1, 1, 1.298774, 0.391950
1, 321, 1, 1, 1, 1, -1, -1, 0.027769, 0.759908
1, 322, 4, 0, 1, 1, -1, 0, 1.256870, 0.001014
1, 323, 5, 3, 1, 1, 1, -1, 1.742468, 1.232289
1, 324, 3, 0, 1, 1, -1, 0, 1.098850, 0.992118
1, 325, 2, 4, 1, 1, -1, 1, 1.372295, 0.739298
1, 326, 6, 6, 1, 1, -1, -1, 1.066547, 1.040566
1, 327, 3, 0, 1, 1, 1, 0, 0.001049, 0.695628
1, 328, 2, 0, 1, -1, 1, 0, 4.241569, 0.750077
1, 329, 2, 4, 1, -1, -1, 1, 1.361044, 0.379980
1, 330, 1, 5, 1, -1, -1, -1, 0.516506, 3.447855
1, 331, 5, 5, 1, 1, -1, 1, 0.809607, 0.001008
1, 332, 6, 4, 0, -1, 1, 1, 0.988564, 0.001007
1, 333, 4, 2, 1, 1, -1, -1, 1.082422, 1.420933
1, 334, 5, 5, 1, 1, 1, 1, 1.393908, 1.035126
1, 335, 2, 3, 1, 1, 1, 1, 2.041389, 0.403064
1, 336, 3, 5, 1, 1, -1, 1, 1.203311, 2.291838
1, 337, 2, 4, 1, 1, -1, -1, 1.115006, 0.670902
1, 338, 2, 0, 1, 1, -1, 0, 0.924237, 0.625584
1, 339, 2, 3, 1, 1, -1, -1, 0.001043, 1.042347
1, 340, 2, 2, 1, 1, -1, -1, 0.827859, 0.972003
1, 341, 6, 0, 1, 1, 1, 0, 0.001052, 0.482980
1, 342, 4, 0, 1, 1, -1, 0, 0.120920, 1.281399
1, 343, 3, 0, 1, 1, 1, 0, 0.067605, 0.537750
1, 344, 1, 0, 1, 1, -1, 0, 0.904288, 1.110016
1, 345, 5, 6, 1, -1, 1, 1, 1.282213, 0.365990
1, 346, 3, 0, 1, 1, -1, 0, 0.927942, 0.762095
1, 347, 3, 4, 1, -1, 1, 1, 0.014055, 0.403967
1, 348, 5, 1, 1, -1, 1, -1, 1.211129, 0.880926
1, 349, 3, 0, 1, 1, -1, 0, 0.001088, 0.339497
1, 350, 1, 3, 1, 1, 1, -1, 0.478151, 1.349514
1, 351, 2, 1, 1, 1, 1, -1, 1.418894, 0.616064
1, 352, 2, 0, 1, 1, -1, 0, 0.800743, 0.942093
1, 353, 4, 0, 1, 1, 1, 0, 1.291995, 0.997901
1, 354, 5, 3, 1, 1, -1, -1, 0.014272, 0.914550
1, 355, 2, 2, 1, 1, 1, -1, 1.286445, 0.557064
1, 356, 3, 4, 1, 1, -1, 1, 1.007700, 0.497583
1, 357, 1, 4, 1, -1, -1, 1, 1.253066, 0.472637
1, 358, 5, 6, 1, 1, -1, 1, 0.704779, 1.403028
1, 359, 4, 0, 1, 1, -1, 0, 0.881530, 1.192913
1, 360, 5, 0, 1, 1, 1, 0, 1.777332, 1.289175
1, 361, 4, 0, 1, 1, 1, 0, 0.492209, 0.780765
1, 362, 6, 1, 1, -1, 1, 1, 0.987448, 1.137686
1, 363, 3, 2, 1, -1, -1, -1, 0.612412, 0.418937
1, 364, 5, 0, 1, 1, -1, 0, 0.993665, 0.001013
1, 365, 1, 0, 1, 1, -1, 0, 0.133484, 0.323973
1, 366, 4, 2, 1, 1, 1, -1, 0.942005, 0.596634
1, 367, 5, 6, 1, 1, 1, -1, 1.091305, 0.712937
1, 368, 6, 0, 1, 1, -1, 0, 1.196977, 0.600118
1, 369, 6, 4, 1, 1, -1, -1, 1.008722, 1.663292
1, 370, 5, 4, 1, 1, 1, 1, 0.913383, 1.098161
1, 371, 4, 0, 1, 1, 1, 0, 0.067705, 0.577047
1, 372, 6, 1, 1, 1, -1, -1, 1.008987, 1.161667
1, 373, 2, 0, 1, 1, -1, 0, 1.336625, 0.858819
1, 374, 6, 1, 1, 1, 1, 1, 1.041870, 0.655002
1, 375, 1, 5, 1, 1, -1, -1, 1.155252, 1.307962
1, 376, 3, 3, 1, -1, -1, -1, 1.392922, 0.327844
1, 377, 3, 3, 1, 1, 1, -1, 1.264610, 2.126955
1, 378, 2, 0, 1, 1, 1, 0, 1.510235, 0.852717
1, 379, 5, 0, 1, 1, -1, 0, 0.742943, 0.337534
1, 380, 6, 0, 1, 1, -1, 0, 0.832371, 0.688584
1, 381, 6, 5, 1, 1, -1, -1, 0.323690, 0.840850
1, 382, 5, 0, 1, 1, -1, 0, 0.888670, 0.809071
1, 383, 5, 6, 1, 1, -1, -1, 0.904725, 0.676118
1, 384, 5, 0, 1, 1, 1, 0, 2.188254, 0.443850
1, 385, 3, 3, 1, 1, -1, -1, 1.237067, 1.741087
1, 386, 1, 6, 1, 1, 1, 1, 0.988510, 0.550001
1, 387, 4, 0, 1, 1, 1, 0, 0.001050, 0.477862
1, 388, 6, 0, 1, -1, -1, 0, 0.001042, 0.001006
1, 389, 2, 0, 1, 1, 1, 0, 0.140310, 0.938398
1, 390, 5, 0, 0, 1, 1, 0, 1.129655, 1.789955
1, 391, 4, 0, 1, 1, -1, 0, 0.885907, 0.922538
1, 392, 2, 1, 1, 1, -1, 1, 1.003564, 0.478991
1, 393, 3, 5, 1, -1, 1, 1, 1.352016, 0.504868
1, 394, 2, 6, 1, 1, 1, 1, 2.066322, 0.497768
1, 395, 2, 0, 1, 1, -1, 0, 0.790462, 0.313162
1, 396, 6, 0, 1, 1, 1, 0, 0.847161, 0.887755
1, 397, 5, 0, 1, 1, -1, 0, 0.828075, 0.472943
1, 398, 4, 0, 1, 1, -1, 0, 0.219800, 0.766626
1, 399, 4, 6, 1, 1, -1, -1, 0.655717, 0.690952
1, 400, 5, 6, 1, -1, 1, 1, 0.001060, 0.865420
1, 401, 1, 0, 1, 1, -1, 0, 0.741686, 1.830333
1, 402, 5, 5, 1, -1, 1, 1, 0.001056, 0.588175
1, 403, 4, 2, 1, -1, -1, 1, 0.909924, 0.658078
1, 404, 2, 5, 1, -1, 1, -1, 1.342959, 0.834517
1, 405, 4, 5, 1, -1, -1, 1, 0.929262, 1.054044
1, 406, 1, 0, 1, 1, 1, 0, 0.001081, 1.795335
1, 407, 4, 3, 1, 1, 1, -1, 1.809657, 1.027232
1, 408, 1, 0, 1, 1, 1, 0, 1.057962, 0.909506
1, 409, 1, 2, 1, 1, -1, 1, 0.991932, 0.827019
1, 410, 3, 0, 1, 1, 1, 0, 2.489380, 0.852290
1, 411, 4, 0, 1, 1, -1, 0, 0.854177, 1.892935
1, 412, 6, 0, 1, 1, 1, 0, 1.364170, 2.468602
1, 413, 2, 6, 1, 1, 1, -1, 1.331983, 1.257930
1, 414, 1, 0, 0, -1, 1, 0, 0.956295, 1.148098
1, 415, 5, 0, 1, 1, 1, 0, 1.322606, 0.261012
1, 416, 1, 6, 1, 1, 1, -1, 1.024873, 0.486235
1, 417, 3, 2, 1, 1, 1, -1, 3.391524, 0.807609
1, 418, 2, 0, 1, 1, -1, 0, 2.117484, 0.346455
1, 419, 6, 4, 1, -1, -1, 1, 1.245581, 2.297594
1, 420, 6, 2, 1, 1, -1, 1, 1.491800, 0.417779
1, 421, 4, 0, 1, -1, 1, 0, 0.001035, 1.277499
1, 422, 4, 0, 1, 1, -1, 0, 0.809258, 0.272731
1, 423, 4, 3, 1, 1, -1, -1, 0.848376, 0.436351
1, 424, 4, 0, 1, 1, 1, 0, 1.140612, 0.643601
1, 425, 3, 0, 1, 1, -1, 0, 0.001098, 0.706183
1, 426, 1, 1, 1, -1, -1, 1, 0.001033, 0.378974
1, 427, 1, 5, 1, 1, -1, 1, 0.985457, 0.293433
1, 428, 4, 2, 1, 1, 1, 1, 1.016289, 0.398989
1, 429, 4, 0, 0, 1, 1, 0, 0.849831, 0.726167
1, 430, 4, 3, 1, 1, -1, 1, 0.802861, 0.575871
1, 431, 6, 2, 1, 1, -1, 1, 1.205898, 3.281790
1, 432, 5, 0, 1, 1, -1, 0, 1.118782, 2.469868
1, 433, 4, 5, 1, 1, -1, -1, 0.902894, 1.115599
1, 434, 4, 2, 1, 1, -1, 1, 1.222513, 1.084072
1, 435, 4, 1, 1, 1, -1, -1, 0.001032, 1.689842
1, 436, 5, 1, 1, 1, -1, 1, 0.575848, 0.908017
1, 437, 3, 0, 1, 1, -1, 0, 0.859580, 1.324094
1, 438, 5, 1, 1, 1, -1, -1, 0.961938, 1.115662
1, 439, 6, 0, 1, 1, 1, 0, 1.458332, 0.350011
1, 440, 1, 0, 1, 1, 1, 0, 1.901267, 0.351823
1, 441, 5, 0, 1, 1, 1, 0, 0.247083, 2.015427
1, 442, 1, 1, 1, 1, 1, -1, 1.119864, 1.160189
1, 443, 6, 5, 1, -1, 1, 1, 1.479769, 0.332745
1, 444, 4, 5, 1, -1, 1, 1, 1.383896, 1.012233
1, 445, 3, 0, 1, 1, -1, 0, 0.989231, 1.081137
1, 446, 4, 2, 1, -1, 1, 1, 0.001069, 1.372566
1, 447, 2, 0, 1, 1, 1, 0, 0.846556, 1.765545
1, 448, 6, 3, 1, -1, 1, 1, 0.001116, 0.591503
1, 449, 6, 0, 1, 1, -1, 0, 0.738100, 0.372288
1, 450, 2, 0, 1, 1, -1, 0, 0.901665, 0.702037
1, 451, 3, 2, 1, 1, -1, 1, 0.999917, 1.146436
1, 452, 6, 0, 1, 1, 1, 0, 1.114719, 1.065080
1, 453, 6, 0, 1, 1, -1, 0, 1.200998, 0.363795
1, 454, 2, 3, 1, 1, 1, 1, 1.586837, 1.087927
1, 455, 6, 6, 1, 1, -1, -1, 0.888093, 1.058464
1, 456, 5, 0, 1, 1, -1, 0, 0.895302, 1.071379
1, 457, 1, 0, 1, 1, 1, 0, 0.688914, 0.954459
1, 458, 4, 0, 1, 1, -1, 0, 0.756428, 0.913746
1, 459, 4, 0, 1, 1, 1, 0, 1.264942, 1.246489
1, 460, 6, 0, 1, 1, -1, 0, 0.768989, 0.510083
1, 461, 2, 6, 1, -1, -1, -1, 1.854241, 1.206260
1, 462, 1, 0, 1, 1, -1, 0, 0.761219, 1.183563
1, 463, 1, 2, 1, -1, -1, -1, 0.550886, 1.692306
1, 464, 5, 5, 1, 1, -1, -1, 0.636386, 0.792076
1, 465, 2, 0, 1, 1, 1, 0, 1.113888, 1.003119
1, 466, 3, 0, 1, 1, 1, 0, 0.825049, 0.500974
1, 467, 1, 0, 1, 1, -1, 0, 0.961599, 2.015828
1, 468, 2, 0, 1, 1, -1, 0, 0.870253, 0.907705
1, 469, 3, 3, 1, 1, 1, -1, 0.907924, 0.365035
1, 470, 5, 5, 1, 1, -1, 1, 1.015978, 1.224517
1, 471, 3, 1, 1, 1, -1, -1, 0.780532, 0.493846
1, 472, 5, 1, 1, 1, 1, 1, 0.923639, 0.524376
1, 473, 1, 0, 1, 1, -1, 0, 0.977116, 0.584845
1, 474, 4, 0, 1, 1, -1, 0, 0.713085, 0.287084
1, 475, 2, 2, 1, 1, 1, -1, 1.527012, 0.814539
1, 476, 6, 3, 1, 1, -1, -1, 0.001106, 0.598549
1, 477, 4, 0, 1, 1, 1, 0, 0.206515, 0.890258
1, 478, 5, 2, 1, 1, -1, 1, 0.808345, 0.471290
1, 479, 3, 6, 1, 1, -1, 1, 0.984028, 0.796145
1, 480, 6, 0, 1, 1, 1, 0, 1.467292, 1.071874
1, 481, 5, 0, 1, 1, 1, 0, 0.900582, 0.840136
1, 482, 2, 0, 1, 1, -1, 0, 0.738887, 0.450879
1, 483, 5, 3, 1, 1, -1, 1, 0.910012, 0.001007
1, 484, 2, 0, 1, 1, 1, 0, 0.252479, 0.337936
1, 485, 3, 2, 1, 1, 1, 1, 1.286559, 0.727094
1, 486, 5, 2, 1, 1, 1, 1, 1.047151, 0.516727
1, 487, 6, 4, 1, 1, -1, -1, 0.947518, 0.599465
1, 488, 4, 4, 1, 1, -1, -1, 1.067955, 2.161432
1, 489, 6, 2, 1, 1, -1, -1, 0.868515, 2.786079
1, 490, 5, 0, 1, 1, 1, 0, 1.261934, 0.828810
1, 491, 5, 0, 1, 1, -1, 0, 0.678799, 1.925082
1, 492, 2, 0, 1, 1, -1, 0, 1.028697, 1.409935
1, 493, 6, 1, 1, 1, -1, 1, 0.865334, 0.490884
1, 494, 5, 0, 1, 1, -1, 0, 0.781438, 0.001003
1, 495, 5, 0, 1, 1, 1, 0, 0.001025, 0.895368
1, 496, 5, 0, 1, 1, 1, 0, 1.260322, 0.437705
1, 497, 2, 0, 1, 1, 1, 0, 1.052747, 0.676762
1, 498, 3, 0, 1, 1, 1, 0, 1.331850, 1.127123
1, 499, 2, 0, 1, 1, 1, 0, 0.924382, 0.677736
1, 500, 3, 0, 1, 1, 1, 0, 0.876354, 0.293439
1, 501, 1, 6, 1, -1, -1, -1, 0.001031, 0.685390
1, 502, 6, 0, 1, 1, -1, 0, 0.795406, 1.039343
1, 503, 1, 3, 1, -1, -1, 1, 2.883690, 0.647860
1, 504, 3, 1, 1, 1, -1, 1, 0.788800, 0.550475
1, 505, 4, 4, 1, 1, 1, -1, 1.562534, 0.854468
1, 506, 3, 0, 1, 1, -1, 0, 0.829868, 0.898321
1, 507, 3, 0, 1, 1, 1, 0, 1.375612, 0.306647
1, 508, 2, 0, 1, 1, -1, 0, 0.942473, 1.179625
1, 509, 1, 0, 1, 1, -1, 0, 0.730939, 0.519255
1, 510, 2, 2, 1, 1, -1, -1, 0.951222, 1.090764
1, 511, 3, 0, 1, 1, -1, 0, 0.683546, 0.789181
1, 512, 6, 5, 1, -1, 1, 1, 1.027247, 0.749574
1, 513, 6, 0, 1, 1, -1, 0, 0.710341, 0.878332
1, 514, 1, 0, 1, 1, 1, 0, 1.350016, 0.924260
1, 515, 2, 0, 1, 1, -1, 0, 0.756056, 0.472143
1, 516, 2, 0, 1, 1, 1, 0, 0.839447, 0.621563
1, 517, 2, 3, 1, -1, 1, -1, 1.046759, 0.536706
1, 518, 5, 0, 1, 1, 1, 0, 0.811678, 0.350749
1, 519, 3, 3, 1, 1, -1, 1, 1.028059, 1.065697
1, 520, 4, 5, 1, 1, 1, 1, 0.996940, 1.135528
1, 521, 3, 0, 1, 1, 1, 0, 1.149601, 0.860038
1, 522, 2, 6, 1, -1, 1, 1, 1.024695, 0.405671
1, 523, 4, 0, 1, 1, 1, 0, 1.170690, 1.417401
1, 524, 6, 0, 1, 1, -1, 0, 0.908263, 0.494421
1, 525, 2, 0, 1, 1, 1, 0, 0.457951, 0.873719
1, 526, 5, 5, 1, 1, 1, -1, 1.137172, 0.751147
1, 527, 2, 5, 1, -1, 1, 1, 0.917324, 0.566094
1, 528, 5, 6, 1, 1, 1, -1, 1.228776, 0.879525
1, 529, 3, 4, 1, -1, -1, -1, 1.371305, 0.305474
1, 530, 6, 0, 1, 1, 1, 0, 0.047328, 1.013088
1, 531, 6, 1, 1, 1, 1, -1, 0.930633, 0.789744
1, 532, 4, 4, 1, -1, -1, 1, 1.402384, 0.970749
1, 533, 4, 4, 1, -1, 1, -1, 0.910605, 1.973800
1, 534, 6, 0, 0, 1, 1, 0, 0.705902, 0.758273
1, 535, 1, 0, 1, 1, -1, 0, 0.794223, 0.258582
1, 536, 3, 6, 1, 1, -1, 1, 1.155892, 1.051083
1, 537, 6, 0, 1, 1, 1, 0, 3.134630, 0.712219
1, 538, 5, 0, 1, 1, 1, 0, 0.729458, 0.259345
1, 539, 4, 0, 1, 1, -1, 0, 0.572033, 0.001027
1, 540, 6, 0, 0, 1, 1, 0, 0.811041, 0.599563
1, 541, 4, 1, 1, 1, 1, -1, 1.048340, 5.021767
1, 542, 1, 4, 1, 1, -1, -1, 0.920886, 0.327350
1, 543, 6, 3, 1, 1, 1, 1, 1.011174, 0.001035
1, 544, 4, 4, 1, 1, -1, 1, 0.883046, 0.424148
1, 545, 1, 0, 1, 1, -1, 0, 0.731839, 0.259041
1, 546, 5, 2, 1, 1, 1, -1, 1.166343, 0.859526
1, 547, 2, 2, 1, -1, -1, 1, 0.915269, 0.783520
1, 548, 5, 0, 1, 1, 1, 0, 0.727394, 2.293450
1, 549, 5, 3, 1, 1, 1, -1, 1.626650, 0.509967
1, 550, 2, 0, 1, 1, 1, 0, 2.259571, 1.252312
1, 551, 3, 3, 1, -1, 1, 1, 1.763544, 1.071420
1, 552, 4, 0, 1, 1, -1, 0, 0.778495, 0.757978
1, 553, 6, 2, 1, 1, 1, -1, 1.060009, 0.470973
1, 554, 2, 0, 1, 1, -1, 0, 0.977477, 0.975808
1, 555, 1, 2, 1, 1, 1, -1, 1.187370, 0.744457
1, 556, 2, 4, 1, 1, 1, 1, 0.963128, 1.081480
1, 557, 5, 6, 1, 1, -1, 1, 0.978046, 0.779450
1, 558, 2, 0, 1, 1, 1, 0, 0.813582, 1.051482
1, 559, 3, 0, 1, -1, -1, 0, 0.838676, 0.001016
1, 560, 4, 0, 1, 1, -1, 0, 0.977631, 4.021431
1, 561, 5, 5, 1, -1, -1, -1, 0.802926, 0.789801
1, 562, 1, 0, 1, 1, -1, 0, 0.756119, 2.593707
1, 563, 3, 0, 1, 1, -1, 0, 0.705687, 0.872557
1, 564, 2, 1, 1, -1, -1, -1, 1.040906, 0.941666
1, 565, 3, 6, 1, 1, -1, -1, 0.909292, 0.001026
1, 566, 3, 5, 1, -1, 1, -1, 1.227680, 0.313093
1, 567, 1, 5, 1, -1, 1, 1, 1.419409, 0.285452
1, 568, 4, 3, 1, 1, -1, -1, 0.816431, 0.927896
1, 569, 3, 0, 1, -1, 1, 0, 1.416511, 1.109141
1, 570, 4, 0, 1, 1, 1, 0, 1.260966, 0.287134
1, 571, 2, 5, 1, 1, -1, 1, 0.816536, 0.394102
1, 572, 2, 4, 0, -1, 1, -1, 0.234525, 1.091745
1, 573, 6, 6, 1, -1, 1, 1, 1.702836, 0.617963
1, 574, 1, 1, 1, 1, -1, 1, 0.877333, 0.852392
1, 575, 2, 0, 1, -1, -1, 0, 0.100860, 0.001010
1, 576, 4, 0, 1, -1, -1, 0, 0.795372, 0.615901
