observer, trial, targLoc, distLoc, targDiscrim, thoughtNoAttCap, tc, dc, RT, TrialTypeRT
10, 1, 3, 0, 1, 1, 1, 0, 0.807685, 1.657298
10, 2, 2, 0, 1, 1, 1, 0, 1.146460, 1.487447
10, 3, 5, 5, 1, -1, -1, -1, 1.292460, 1.669552
10, 4, 3, 0, 1, 1, -1, 0, 1.175252, 1.486652
10, 5, 4, 2, 1, -1, -1, -1, 2.007191, 1.730264
10, 6, 1, 0, 1, 1, 1, 0, 1.106521, 1.188266
10, 7, 6, 0, 1, 1, -1, 0, 0.806789, 0.779824
10, 8, 6, 1, 1, -1, 1, 1, 1.212604, 1.259014
10, 9, 6, 4, 1, 1, 1, -1, 1.293735, 1.499941
10, 10, 6, 0, 1, 1, 1, 0, 0.808776, 1.275421
10, 11, 4, 0, 1, 1, 1, 0, 0.811618, 1.068620
10, 12, 6, 1, 1, -1, -1, 1, 1.402787, 1.088935
10, 13, 1, 3, 1, 1, -1, -1, 2.182913, 1.725395
10, 14, 3, 3, 1, 1, -1, 1, 1.199472, 1.916179
10, 15, 6, 0, 0, -1, 1, 0, 0.968920, 3.175748
10, 16, 3, 2, 1, 1, 1, 1, 1.082762, 1.878121
10, 17, 1, 0, 1, 1, 1, 0, 0.692261, 1.113317
10, 18, 3, 2, 1, 1, 1, -1, 0.749921, 1.665099
10, 19, 1, 5, 1, 1, -1, -1, 1.477562, 1.194685
10, 20, 3, 0, 1, 1, -1, 0, 1.187883, 1.097732
10, 21, 1, 0, 0, 1, -1, 0, 0.820302, 3.119025
10, 22, 2, 0, 1, 1, -1, 0, 1.461608, 1.081456
10, 23, 6, 3, 1, -1, 1, -1, 1.213572, 1.391307
10, 24, 2, 1, 1, 1, 1, -1, 1.797539, 1.750072
10, 25, 3, 5, 1, -1, -1, 1, 1.967699, 0.774705
10, 26, 3, 6, 1, 1, -1, 1, 2.068907, 1.582693
10, 27, 2, 1, 1, -1, -1, 1, 1.835408, 1.969159
10, 28, 3, 0, 0, 1, -1, 0, 0.886381, 2.214482
10, 29, 2, 0, 1, 1, 1, 0, 1.444426, 1.919401
10, 30, 1, 0, 1, 1, -1, 0, 1.425389, 1.969185
10, 31, 6, 0, 1, 1, 1, 0, 0.781272, 1.514896
10, 32, 6, 0, 1, 1, 1, 0, 1.160185, 1.121156
10, 33, 6, 5, 1, 1, 1, 1, 0.938307, 0.854456
10, 34, 3, 0, 1, 1, 1, 0, 0.672208, 0.890099
10, 35, 1, 0, 1, 1, -1, 0, 0.933281, 1.808245
10, 36, 5, 0, 1, -1, -1, 0, 1.304299, 2.916619
10, 37, 4, 0, 1, 1, 1, 0, 0.748323, 1.207612
10, 38, 5, 4, 1, 1, -1, 1, 1.274606, 1.207603
10, 39, 1, 0, 1, -1, -1, 0, 1.063775, 1.332179
10, 40, 4, 1, 1, 1, -1, 1, 1.331649, 1.680889
10, 41, 3, 2, 1, -1, -1, -1, 1.146921, 1.306886
10, 42, 4, 4, 1, 1, -1, -1, 1.025909, 1.304778
10, 43, 1, 5, 1, 1, 1, 1, 0.933255, 2.045871
10, 44, 4, 0, 1, 1, 1, 0, 0.732519, 1.900010
10, 45, 6, 6, 1, 1, -1, -1, 1.451514, 1.784254
10, 46, 6, 0, 1, 1, -1, 0, 1.232495, 2.417106
10, 47, 3, 2, 1, -1, -1, -1, 1.477661, 1.310658
10, 48, 6, 6, 0, 1, 1, -1, 1.393682, 2.532664
10, 49, 2, 3, 1, 1, -1, 1, 1.124217, 2.492443
10, 50, 3, 0, 1, 1, 1, 0, 0.727496, 0.962119
10, 51, 3, 0, 1, 1, -1, 0, 1.120166, 1.981025
10, 52, 3, 1, 1, 1, -1, 1, 1.139569, 3.462160
10, 53, 1, 0, 1, 1, -1, 0, 1.313339, 1.506719
10, 54, 5, 6, 1, -1, -1, -1, 1.172389, 1.015052
10, 55, 5, 0, 1, 1, 1, 0, 1.224339, 1.213280
10, 56, 6, 1, 1, -1, 1, 1, 1.183453, 1.980644
10, 57, 1, 0, 1, 1, -1, 0, 1.205908, 1.181534
10, 58, 1, 0, 1, 1, -1, 0, 0.993667, 1.806867
10, 59, 2, 1, 1, -1, 1, 1, 1.133842, 1.266393
10, 60, 1, 0, 1, 1, 1, 0, 0.815167, 3.451320
10, 61, 1, 0, 1, 1, -1, 0, 0.867116, 1.221468
10, 62, 1, 0, 1, 1, -1, 0, 0.771162, 0.998297
10, 63, 1, 4, 0, 1, 1, 1, 1.091666, 1.892626
10, 64, 5, 0, 1, 1, 1, 0, 0.810476, 2.394372
10, 65, 1, 5, 1, 1, 1, -1, 0.867586, 1.471956
10, 66, 4, 3, 0, -1, -1, -1, 1.133460, 2.807218
10, 67, 3, 5, 1, -1, 1, 1, 0.976615, 1.293379
10, 68, 6, 0, 1, 1, -1, 0, 1.411630, 3.215809
10, 69, 4, 0, 1, 1, -1, 0, 1.236318, 1.474925
10, 70, 5, 2, 1, 1, 1, -1, 0.639971, 1.637277
10, 71, 5, 0, 1, 1, 1, 0, 2.327889, 1.821925
10, 72, 4, 5, 1, 1, 1, -1, 1.115329, 1.752308
10, 73, 6, 0, 1, 1, -1, 0, 1.043909, 1.301291
10, 74, 4, 2, 1, 1, 1, 1, 0.640182, 1.161191
10, 75, 2, 4, 1, 1, -1, 1, 1.795109, 2.869410
10, 76, 4, 0, 1, 1, -1, 0, 0.873556, 1.850794
10, 77, 1, 0, 1, 1, 1, 0, 0.725536, 1.454177
10, 78, 2, 3, 1, 1, 1, -1, 0.885197, 1.552574
10, 79, 5, 0, 1, 1, -1, 0, 0.826021, 1.636427
10, 80, 4, 3, 1, -1, -1, 1, 1.146762, 1.835377
10, 81, 5, 3, 1, -1, -1, -1, 1.103400, 1.062679
10, 82, 5, 5, 1, -1, -1, -1, 1.445747, 1.267053
10, 83, 4, 0, 1, 1, 1, 0, 1.144803, 1.053531
10, 84, 1, 5, 1, -1, 1, -1, 1.274555, 1.213914
10, 85, 4, 3, 1, 1, 1, -1, 0.925032, 1.814548
10, 86, 1, 0, 1, 1, -1, 0, 0.692604, 2.662743
10, 87, 3, 0, 1, 1, 1, 0, 0.766696, 1.440525
10, 88, 4, 4, 1, 1, -1, -1, 0.986341, 1.939236
10, 89, 2, 2, 1, -1, -1, -1, 1.186373, 1.257523
10, 90, 5, 6, 0, -1, 1, 1, 1.273804, 2.421813
10, 91, 1, 0, 1, 1, 1, 0, 0.761719, 1.285030
10, 92, 1, 2, 1, -1, -1, -1, 1.218016, 1.596775
10, 93, 1, 2, 1, -1, -1, 1, 0.912603, 2.198994
10, 94, 6, 3, 0, 1, 1, 1, 0.818300, 3.581278
10, 95, 6, 0, 1, 1, -1, 0, 0.792723, 0.794182
10, 96, 5, 0, 1, 1, -1, 0, 0.786967, 1.350607
10, 97, 2, 0, 1, 1, -1, 0, 0.899792, 2.795532
10, 98, 2, 4, 0, -1, 1, 1, 0.933750, 1.494595
10, 99, 3, 5, 1, 1, 1, 1, 0.748014, 1.249182
10, 100, 4, 0, 1, 1, 1, 0, 0.641724, 0.829624
10, 101, 4, 0, 1, 1, 1, 0, 0.684111, 1.030068
10, 102, 5, 4, 1, -1, -1, -1, 1.450190, 0.675171
10, 103, 5, 1, 1, -1, -1, 1, 1.029793, 1.121486
10, 104, 1, 0, 1, 1, 1, 0, 0.701780, 0.995293
10, 105, 5, 0, 1, 1, 1, 0, 0.581161, 1.274998
10, 106, 3, 4, 1, 1, -1, 1, 1.182486, 1.747353
10, 107, 2, 6, 1, 1, 1, -1, 0.940442, 1.346738
10, 108, 4, 0, 1, 1, -1, 0, 0.922376, 0.855076
10, 109, 3, 0, 0, 1, -1, 0, 0.727156, 3.504469
10, 110, 5, 0, 1, 1, 1, 0, 0.651912, 0.994725
10, 111, 1, 2, 0, -1, 1, -1, 0.780001, 2.719992
10, 112, 2, 6, 1, -1, 1, -1, 0.780588, 1.806489
10, 113, 1, 3, 1, -1, 1, 1, 1.910799, 0.690146
10, 114, 3, 0, 1, 1, -1, 0, 1.178709, 1.005485
10, 115, 1, 4, 1, -1, 1, -1, 1.277858, 1.430101
10, 116, 6, 0, 1, 1, -1, 0, 1.101412, 0.962074
10, 117, 4, 0, 1, 1, 1, 0, 0.762558, 0.836358
10, 118, 3, 4, 1, 1, 1, -1, 1.051067, 2.852795
10, 119, 2, 0, 1, 1, 1, 0, 0.845703, 1.578999
10, 120, 4, 4, 1, 1, -1, 1, 1.061613, 1.360441
10, 121, 5, 6, 1, -1, 1, -1, 1.239551, 1.015030
10, 122, 5, 2, 1, 1, -1, 1, 0.883926, 1.198855
10, 123, 5, 0, 1, 1, 1, 0, 1.034502, 1.230725
10, 124, 1, 0, 1, 1, -1, 0, 0.743230, 1.195068
10, 125, 3, 0, 1, 1, -1, 0, 1.079063, 1.259098
10, 126, 2, 0, 1, 1, 1, 0, 0.700022, 1.029370
10, 127, 5, 0, 1, 1, -1, 0, 0.726468, 0.814497
10, 128, 5, 0, 1, 1, 1, 0, 1.026018, 0.819084
10, 129, 4, 0, 1, 1, -1, 0, 0.771983, 1.164262
10, 130, 1, 1, 1, -1, 1, 1, 0.756122, 1.773780
10, 131, 2, 0, 1, 1, 1, 0, 0.687126, 0.752184
10, 132, 5, 0, 1, 1, -1, 0, 0.707385, 0.819312
10, 133, 4, 1, 1, -1, 1, 1, 1.150344, 1.395749
10, 134, 2, 5, 1, -1, 1, 1, 0.655871, 1.045673
10, 135, 5, 0, 1, 1, 1, 0, 0.652083, 0.772945
10, 136, 3, 4, 1, -1, 1, 1, 0.868308, 1.046770
10, 137, 6, 1, 1, -1, 1, -1, 0.848670, 1.332671
10, 138, 6, 0, 0, 1, -1, 0, 0.686028, 2.196392
10, 139, 6, 0, 1, 1, 1, 0, 0.832340, 0.791910
10, 140, 5, 0, 1, 1, -1, 0, 0.902812, 1.186715
10, 141, 2, 2, 1, 1, -1, -1, 0.893631, 1.412441
10, 142, 1, 0, 1, 1, 1, 0, 0.606847, 0.827533
10, 143, 6, 2, 0, -1, 1, 1, 1.265150, 2.896903
10, 144, 6, 0, 1, 1, -1, 0, 0.805662, 0.991879
10, 145, 6, 5, 1, -1, -1, -1, 0.849249, 1.754690
10, 146, 2, 0, 0, 1, -1, 0, 0.686001, 1.635797
10, 147, 3, 4, 1, 1, -1, -1, 1.114678, 2.236352
10, 148, 3, 2, 1, 1, -1, 1, 1.231603, 1.338110
10, 149, 5, 0, 1, 1, 1, 0, 0.733897, 0.956318
10, 150, 4, 0, 1, 1, -1, 0, 0.833724, 1.992751
10, 151, 2, 0, 1, 1, -1, 0, 0.858398, 1.729289
10, 152, 3, 4, 1, -1, 1, -1, 1.040954, 0.925870
10, 153, 5, 5, 1, 1, -1, 1, 0.813124, 1.312094
10, 154, 5, 6, 1, -1, -1, 1, 0.766262, 1.405479
10, 155, 6, 4, 1, 1, -1, -1, 0.942425, 1.371057
10, 156, 5, 6, 1, 1, 1, 1, 0.820791, 1.162243
10, 157, 4, 0, 1, 1, -1, 0, 0.821590, 0.708962
10, 158, 6, 0, 1, 1, -1, 0, 0.780471, 0.787507
10, 159, 4, 0, 1, 1, 1, 0, 0.807239, 0.799820
10, 160, 6, 0, 1, 1, 1, 0, 1.045634, 0.968090
10, 161, 1, 0, 1, 1, -1, 0, 0.674531, 0.637223
10, 162, 1, 6, 1, -1, -1, 1, 1.079437, 1.894864
10, 163, 4, 3, 1, -1, -1, -1, 0.874568, 0.981272
10, 164, 5, 2, 1, 1, 1, -1, 0.859986, 1.130944
10, 165, 3, 1, 1, 1, -1, 1, 0.706142, 1.063766
10, 166, 1, 5, 1, -1, -1, 1, 0.894661, 2.261065
10, 167, 3, 0, 1, 1, 1, 0, 0.765709, 1.018538
10, 168, 2, 0, 1, 1, -1, 0, 0.833883, 0.899522
10, 169, 4, 0, 1, 1, -1, 0, 0.720209, 1.139469
10, 170, 4, 0, 0, 1, 1, 0, 0.725296, 0.902671
10, 171, 3, 0, 0, 1, 1, 0, 0.664851, 1.167476
10, 172, 3, 1, 1, 1, -1, -1, 0.678594, 2.015362
10, 173, 2, 0, 1, 1, 1, 0, 0.894642, 0.882492
10, 174, 2, 0, 1, 1, -1, 0, 0.719209, 0.555159
10, 175, 1, 1, 0, -1, 1, -1, 0.735077, 1.530639
10, 176, 4, 0, 1, 1, -1, 0, 0.724733, 0.824486
10, 177, 4, 3, 1, 1, 1, 1, 0.864550, 0.908557
10, 178, 6, 2, 1, 1, -1, 1, 1.312800, 1.449576
10, 179, 2, 0, 1, 1, 1, 0, 0.602304, 0.757232
10, 180, 2, 2, 1, 1, -1, 1, 0.861130, 1.051273
10, 181, 5, 0, 1, 1, 1, 0, 0.640889, 0.750368
10, 182, 5, 5, 0, 1, 1, -1, 0.698862, 0.842067
10, 183, 3, 4, 0, -1, -1, -1, 0.878919, 1.625125
10, 184, 2, 0, 1, 1, 1, 0, 0.813700, 0.733654
10, 185, 4, 5, 1, 1, 1, 1, 1.311769, 0.960586
10, 186, 1, 6, 1, -1, 1, 1, 0.893858, 0.921261
10, 187, 4, 0, 1, 1, -1, 0, 0.735110, 0.908380
10, 188, 3, 0, 1, 1, -1, 0, 1.045955, 0.836622
10, 189, 3, 6, 1, -1, 1, 1, 0.852801, 1.314696
10, 190, 2, 0, 1, 1, -1, 0, 0.786408, 1.158339
10, 191, 6, 0, 1, 1, -1, 0, 0.955179, 1.424709
10, 192, 2, 0, 1, 1, -1, 0, 0.700843, 1.506868
10, 193, 1, 0, 0, 1, 1, 0, 0.706495, 1.431794
10, 194, 6, 2, 0, 1, 1, 1, 0.626674, 2.316291
10, 195, 4, 5, 1, -1, 1, -1, 0.960393, 0.954909
10, 196, 5, 0, 1, 1, -1, 0, 0.763721, 0.855125
10, 197, 6, 6, 1, -1, 1, -1, 1.230249, 0.775356
10, 198, 1, 0, 1, 1, -1, 0, 0.733218, 1.424397
10, 199, 6, 4, 1, 1, 1, -1, 1.393300, 1.284927
10, 200, 3, 0, 1, 1, -1, 0, 0.748427, 1.809986
10, 201, 3, 4, 1, 1, 1, 1, 0.632680, 0.940626
10, 202, 6, 0, 1, 1, -1, 0, 1.048438, 0.906450
10, 203, 3, 0, 1, 1, -1, 0, 0.763786, 1.147015
10, 204, 3, 5, 1, -1, -1, -1, 1.081672, 0.714841
10, 205, 5, 0, 1, 1, 1, 0, 0.901971, 1.405072
10, 206, 6, 3, 1, 1, 1, 1, 1.135443, 0.686684
10, 207, 6, 5, 1, -1, 1, -1, 1.171930, 0.800852
10, 208, 5, 2, 1, 1, -1, -1, 0.749455, 1.263429
10, 209, 6, 0, 0, 1, -1, 0, 0.735040, 1.508460
10, 210, 4, 2, 1, -1, -1, 1, 1.413435, 0.921674
10, 211, 4, 4, 1, 1, 1, -1, 0.954614, 1.490515
10, 212, 2, 5, 1, 1, -1, 1, 0.873554, 1.168223
10, 213, 5, 5, 0, -1, 1, 1, 0.974186, 1.380221
10, 214, 3, 1, 1, -1, 1, 1, 1.865509, 1.009039
10, 215, 1, 0, 1, 1, -1, 0, 0.813867, 1.027931
10, 216, 4, 0, 1, 1, -1, 0, 0.933089, 0.659484
10, 217, 4, 0, 1, 1, -1, 0, 0.838865, 1.137839
10, 218, 5, 1, 0, -1, 1, -1, 0.821241, 1.383198
10, 219, 4, 3, 1, 1, 1, 1, 1.105556, 1.339677
10, 220, 4, 6, 0, -1, 1, -1, 0.733111, 0.987570
10, 221, 2, 0, 1, 1, -1, 0, 0.759998, 0.615185
10, 222, 6, 0, 1, 1, 1, 0, 0.875255, 0.693423
10, 223, 1, 0, 1, 1, -1, 0, 0.762097, 0.940729
10, 224, 4, 0, 1, 1, -1, 0, 0.734806, 0.573976
10, 225, 4, 6, 1, -1, -1, 1, 0.720593, 1.785188
10, 226, 3, 6, 1, 1, -1, -1, 0.951563, 2.002617
10, 227, 2, 0, 1, 1, 1, 0, 0.862638, 0.842131
10, 228, 5, 6, 1, -1, -1, -1, 0.925553, 1.117560
10, 229, 2, 5, 1, -1, 1, 1, 0.806941, 1.029002
10, 230, 2, 3, 1, 1, -1, -1, 0.734668, 1.611180
10, 231, 6, 0, 1, 1, -1, 0, 1.075559, 0.710726
10, 232, 6, 0, 1, 1, 1, 0, 0.932088, 0.712341
10, 233, 5, 1, 1, -1, 1, 1, 0.933152, 0.963618
10, 234, 6, 3, 1, 1, -1, -1, 1.012997, 1.573355
10, 235, 2, 5, 1, -1, 1, -1, 1.352742, 0.770181
10, 236, 5, 0, 1, 1, 1, 0, 0.745055, 1.362280
10, 237, 5, 5, 1, 1, 1, -1, 0.835228, 1.535858
10, 238, 3, 5, 1, -1, 1, -1, 0.891879, 1.735841
10, 239, 6, 4, 1, -1, -1, -1, 0.950872, 0.807511
10, 240, 3, 0, 0, 1, -1, 0, 0.798421, 0.848258
10, 241, 1, 6, 1, -1, -1, -1, 1.278819, 1.055026
10, 242, 4, 0, 0, 1, -1, 0, 0.708770, 1.369304
10, 243, 6, 1, 1, -1, -1, -1, 1.125668, 0.565432
10, 244, 1, 4, 1, -1, -1, -1, 0.744876, 0.684730
10, 245, 1, 0, 1, 1, 1, 0, 0.754826, 0.781163
10, 246, 1, 0, 1, 1, -1, 0, 0.877702, 0.634572
10, 247, 4, 0, 1, 1, -1, 0, 0.681992, 0.649116
10, 248, 3, 0, 1, 1, -1, 0, 0.606010, 0.821234
10, 249, 5, 3, 1, -1, 1, 1, 1.007894, 0.801450
10, 250, 4, 2, 1, 1, 1, -1, 0.727245, 1.014881
10, 251, 1, 2, 1, -1, -1, 1, 1.018656, 1.120162
10, 252, 1, 0, 0, 1, 1, 0, 0.634306, 2.010547
10, 253, 2, 4, 1, 1, -1, -1, 0.739810, 1.186179
10, 254, 6, 6, 0, -1, 1, 1, 1.061431, 1.949674
10, 255, 5, 3, 1, 1, -1, 1, 0.766940, 1.109316
10, 256, 6, 0, 1, 1, 1, 0, 0.752922, 0.745846
10, 257, 3, 0, 1, 1, 1, 0, 0.725406, 1.102623
10, 258, 2, 0, 1, 1, 1, 0, 0.699043, 0.747354
10, 259, 6, 0, 1, 1, -1, 0, 0.700759, 0.871781
10, 260, 1, 1, 0, -1, 1, -1, 0.794815, 1.777350
10, 261, 2, 0, 1, 1, -1, 0, 0.885030, 0.723663
10, 262, 3, 0, 1, 1, -1, 0, 0.963664, 0.820271
10, 263, 3, 0, 1, 1, 1, 0, 0.739597, 0.661115
10, 264, 4, 5, 1, -1, -1, 1, 1.237245, 1.161878
10, 265, 1, 3, 0, -1, 1, -1, 0.715159, 1.608620
10, 266, 4, 0, 1, 1, 1, 0, 1.290089, 1.148970
10, 267, 2, 2, 1, -1, 1, -1, 1.151838, 0.617000
10, 268, 5, 4, 1, 1, 1, 1, 0.948689, 1.170883
10, 269, 4, 1, 1, -1, 1, -1, 1.003947, 0.560107
10, 270, 1, 1, 1, -1, -1, -1, 1.112872, 0.699767
10, 271, 3, 5, 1, -1, 1, -1, 0.741124, 1.150021
10, 272, 4, 5, 1, 1, -1, -1, 0.969739, 1.073376
10, 273, 3, 2, 1, -1, -1, 1, 1.097531, 1.407045
10, 274, 5, 0, 1, 1, -1, 0, 1.019798, 1.084396
10, 275, 2, 1, 1, 1, -1, 1, 0.753118, 1.212744
10, 276, 2, 0, 1, 1, -1, 0, 0.752034, 0.573941
10, 277, 2, 3, 1, 1, -1, 1, 0.750699, 0.791417
10, 278, 6, 2, 0, 1, 1, -1, 0.796093, 1.356428
10, 279, 3, 1, 1, -1, 1, -1, 0.846151, 0.828501
10, 280, 2, 2, 0, -1, 1, 1, 1.227192, 1.575888
10, 281, 4, 0, 1, 1, 1, 0, 0.835896, 0.746953
10, 282, 2, 6, 1, 1, -1, 1, 0.687213, 1.053015
10, 283, 6, 6, 1, 1, -1, -1, 0.749606, 0.861797
10, 284, 1, 0, 1, 1, 1, 0, 1.132974, 1.047218
10, 285, 2, 0, 1, 1, 1, 0, 0.693818, 0.673171
10, 286, 6, 5, 1, -1, -1, 1, 1.117495, 1.662955
10, 287, 4, 0, 1, 1, -1, 0, 0.825632, 0.668539
10, 288, 5, 1, 1, 1, 1, 1, 0.880019, 0.885435
10, 289, 1, 3, 1, -1, 1, -1, 1.212387, 0.627346
10, 290, 6, 0, 1, 1, 1, 0, 0.779935, 1.278280
10, 291, 6, 1, 1, -1, 1, -1, 1.103202, 2.428689
10, 292, 4, 0, 1, 1, 1, 0, 0.730481, 0.552992
10, 293, 2, 4, 1, 1, 1, -1, 0.830574, 0.745761
10, 294, 2, 5, 1, 1, -1, -1, 0.794580, 0.761000
10, 295, 5, 0, 1, 1, -1, 0, 1.008489, 0.712256
10, 296, 2, 0, 1, 1, 1, 0, 0.718684, 0.720164
10, 297, 4, 0, 1, 1, -1, 0, 0.831964, 0.548433
10, 298, 3, 6, 1, 1, 1, -1, 0.936237, 1.065523
10, 299, 3, 0, 1, 1, 1, 0, 0.632399, 0.634269
10, 300, 1, 4, 1, -1, -1, 1, 0.996026, 0.606916
10, 301, 2, 0, 1, 1, 1, 0, 0.692074, 0.827143
10, 302, 5, 0, 1, 1, 1, 0, 0.774493, 0.639973
10, 303, 3, 0, 1, 1, -1, 0, 0.713116, 0.619817
10, 304, 5, 0, 1, 1, -1, 0, 0.946570, 0.806166
10, 305, 3, 2, 1, 1, 1, 1, 1.765237, 0.661996
10, 306, 4, 4, 1, -1, -1, 1, 0.925916, 1.472066
10, 307, 2, 6, 1, -1, -1, -1, 1.204121, 0.893492
10, 308, 5, 1, 1, -1, -1, 1, 1.165329, 0.626896
10, 309, 5, 3, 0, 1, 1, -1, 0.879755, 1.819266
10, 310, 2, 3, 1, -1, 1, 1, 0.901836, 0.481455
10, 311, 6, 0, 1, 1, -1, 0, 0.893647, 0.733411
10, 312, 6, 0, 0, -1, 1, 0, 0.753777, 2.437376
10, 313, 5, 4, 1, -1, 1, 1, 1.075448, 0.713751
10, 314, 2, 4, 1, -1, -1, -1, 0.832627, 0.967599
10, 315, 5, 5, 1, 1, -1, 1, 0.701924, 1.584873
10, 316, 1, 3, 1, 1, -1, 1, 0.793086, 1.091783
10, 317, 2, 0, 1, 1, -1, 0, 0.613427, 0.780396
10, 318, 2, 0, 1, 1, 1, 0, 0.899289, 1.220872
10, 319, 5, 6, 1, -1, -1, 1, 0.702111, 1.395357
10, 320, 2, 3, 0, -1, 1, 1, 0.717788, 1.373449
10, 321, 6, 0, 0, 1, -1, 0, 0.789402, 1.783761
10, 322, 4, 0, 1, 1, 1, 0, 0.812032, 0.625538
10, 323, 3, 0, 1, 1, 1, 0, 0.714146, 0.492893
10, 324, 4, 5, 1, 1, 1, 1, 1.026664, 1.424488
10, 325, 4, 6, 1, -1, -1, 1, 0.939935, 0.882512
10, 326, 2, 0, 1, 1, -1, 0, 0.865440, 0.685632
10, 327, 2, 4, 0, -1, 1, -1, 1.492025, 1.008275
10, 328, 2, 0, 1, 1, -1, 0, 0.765157, 0.780717
10, 329, 2, 1, 1, -1, -1, -1, 0.815611, 0.907556
10, 330, 3, 0, 1, 1, -1, 0, 0.943965, 0.753620
10, 331, 6, 5, 1, -1, -1, 1, 0.708242, 0.760673
10, 332, 5, 1, 1, -1, 1, -1, 1.186486, 0.620222
10, 333, 4, 0, 1, 1, -1, 0, 0.830264, 1.140764
10, 334, 2, 0, 1, 1, 1, 0, 0.985389, 0.854532
10, 335, 2, 0, 1, 1, -1, 0, 0.779439, 0.928896
10, 336, 1, 6, 1, -1, -1, 1, 0.931519, 0.957010
10, 337, 6, 0, 1, 1, -1, 0, 0.754851, 0.694807
10, 338, 3, 1, 1, -1, -1, -1, 0.720502, 1.106162
10, 339, 6, 3, 1, -1, -1, 1, 0.794378, 0.621682
10, 340, 5, 0, 1, 1, 1, 0, 0.768146, 0.927431
10, 341, 6, 1, 1, 1, -1, 1, 0.699596, 0.801217
10, 342, 3, 0, 0, 1, -1, 0, 0.682189, 1.129055
10, 343, 5, 0, 1, 1, 1, 0, 0.709190, 0.573757
10, 344, 6, 6, 1, -1, 1, 1, 0.906666, 0.784528
10, 345, 3, 3, 1, -1, -1, -1, 1.215335, 0.790158
10, 346, 1, 0, 1, 1, 1, 0, 1.135832, 1.160174
10, 347, 1, 0, 1, 1, 1, 0, 1.150153, 1.230301
10, 348, 3, 5, 1, -1, -1, 1, 0.906751, 0.861993
10, 349, 2, 0, 1, 1, 1, 0, 0.626819, 1.359667
10, 350, 6, 0, 1, 1, 1, 0, 0.841972, 1.882675
10, 351, 6, 0, 1, 1, 1, 0, 0.859610, 1.078692
10, 352, 1, 5, 1, -1, -1, 1, 0.830374, 0.694069
10, 353, 1, 0, 1, 1, -1, 0, 0.826327, 1.439603
10, 354, 5, 0, 1, 1, -1, 0, 0.755899, 1.074226
10, 355, 5, 2, 1, 1, -1, -1, 0.816859, 1.177949
10, 356, 3, 0, 1, 1, 1, 0, 0.805929, 0.834084
10, 357, 1, 3, 0, -1, 1, 1, 0.763002, 0.993216
10, 358, 3, 0, 1, 1, 1, 0, 0.703795, 0.840729
10, 359, 4, 0, 1, 1, -1, 0, 0.885806, 0.639503
10, 360, 4, 1, 1, -1, 1, 1, 1.149781, 0.512652
10, 361, 3, 0, 1, 1, 1, 0, 0.646725, 1.596196
10, 362, 1, 3, 1, -1, -1, 1, 1.080341, 1.026978
10, 363, 2, 5, 1, -1, -1, -1, 1.072806, 0.719478
10, 364, 2, 0, 1, 1, 1, 0, 0.661885, 0.730595
10, 365, 6, 0, 0, 1, 1, 0, 0.907408, 1.336939
10, 366, 1, 0, 0, 1, 1, 0, 0.677964, 1.280142
10, 367, 2, 5, 1, 1, -1, 1, 0.740888, 1.018704
10, 368, 3, 5, 1, 1, -1, -1, 1.153694, 1.577430
10, 369, 5, 0, 1, 1, 1, 0, 0.844884, 0.593792
10, 370, 3, 1, 1, -1, 1, -1, 1.038048, 0.588893
10, 371, 5, 0, 1, 1, 1, 0, 0.774621, 0.582711
10, 372, 2, 0, 1, 1, -1, 0, 0.720054, 0.553892
10, 373, 3, 0, 1, 1, 1, 0, 0.706211, 1.264962
10, 374, 5, 0, 1, 1, 1, 0, 0.685109, 0.741645
10, 375, 4, 0, 1, 1, 1, 0, 0.661358, 1.040746
10, 376, 4, 0, 1, 1, -1, 0, 0.934550, 1.267361
10, 377, 1, 0, 1, 1, 1, 0, 0.891887, 0.837688
10, 378, 1, 0, 1, 1, -1, 0, 0.731144, 0.753870
10, 379, 2, 0, 1, 1, 1, 0, 0.854452, 1.177557
10, 380, 6, 4, 1, -1, -1, 1, 0.739117, 1.640442
10, 381, 6, 0, 1, 1, -1, 0, 0.647837, 1.191696
10, 382, 3, 0, 1, 1, -1, 0, 0.853476, 1.094791
10, 383, 6, 0, 1, 1, 1, 0, 0.680856, 0.741697
10, 384, 5, 3, 1, 1, -1, 1, 0.738648, 0.940133
10, 385, 1, 4, 1, 1, 1, 1, 1.332837, 1.078817
10, 386, 2, 5, 1, -1, 1, -1, 1.307139, 0.805778
10, 387, 6, 3, 1, 1, -1, -1, 0.780868, 1.775304
10, 388, 2, 0, 1, 1, 1, 0, 0.676549, 0.688732
10, 389, 3, 0, 1, 1, 1, 0, 0.748933, 0.776152
10, 390, 6, 3, 1, -1, -1, 1, 0.979277, 1.623271
10, 391, 5, 0, 1, 1, -1, 0, 0.745983, 1.661819
10, 392, 5, 0, 1, 1, -1, 0, 0.641643, 0.792734
10, 393, 5, 0, 1, 1, 1, 0, 0.941224, 0.635402
10, 394, 6, 0, 0, 1, 1, 0, 0.670850, 1.691438
10, 395, 4, 1, 1, -1, -1, 1, 1.068371, 1.087879
10, 396, 2, 6, 1, -1, 1, 1, 1.094557, 0.852307
10, 397, 4, 0, 1, 1, -1, 0, 0.912215, 1.316349
10, 398, 2, 6, 1, -1, 1, 1, 0.700751, 0.660580
10, 399, 2, 2, 1, -1, -1, 1, 1.202679, 1.113486
10, 400, 5, 0, 1, 1, -1, 0, 0.699540, 1.379286
10, 401, 1, 5, 1, -1, 1, 1, 1.067814, 0.634464
10, 402, 3, 0, 1, 1, -1, 0, 0.938306, 1.083637
10, 403, 5, 0, 1, 1, 1, 0, 0.746610, 0.769022
10, 404, 2, 0, 1, 1, 1, 0, 0.748964, 0.949333
10, 405, 2, 0, 1, 1, -1, 0, 0.789549, 1.144207
10, 406, 1, 0, 1, 1, 1, 0, 0.856530, 0.879207
10, 407, 3, 0, 1, 1, -1, 0, 0.761098, 0.669297
10, 408, 2, 4, 1, 1, 1, 1, 0.685838, 0.858487
10, 409, 3, 6, 1, -1, 1, 1, 0.547516, 1.104217
10, 410, 4, 2, 1, -1, -1, 1, 1.105932, 0.592304
10, 411, 4, 2, 0, -1, -1, -1, 0.661480, 3.213942
10, 412, 1, 0, 1, 1, 1, 0, 0.740181, 0.709121
10, 413, 2, 0, 1, 1, -1, 0, 0.624519, 0.747580
10, 414, 4, 4, 1, 1, 1, -1, 0.800405, 1.113283
10, 415, 2, 2, 1, -1, 1, 1, 0.880084, 0.679282
10, 416, 1, 0, 1, 1, 1, 0, 1.033111, 1.195569
10, 417, 4, 6, 1, -1, 1, -1, 0.839350, 0.871871
10, 418, 2, 0, 1, 1, -1, 0, 0.964055, 2.427362
10, 419, 3, 4, 1, -1, -1, 1, 0.904449, 1.197828
10, 420, 4, 4, 0, -1, 1, 1, 0.795366, 0.706902
10, 421, 2, 0, 0, 1, 1, 0, 0.839647, 1.271921
10, 422, 6, 2, 1, -1, -1, -1, 1.065173, 0.625372
10, 423, 1, 0, 1, 1, -1, 0, 0.849018, 0.613104
10, 424, 3, 0, 0, 1, -1, 0, 0.720529, 1.994411
10, 425, 6, 0, 1, 1, 1, 0, 0.773555, 0.535633
10, 426, 4, 1, 1, 1, -1, -1, 0.714796, 1.050458
10, 427, 4, 0, 1, 1, 1, 0, 0.990025, 1.060234
10, 428, 6, 0, 1, 1, 1, 0, 0.666173, 0.527065
10, 429, 5, 0, 1, 1, -1, 0, 0.732349, 0.687138
10, 430, 2, 3, 0, -1, 1, -1, 1.072127, 3.128225
10, 431, 1, 0, 1, 1, 1, 0, 0.836579, 0.906718
10, 432, 3, 3, 1, -1, 1, -1, 1.619126, 0.936137
10, 433, 5, 0, 1, 1, -1, 0, 0.924890, 0.639793
10, 434, 5, 0, 1, 1, -1, 0, 0.771621, 0.651940
10, 435, 4, 4, 0, 1, 1, 1, 0.960264, 1.730344
10, 436, 1, 4, 1, -1, -1, 1, 0.851144, 1.629978
10, 437, 2, 0, 1, 1, -1, 0, 0.706236, 1.124576
10, 438, 2, 0, 1, 1, 1, 0, 0.919276, 0.808842
10, 439, 1, 2, 1, -1, 1, 1, 1.061672, 1.441267
10, 440, 2, 1, 1, -1, 1, -1, 0.963089, 0.668194
10, 441, 1, 0, 0, 1, -1, 0, 0.742174, 1.677425
10, 442, 6, 0, 1, 1, -1, 0, 0.859121, 0.630359
10, 443, 4, 0, 1, 1, 1, 0, 0.739350, 0.899542
10, 444, 1, 0, 1, 1, -1, 0, 0.648930, 0.738494
10, 445, 1, 0, 0, 1, 1, 0, 0.906784, 1.498786
10, 446, 4, 0, 1, 1, -1, 0, 0.682424, 0.996964
10, 447, 1, 1, 1, 1, -1, 1, 0.872240, 1.012655
10, 448, 6, 4, 1, -1, 1, 1, 1.107169, 1.682153
10, 449, 3, 0, 1, 1, 1, 0, 0.774298, 0.707151
10, 450, 3, 3, 1, -1, -1, 1, 1.240801, 0.574852
10, 451, 3, 0, 1, 1, 1, 0, 0.873190, 0.675372
10, 452, 1, 0, 1, 1, 1, 0, 0.764339, 0.900037
10, 453, 5, 2, 1, 1, -1, 1, 0.782085, 0.887004
10, 454, 5, 4, 1, 1, 1, -1, 0.939992, 0.877438
10, 455, 5, 1, 1, -1, -1, -1, 0.785886, 0.741498
10, 456, 5, 0, 0, 1, -1, 0, 0.706526, 1.112353
10, 457, 4, 1, 1, -1, 1, -1, 1.228309, 1.513092
10, 458, 6, 4, 1, -1, -1, 1, 1.534259, 0.487804
10, 459, 5, 0, 1, 1, -1, 0, 1.181056, 0.601228
10, 460, 3, 0, 1, 1, 1, 0, 0.722318, 0.782648
10, 461, 3, 0, 1, 1, -1, 0, 0.778925, 0.708405
10, 462, 2, 0, 1, 1, -1, 0, 0.722444, 0.700587
10, 463, 1, 6, 0, -1, 1, -1, 0.899367, 1.041740
10, 464, 1, 6, 1, 1, 1, -1, 1.108239, 1.948587
10, 465, 1, 2, 1, -1, -1, -1, 0.975990, 0.913689
10, 466, 3, 3, 1, 1, 1, 1, 1.112179, 1.046866
10, 467, 4, 0, 1, 1, -1, 0, 0.918019, 0.593001
10, 468, 2, 0, 1, 1, 1, 0, 0.786431, 0.559336
10, 469, 5, 0, 1, 1, 1, 0, 0.811820, 0.988964
10, 470, 5, 4, 1, 1, 1, -1, 0.972856, 0.952759
10, 471, 3, 1, 1, -1, 1, 1, 0.811140, 1.363859
10, 472, 1, 0, 1, 1, 1, 0, 0.605854, 0.732575
10, 473, 3, 0, 1, 1, 1, 0, 0.655848, 0.971600
10, 474, 1, 1, 1, -1, -1, -1, 0.746737, 0.960330
10, 475, 1, 3, 1, -1, -1, -1, 1.051490, 0.727610
10, 476, 6, 0, 1, 1, -1, 0, 0.904840, 0.594822
10, 477, 2, 3, 1, 1, -1, -1, 0.825123, 0.588292
10, 478, 2, 0, 1, 1, 1, 0, 0.982584, 1.048093
10, 479, 5, 3, 1, 1, 1, -1, 0.914663, 1.008338
10, 480, 1, 4, 1, -1, 1, -1, 1.536920, 0.615463
10, 481, 4, 0, 1, 1, 1, 0, 0.694004, 0.668710
10, 482, 5, 0, 1, 1, 1, 0, 1.007936, 1.474649
10, 483, 4, 0, 1, 1, -1, 0, 0.975785, 0.994769
10, 484, 4, 0, 0, 1, -1, 0, 0.667294, 0.930720
10, 485, 5, 5, 1, -1, 1, 1, 1.266580, 0.589016
10, 486, 5, 0, 1, 1, -1, 0, 0.645901, 0.799427
10, 487, 4, 0, 1, 1, 1, 0, 0.607448, 0.521143
10, 488, 6, 0, 0, 1, 1, 0, 0.723583, 1.227668
10, 489, 6, 0, 1, 1, 1, 0, 0.718866, 0.826500
10, 490, 2, 6, 1, -1, -1, 1, 0.768925, 0.980853
10, 491, 4, 3, 1, 1, 1, -1, 0.727695, 2.477137
10, 492, 3, 0, 1, 1, 1, 0, 0.640173, 0.766887
10, 493, 4, 6, 1, -1, 1, 1, 1.057509, 0.607303
10, 494, 5, 4, 1, 1, -1, 1, 0.703895, 0.661647
10, 495, 2, 2, 0, -1, 1, -1, 1.035266, 1.215147
10, 496, 3, 0, 0, 1, -1, 0, 0.594145, 1.327442
10, 497, 1, 2, 1, -1, 1, -1, 1.185967, 0.554191
10, 498, 2, 0, 1, 1, -1, 0, 0.643510, 0.546612
10, 499, 6, 0, 1, 1, 1, 0, 0.790280, 0.626495
10, 500, 2, 0, 1, 1, -1, 0, 0.797902, 0.469559
10, 501, 2, 1, 1, -1, -1, -1, 0.801977, 1.096066
10, 502, 4, 0, 1, 1, 1, 0, 0.739911, 0.863420
10, 503, 2, 0, 1, 1, -1, 0, 0.733024, 0.643238
10, 504, 3, 0, 1, 1, 1, 0, 0.833801, 0.705535
10, 505, 4, 0, 1, 1, 1, 0, 0.731995, 0.503046
10, 506, 4, 3, 1, 1, -1, 1, 0.747106, 0.662578
10, 507, 3, 0, 1, 1, -1, 0, 0.893488, 0.734455
10, 508, 1, 6, 1, -1, -1, -1, 0.791108, 1.331285
10, 509, 4, 2, 1, 1, 1, 1, 1.060901, 1.249270
10, 510, 5, 0, 1, 1, -1, 0, 0.719448, 0.484783
10, 511, 1, 4, 1, -1, -1, -1, 0.734669, 0.587558
10, 512, 5, 6, 1, -1, 1, -1, 1.005239, 0.574901
10, 513, 6, 5, 1, -1, 1, -1, 1.006388, 0.474859
10, 514, 4, 0, 1, 1, 1, 0, 0.804843, 0.655199
10, 515, 6, 6, 1, 1, -1, 1, 0.877404, 1.241478
10, 516, 1, 1, 1, -1, -1, 1, 0.975147, 1.076970
10, 517, 1, 1, 0, -1, 1, 1, 0.786605, 1.169145
10, 518, 1, 0, 1, 1, -1, 0, 0.735678, 0.648261
10, 519, 1, 2, 1, 1, 1, 1, 0.898060, 0.667491
10, 520, 4, 6, 1, 1, 1, 1, 0.824225, 0.959406
10, 521, 4, 5, 1, 1, -1, -1, 0.774844, 1.659461
10, 522, 4, 0, 1, 1, 1, 0, 0.654734, 0.685349
10, 523, 4, 5, 1, 1, -1, 1, 0.728376, 0.551941
10, 524, 1, 0, 1, 1, -1, 0, 0.892301, 0.459848
10, 525, 5, 0, 1, 1, 1, 0, 0.802591, 0.621625
10, 526, 2, 6, 1, 1, -1, -1, 0.745255, 0.933748
10, 527, 5, 0, 1, 1, -1, 0, 0.765404, 0.958654
10, 528, 6, 2, 1, 1, 1, -1, 0.808053, 0.562979
10, 529, 6, 5, 1, 1, -1, -1, 0.798392, 0.547606
10, 530, 6, 1, 1, -1, -1, -1, 0.667518, 0.713874
10, 531, 6, 0, 1, 1, 1, 0, 0.728032, 1.609282
10, 532, 6, 0, 1, 1, 1, 0, 0.728225, 1.086846
10, 533, 5, 4, 1, 1, -1, -1, 0.700275, 0.684904
10, 534, 6, 4, 0, 1, 1, 1, 0.717559, 0.958232
10, 535, 3, 3, 1, -1, 1, 1, 0.798512, 1.011427
10, 536, 4, 2, 1, 1, 1, -1, 0.720791, 2.022958
10, 537, 5, 2, 1, 1, 1, 1, 0.765666, 0.998172
10, 538, 6, 5, 1, -1, 1, 1, 1.385479, 1.279859
10, 539, 6, 0, 1, 1, -1, 0, 1.074444, 0.472231
10, 540, 1, 5, 1, -1, -1, -1, 1.206084, 1.078156
10, 541, 1, 0, 1, 1, -1, 0, 1.299923, 1.287610
10, 542, 3, 3, 1, -1, 1, -1, 1.265125, 1.812982
10, 543, 2, 1, 1, -1, 1, 1, 0.852722, 0.839679
10, 544, 6, 0, 1, 1, -1, 0, 0.826872, 1.552559
10, 545, 6, 0, 1, 1, -1, 0, 1.362163, 0.700562
10, 546, 1, 0, 1, 1, 1, 0, 0.875137, 0.746506
10, 547, 5, 3, 1, -1, -1, -1, 0.792781, 1.099707
10, 548, 5, 0, 1, 1, 1, 0, 1.496785, 1.266006
10, 549, 3, 2, 1, -1, 1, -1, 1.285162, 0.963229
10, 550, 5, 0, 1, 1, -1, 0, 0.720373, 0.670601
10, 551, 6, 0, 1, 1, 1, 0, 0.774953, 0.941429
10, 552, 4, 0, 1, 1, 1, 0, 0.884533, 0.594678
10, 553, 4, 1, 1, -1, -1, -1, 1.692788, 1.933661
10, 554, 6, 2, 1, 1, -1, -1, 0.760300, 1.374714
10, 555, 6, 0, 1, 1, -1, 0, 0.892093, 0.522306
10, 556, 5, 2, 1, 1, 1, 1, 0.752540, 0.967390
10, 557, 5, 0, 1, 1, -1, 0, 0.719039, 0.905158
10, 558, 1, 6, 1, -1, 1, 1, 0.951998, 0.879598
10, 559, 3, 0, 1, 1, 1, 0, 0.972853, 0.917334
10, 560, 5, 1, 1, -1, -1, -1, 0.804121, 0.521508
10, 561, 6, 6, 1, -1, -1, 1, 0.872890, 0.972504
10, 562, 6, 3, 1, 1, 1, -1, 1.122463, 0.804701
10, 563, 3, 6, 1, 1, -1, -1, 1.398280, 2.102524
10, 564, 3, 0, 1, 1, 1, 0, 1.286938, 0.927600
10, 565, 3, 6, 1, 1, 1, -1, 1.533760, 0.881277
10, 566, 4, 6, 1, -1, -1, -1, 1.273737, 0.461285
10, 567, 3, 0, 1, 1, 1, 0, 0.854637, 0.899642
10, 568, 3, 0, 1, 1, -1, 0, 0.725162, 0.699154
10, 569, 6, 2, 1, -1, -1, 1, 1.412285, 0.771857
10, 570, 2, 4, 1, -1, -1, 1, 1.972239, 0.645051
10, 571, 3, 6, 1, 1, -1, 1, 1.230426, 0.980199
10, 572, 1, 0, 1, 1, 1, 0, 1.577814, 0.886221
10, 573, 4, 6, 1, 1, -1, -1, 1.740406, 1.028346
10, 574, 5, 3, 1, 1, 1, 1, 1.435841, 0.547123
10, 575, 3, 3, 1, -1, -1, -1, 1.106044, 0.507097
10, 576, 4, 0, 1, 1, 1, 0, 0.844704, 0.515544
