observer, trial, targLoc, distLoc, targDiscrim, thoughtNoAttCap, tc, dc, RT, TrialTypeRT
18, 1, 4, 6, 1, -1, 1, -1, 6.528066, 3.318861
18, 2, 2, 0, 1, 1, 1, 0, 1.715747, 2.207159
18, 3, 5, 0, 1, 1, 1, 0, 2.643444, 1.865787
18, 4, 6, 4, 1, 1, 1, 1, 2.259939, 1.609377
18, 5, 2, 2, 0, -1, -1, -1, 2.001810, 6.515350
18, 6, 5, 2, 1, 1, 1, 1, 1.823284, 2.244632
18, 7, 4, 2, 1, 1, -1, 1, 2.529089, 1.451005
18, 8, 2, 0, 1, 1, -1, 0, 1.935807, 1.530429
18, 9, 4, 0, 1, 1, 1, 0, 2.295674, 1.708232
18, 10, 2, 0, 1, 1, -1, 0, 1.477979, 0.721275
18, 11, 4, 3, 1, 1, 1, 1, 3.314063, 1.271098
18, 12, 6, 5, 1, -1, 1, -1, 2.698396, 1.721704
18, 13, 2, 3, 1, 1, -1, -1, 2.149730, 2.397129
18, 14, 5, 0, 1, 1, 1, 0, 1.972610, 1.365232
18, 15, 4, 4, 1, 1, 1, -1, 1.645337, 1.197078
18, 16, 5, 0, 1, 1, -1, 0, 1.610879, 1.122748
18, 17, 2, 1, 1, -1, -1, -1, 2.688067, 1.205177
18, 18, 3, 3, 1, 1, -1, -1, 3.023323, 1.358234
18, 19, 1, 0, 1, 1, -1, 0, 1.965836, 1.143436
18, 20, 2, 0, 1, 1, 1, 0, 1.458996, 1.040157
18, 21, 1, 0, 1, 1, -1, 0, 1.646253, 0.809769
18, 22, 3, 6, 1, 1, 1, 1, 3.145229, 1.441327
18, 23, 1, 4, 1, 1, 1, 1, 2.348087, 1.144499
18, 24, 2, 3, 1, 1, 1, -1, 3.284520, 2.776792
18, 25, 3, 4, 1, 1, -1, -1, 2.346052, 2.481271
18, 26, 1, 1, 1, -1, -1, -1, 1.981056, 1.559499
18, 27, 4, 4, 1, 1, 1, 1, 2.161365, 1.311903
18, 28, 5, 6, 1, 1, 1, 1, 2.242942, 0.990542
18, 29, 1, 6, 1, 1, -1, -1, 2.463725, 1.410684
18, 30, 4, 2, 1, 1, 1, -1, 2.316983, 1.696443
18, 31, 6, 6, 1, -1, 1, 1, 2.267543, 1.324117
18, 32, 5, 4, 1, 1, -1, 1, 3.336275, 1.767436
18, 33, 5, 5, 1, 1, 1, 1, 2.335242, 1.579745
18, 34, 5, 0, 1, 1, -1, 0, 1.569983, 1.722443
18, 35, 2, 0, 1, 1, 1, 0, 1.291863, 1.281544
18, 36, 6, 5, 1, -1, 1, 1, 2.112116, 1.067149
18, 37, 6, 0, 1, 1, -1, 0, 1.256984, 1.077444
18, 38, 4, 0, 1, 1, 1, 0, 4.142757, 1.417746
18, 39, 2, 3, 1, 1, -1, 1, 1.782795, 1.403344
18, 40, 1, 0, 1, 1, -1, 0, 1.418525, 1.644543
18, 41, 6, 1, 1, 1, -1, -1, 2.016324, 1.423260
18, 42, 1, 1, 1, 1, -1, 1, 3.069703, 1.227142
18, 43, 6, 0, 1, 1, -1, 0, 1.593448, 1.458825
18, 44, 4, 4, 1, 1, -1, 1, 2.668533, 2.451655
18, 45, 4, 5, 1, 1, -1, 1, 1.656700, 1.036670
18, 46, 2, 0, 1, 1, -1, 0, 1.122311, 0.517066
18, 47, 6, 0, 1, 1, 1, 0, 1.475289, 0.185501
18, 48, 5, 0, 1, 1, 1, 0, 1.847895, 0.796934
18, 49, 5, 1, 1, 1, -1, 1, 2.274864, 0.873228
18, 50, 1, 4, 1, 1, -1, -1, 2.153353, 0.398761
18, 51, 2, 0, 1, 1, -1, 0, 1.153881, 1.153815
18, 52, 4, 0, 1, 1, -1, 0, 1.211981, 0.478538
18, 53, 6, 0, 1, 1, 1, 0, 1.255901, 0.398156
18, 54, 4, 5, 1, 1, -1, -1, 1.264700, 0.252793
18, 55, 3, 0, 1, 1, -1, 0, 1.119648, 0.113465
18, 56, 2, 0, 1, 1, -1, 0, 1.060132, 0.574799
18, 57, 4, 2, 1, 1, 1, 1, 3.068673, 0.386245
18, 58, 3, 0, 1, 1, 1, 0, 1.334179, 0.360041
18, 59, 5, 0, 1, 1, -1, 0, 1.415789, 0.460567
18, 60, 3, 6, 1, 1, -1, -1, 1.253560, 0.400707
18, 61, 2, 0, 1, 1, -1, 0, 1.154646, 0.632654
18, 62, 5, 3, 0, -1, 1, -1, 2.343142, 1.252459
18, 63, 6, 0, 1, 1, -1, 0, 1.630311, 0.889693
18, 64, 6, 0, 1, 1, -1, 0, 1.659263, 0.950499
18, 65, 3, 2, 1, 1, 1, -1, 1.977784, 0.546309
18, 66, 5, 2, 1, 1, -1, 1, 1.418482, 0.536820
18, 67, 5, 0, 1, 1, 1, 0, 1.437252, 0.457500
18, 68, 6, 3, 1, 1, -1, -1, 1.531622, 1.070043
18, 69, 6, 2, 1, 1, -1, -1, 1.512415, 0.955233
18, 70, 3, 0, 1, 1, -1, 0, 1.924012, 1.053842
18, 71, 2, 0, 1, 1, 1, 0, 1.111620, 0.458177
18, 72, 2, 0, 1, 1, 1, 0, 1.158896, 1.024104
18, 73, 3, 0, 1, 1, 1, 0, 1.179592, 0.556051
18, 74, 6, 0, 1, -1, 1, 0, 1.791228, 2.089358
18, 75, 2, 0, 1, 1, -1, 0, 1.163148, 0.783020
18, 76, 5, 0, 1, 1, -1, 0, 0.975154, 0.981208
18, 77, 6, 6, 1, -1, 1, -1, 1.962482, 1.163158
18, 78, 2, 2, 1, -1, 1, 1, 2.107878, 1.163435
18, 79, 5, 0, 1, 1, 1, 0, 1.111521, 1.206977
18, 80, 4, 6, 1, 1, 1, -1, 2.274259, 1.608622
18, 81, 1, 0, 1, 1, -1, 0, 1.759993, 0.643449
18, 82, 2, 3, 1, 1, -1, -1, 2.715633, 0.768307
18, 83, 4, 3, 1, -1, -1, -1, 1.648248, 1.285050
18, 84, 2, 3, 1, -1, -1, 1, 1.761769, 1.291198
18, 85, 1, 1, 1, 1, -1, 1, 2.365362, 1.193701
18, 86, 6, 6, 1, 1, -1, 1, 1.996622, 0.974407
18, 87, 5, 0, 1, 1, -1, 0, 1.132924, 0.482924
18, 88, 5, 0, 1, 1, -1, 0, 1.584987, 0.544692
18, 89, 5, 0, 1, 1, -1, 0, 1.285837, 1.205405
18, 90, 2, 0, 1, 1, -1, 0, 1.522065, 0.938263
18, 91, 3, 6, 1, 1, -1, -1, 2.027668, 0.392653
18, 92, 6, 0, 1, 1, -1, 0, 1.173056, 0.646530
18, 93, 2, 0, 1, 1, 1, 0, 1.836947, 2.077710
18, 94, 1, 4, 1, -1, -1, 1, 1.658658, 1.332394
18, 95, 3, 3, 1, -1, -1, 1, 1.898404, 1.335061
18, 96, 4, 1, 1, 1, 1, 1, 3.419729, 2.278844
18, 97, 4, 3, 1, 1, 1, 1, 1.480733, 0.603685
18, 98, 5, 5, 1, 1, -1, -1, 1.346931, 0.534375
18, 99, 1, 0, 1, 1, 1, 0, 1.692963, 0.683562
18, 100, 1, 5, 1, -1, 1, 1, 1.656944, 1.220178
18, 101, 5, 0, 1, 1, -1, 0, 1.080304, 0.265757
18, 102, 4, 0, 1, 1, 1, 0, 1.177028, 0.300420
18, 103, 5, 0, 1, 1, 1, 0, 0.900948, 0.562672
18, 104, 3, 0, 1, 1, -1, 0, 0.883684, 0.358239
18, 105, 3, 6, 1, 1, 1, 1, 1.680302, 0.338660
18, 106, 1, 6, 1, 1, -1, -1, 1.363573, 0.464071
18, 107, 1, 0, 1, 1, 1, 0, 1.217775, 0.451085
18, 108, 1, 0, 1, 1, 1, 0, 0.944350, 0.534384
18, 109, 2, 5, 1, 1, -1, 1, 1.476871, 0.509207
18, 110, 3, 0, 1, 1, 1, 0, 1.017298, 0.546749
18, 111, 2, 1, 1, -1, 1, 1, 2.014760, 1.168075
18, 112, 4, 0, 1, 1, -1, 0, 1.226541, 0.762599
18, 113, 4, 2, 1, 1, 1, 1, 1.539691, 0.551872
18, 114, 3, 1, 1, 1, 1, 1, 1.560782, 1.024294
18, 115, 4, 2, 1, 1, -1, 1, 1.363380, 0.684342
18, 116, 3, 0, 1, 1, -1, 0, 1.270481, 0.715631
18, 117, 3, 4, 1, 1, 1, -1, 1.431109, 1.068616
18, 118, 3, 0, 1, 1, 1, 0, 1.047517, 0.820700
18, 119, 3, 1, 1, -1, -1, -1, 1.498387, 0.979874
18, 120, 6, 0, 1, 1, -1, 0, 0.994044, 1.371143
18, 121, 4, 0, 1, 1, -1, 0, 1.052573, 1.012896
18, 122, 5, 0, 1, 1, 1, 0, 1.643520, 0.688290
18, 123, 6, 0, 1, 1, -1, 0, 0.872499, 0.612995
18, 124, 6, 1, 1, 1, 1, -1, 2.378179, 0.819678
18, 125, 5, 4, 1, -1, 1, -1, 1.406209, 2.082284
18, 126, 3, 0, 1, 1, -1, 0, 0.963672, 1.204467
18, 127, 4, 6, 1, 1, 1, 1, 1.613798, 2.305761
18, 128, 5, 0, 1, 1, -1, 0, 0.940408, 1.915575
18, 129, 1, 0, 1, 1, -1, 0, 1.877448, 0.465302
18, 130, 3, 0, 1, 1, 1, 0, 2.903548, 0.808545
18, 131, 4, 3, 1, -1, -1, 1, 1.244277, 1.958824
18, 132, 5, 6, 1, -1, -1, -1, 1.411420, 0.806387
18, 133, 5, 0, 1, 1, -1, 0, 1.724242, 0.624322
18, 134, 5, 5, 1, -1, -1, -1, 1.206678, 0.831642
18, 135, 2, 4, 1, 1, -1, 1, 1.654799, 1.048258
18, 136, 5, 3, 1, 1, 1, -1, 1.132822, 0.507768
18, 137, 4, 2, 1, -1, -1, -1, 1.457213, 0.918872
18, 138, 6, 0, 1, 1, -1, 0, 1.269515, 0.599717
18, 139, 5, 4, 1, 1, -1, -1, 1.830989, 0.624674
18, 140, 6, 0, 1, 1, 1, 0, 1.226756, 0.563677
18, 141, 5, 6, 1, 1, -1, -1, 1.477017, 0.711679
18, 142, 6, 1, 1, 1, 1, -1, 1.535695, 0.948574
18, 143, 4, 0, 1, 1, -1, 0, 1.465175, 0.576184
18, 144, 1, 3, 1, -1, 1, 1, 1.464618, 0.578181
18, 145, 4, 6, 1, -1, 1, 1, 1.299112, 1.145338
18, 146, 3, 0, 1, 1, -1, 0, 1.205592, 1.232264
18, 147, 6, 2, 1, 1, 1, 1, 1.415440, 0.300546
18, 148, 4, 0, 1, 1, -1, 0, 2.640599, 0.473976
18, 149, 6, 0, 1, 1, -1, 0, 0.884204, 0.355580
18, 150, 1, 5, 1, -1, -1, 1, 1.669865, 0.689023
18, 151, 5, 6, 1, -1, 1, 1, 2.041013, 1.025906
18, 152, 6, 5, 1, 1, -1, -1, 2.217466, 0.827304
18, 153, 1, 0, 1, 1, 1, 0, 1.759738, 0.260943
18, 154, 4, 4, 1, 1, 1, 1, 1.142262, 0.001337
18, 155, 5, 0, 1, 1, -1, 0, 1.007093, 0.001199
18, 156, 3, 0, 1, 1, -1, 0, 1.141364, 0.347556
18, 157, 3, 3, 1, -1, 1, -1, 1.326208, 0.747279
18, 158, 5, 0, 1, 1, 1, 0, 1.489162, 0.239147
18, 159, 6, 0, 1, 1, -1, 0, 1.272420, 0.397789
18, 160, 5, 0, 1, 1, -1, 0, 1.521601, 0.411929
18, 161, 4, 0, 1, 1, -1, 0, 0.863644, 0.274310
18, 162, 4, 3, 1, 1, -1, 1, 1.456086, 0.411352
18, 163, 3, 5, 1, 1, -1, 1, 1.489866, 0.326832
18, 164, 3, 2, 1, -1, 1, 1, 2.381749, 0.715298
18, 165, 2, 0, 1, 1, -1, 0, 0.949276, 0.292633
18, 166, 6, 3, 1, -1, 1, 1, 1.728889, 0.890989
18, 167, 2, 1, 1, -1, 1, -1, 1.735180, 0.807446
18, 168, 1, 0, 1, 1, 1, 0, 1.145211, 0.231485
18, 169, 3, 2, 1, 1, -1, 1, 1.198508, 0.193304
18, 170, 2, 0, 1, 1, 1, 0, 1.134597, 0.358498
18, 171, 6, 4, 1, -1, 1, -1, 1.394328, 0.948646
18, 172, 5, 4, 1, 1, 1, -1, 1.084886, 0.286296
18, 173, 4, 0, 1, 1, -1, 0, 1.118347, 0.365060
18, 174, 3, 3, 1, -1, 1, 1, 1.468789, 0.819101
18, 175, 2, 0, 1, 1, -1, 0, 1.387839, 1.176995
18, 176, 4, 0, 1, 1, 1, 0, 0.847329, 0.396675
18, 177, 2, 6, 1, 1, 1, 1, 1.913955, 0.688776
18, 178, 2, 0, 1, 1, -1, 0, 1.118625, 0.684479
18, 179, 4, 5, 1, -1, 1, -1, 2.781092, 1.019201
18, 180, 3, 5, 1, 1, -1, -1, 1.357764, 0.425323
18, 181, 4, 0, 1, 1, 1, 0, 0.835727, 0.761853
18, 182, 4, 3, 1, 1, -1, -1, 1.044175, 0.339982
18, 183, 4, 1, 1, 1, 1, -1, 1.471001, 0.947342
18, 184, 1, 5, 1, -1, -1, -1, 1.651175, 0.799114
18, 185, 2, 1, 1, -1, -1, -1, 1.623844, 0.300905
18, 186, 3, 1, 1, 1, 1, 1, 1.396738, 1.137366
18, 187, 5, 0, 1, 1, 1, 0, 0.979316, 0.339644
18, 188, 6, 1, 1, -1, -1, 1, 1.947819, 1.060311
18, 189, 1, 1, 1, -1, 1, -1, 1.152300, 1.522678
18, 190, 4, 4, 1, 1, -1, -1, 1.133507, 0.942158
18, 191, 6, 0, 1, 1, -1, 0, 1.223439, 0.675626
18, 192, 1, 0, 1, 1, -1, 0, 1.196257, 1.125386
18, 193, 6, 5, 1, 1, -1, 1, 1.674521, 0.333426
18, 194, 1, 0, 1, 1, 1, 0, 1.317264, 0.160732
18, 195, 2, 3, 1, 1, 1, 1, 1.188803, 0.351335
18, 196, 4, 0, 1, 1, 1, 0, 2.210125, 0.367322
18, 197, 3, 6, 1, 1, 1, -1, 1.635360, 0.993532
18, 198, 3, 0, 1, 1, -1, 0, 1.217500, 0.385941
18, 199, 3, 0, 1, 1, 1, 0, 0.917731, 0.360633
18, 200, 1, 2, 1, 1, -1, -1, 1.747727, 2.319974
18, 201, 1, 5, 1, 1, 1, -1, 1.319617, 0.325040
18, 202, 4, 0, 1, 1, 1, 0, 1.463004, 0.252660
18, 203, 5, 0, 1, 1, 1, 0, 1.011952, 0.338399
18, 204, 6, 4, 1, 1, -1, 1, 1.270492, 0.173282
18, 205, 1, 6, 1, 1, -1, 1, 1.608630, 0.319270
18, 206, 2, 2, 1, 1, -1, 1, 1.314828, 0.498196
18, 207, 2, 4, 1, 1, 1, 1, 1.027118, 0.325801
18, 208, 4, 5, 1, 1, 1, 1, 1.097620, 0.299012
18, 209, 1, 0, 1, 1, -1, 0, 1.039624, 0.232362
18, 210, 4, 0, 1, 1, -1, 0, 0.875790, 0.866840
18, 211, 6, 3, 1, 1, -1, 1, 1.202271, 0.899846
18, 212, 5, 0, 1, 1, -1, 0, 0.842047, 0.359448
18, 213, 1, 0, 1, 1, -1, 0, 0.968094, 0.777088
18, 214, 6, 3, 1, 1, 1, -1, 1.240470, 0.515387
18, 215, 2, 0, 1, 1, -1, 0, 1.026935, 2.815680
18, 216, 6, 0, 1, 1, -1, 0, 0.878629, 0.993340
18, 217, 6, 1, 1, -1, -1, -1, 2.810415, 1.526373
18, 218, 2, 0, 1, 1, 1, 0, 0.941870, 0.590209
18, 219, 2, 4, 1, 1, 1, -1, 1.410572, 1.683629
18, 220, 2, 1, 1, -1, -1, 1, 1.436547, 0.854484
18, 221, 2, 0, 1, 1, -1, 0, 0.829428, 1.060627
18, 222, 3, 1, 1, -1, -1, 1, 1.497653, 0.795951
18, 223, 2, 0, 1, 1, 1, 0, 1.079784, 0.883073
18, 224, 3, 1, 1, -1, 1, -1, 1.124642, 0.612711
18, 225, 5, 0, 1, 1, 1, 0, 0.907131, 0.558113
18, 226, 4, 4, 1, 1, 1, -1, 0.941483, 0.723119
18, 227, 2, 6, 1, 1, -1, 1, 1.214730, 0.318568
18, 228, 2, 5, 1, -1, -1, -1, 1.378379, 0.272759
18, 229, 2, 0, 1, 1, 1, 0, 0.893838, 0.067181
18, 230, 5, 1, 1, 1, -1, 1, 1.098705, 0.644881
18, 231, 1, 0, 1, 1, -1, 0, 0.887779, 0.325768
18, 232, 6, 4, 1, 1, 1, -1, 1.428967, 0.924705
18, 233, 6, 0, 1, 1, -1, 0, 1.098405, 0.439761
18, 234, 1, 1, 1, -1, -1, -1, 1.496556, 0.871500
18, 235, 2, 6, 1, -1, 1, -1, 1.348354, 0.904600
18, 236, 1, 0, 1, 1, -1, 0, 0.971684, 0.732883
18, 237, 2, 0, 1, 1, -1, 0, 1.334161, 0.669128
18, 238, 3, 2, 1, 1, -1, -1, 1.158464, 0.917220
18, 239, 1, 4, 1, -1, -1, -1, 1.392285, 0.585060
18, 240, 6, 1, 1, 1, 1, 1, 1.972396, 0.575836
18, 241, 1, 0, 1, 1, 1, 0, 1.226730, 0.395427
18, 242, 2, 5, 1, -1, -1, 1, 1.317285, 0.676835
18, 243, 1, 0, 1, 1, -1, 0, 1.086698, 0.799907
18, 244, 5, 1, 1, 1, 1, -1, 1.692606, 1.384691
18, 245, 2, 0, 1, 1, -1, 0, 0.788677, 1.324616
18, 246, 4, 5, 1, 1, 1, -1, 1.277220, 1.203413
18, 247, 3, 0, 1, 1, -1, 0, 0.888409, 0.769097
18, 248, 6, 1, 1, -1, 1, 1, 2.392631, 1.066665
18, 249, 6, 2, 1, 1, 1, 1, 1.984557, 0.133617
18, 250, 2, 0, 1, 1, 1, 0, 0.978071, 0.919881
18, 251, 5, 4, 1, 1, 1, 1, 0.798966, 1.400998
18, 252, 5, 3, 1, -1, 1, 1, 1.004433, 0.795974
18, 253, 1, 0, 1, 1, 1, 0, 1.013121, 0.641308
18, 254, 3, 6, 1, -1, -1, 1, 1.396533, 0.914878
18, 255, 2, 5, 1, -1, 1, 1, 1.429175, 0.427643
18, 256, 1, 0, 1, 1, 1, 0, 0.882488, 0.874065
18, 257, 2, 0, 1, 1, -1, 0, 1.011885, 0.604327
18, 258, 6, 0, 1, 1, 1, 0, 1.092807, 1.024487
18, 259, 4, 6, 1, -1, -1, 1, 1.841264, 1.317696
18, 260, 4, 0, 1, 1, 1, 0, 1.305577, 0.448411
18, 261, 1, 0, 1, 1, -1, 0, 0.931960, 0.965297
18, 262, 2, 0, 1, 1, -1, 0, 1.660520, 1.642147
18, 263, 5, 3, 1, -1, -1, 1, 1.842034, 0.311333
18, 264, 6, 0, 1, 1, 1, 0, 1.211775, 0.331775
18, 265, 1, 0, 1, 1, -1, 0, 0.982559, 0.271331
18, 266, 3, 1, 1, -1, -1, 1, 1.344679, 0.479853
18, 267, 3, 0, 1, 1, 1, 0, 0.862249, 0.379340
18, 268, 4, 0, 1, 1, -1, 0, 0.987250, 0.961680
18, 269, 5, 0, 1, 1, -1, 0, 1.386083, 0.517912
18, 270, 1, 0, 1, 1, -1, 0, 1.675252, 0.438385
18, 271, 5, 0, 1, 1, 1, 0, 1.115644, 0.950749
18, 272, 1, 0, 1, 1, -1, 0, 0.893057, 0.931941
18, 273, 4, 5, 1, -1, -1, 1, 1.482963, 1.143793
18, 274, 5, 0, 1, 1, 1, 0, 0.849307, 0.355221
18, 275, 3, 6, 1, 1, -1, 1, 1.277204, 0.419981
18, 276, 3, 3, 1, -1, -1, 1, 1.510508, 0.896080
18, 277, 3, 0, 1, 1, -1, 0, 1.014619, 1.476096
18, 278, 6, 0, 1, 1, -1, 0, 1.366312, 1.225960
18, 279, 1, 0, 1, 1, 1, 0, 1.601726, 0.392526
18, 280, 6, 0, 1, 1, 1, 0, 1.060290, 0.370721
18, 281, 1, 3, 1, -1, 1, -1, 1.304693, 0.889879
18, 282, 1, 0, 1, 1, 1, 0, 1.178648, 0.961978
18, 283, 6, 0, 1, 1, -1, 0, 0.952261, 0.747197
18, 284, 1, 0, 1, 1, -1, 0, 0.813745, 0.395567
18, 285, 1, 0, 1, 1, 1, 0, 1.456447, 1.332260
18, 286, 1, 4, 1, -1, 1, -1, 1.027377, 0.833953
18, 287, 6, 0, 1, 1, 1, 0, 0.894936, 1.047651
18, 288, 4, 0, 1, 1, 1, 0, 0.878854, 0.492212
18, 289, 5, 1, 1, -1, 1, -1, 1.294025, 1.786968
18, 290, 5, 3, 1, -1, -1, 1, 1.344937, 0.540528
18, 291, 1, 0, 1, 1, 1, 0, 1.174980, 0.447352
18, 292, 5, 5, 1, -1, 1, 1, 1.192734, 0.432349
18, 293, 3, 0, 1, 1, 1, 0, 0.810133, 0.279162
18, 294, 2, 6, 1, 1, -1, -1, 1.623430, 0.516978
18, 295, 5, 0, 1, 1, 1, 0, 0.826218, 0.373178
18, 296, 4, 4, 1, 1, -1, -1, 1.335746, 0.367794
18, 297, 2, 0, 1, 1, -1, 0, 1.607352, 0.405835
18, 298, 1, 3, 1, -1, -1, 1, 1.399100, 0.962964
18, 299, 5, 1, 1, 1, -1, -1, 1.277588, 1.377446
18, 300, 2, 0, 1, 1, 1, 0, 1.063721, 0.616189
18, 301, 6, 3, 1, 1, -1, 1, 2.661844, 1.244747
18, 302, 1, 1, 1, 1, 1, -1, 1.596096, 0.380013
18, 303, 4, 0, 1, 1, 1, 0, 0.905760, 0.626145
18, 304, 4, 1, 1, -1, 1, 1, 1.434972, 0.584394
18, 305, 3, 5, 1, -1, 1, 1, 12.472855, 0.710909
18, 306, 3, 0, 1, 1, -1, 0, 1.009180, 0.516032
18, 307, 3, 3, 1, 1, -1, -1, 1.615498, 0.385797
18, 308, 4, 0, 1, 1, 1, 0, 0.999052, 0.273487
18, 309, 5, 6, 1, -1, -1, 1, 1.462268, 0.663168
18, 310, 3, 4, 1, 1, -1, 1, 1.557747, 0.260325
18, 311, 4, 0, 1, 1, -1, 0, 2.727461, 0.506309
18, 312, 2, 0, 1, 1, 1, 0, 0.915162, 0.329393
18, 313, 3, 1, 1, -1, -1, -1, 1.443842, 0.965146
18, 314, 6, 4, 1, -1, -1, -1, 1.246879, 0.498284
18, 315, 5, 2, 1, 1, -1, 1, 1.092264, 0.281045
18, 316, 6, 0, 1, 1, 1, 0, 0.851662, 0.080903
18, 317, 3, 5, 1, 1, 1, 1, 0.958847, 0.087501
18, 318, 2, 0, 1, 1, -1, 0, 0.958600, 1.058798
18, 319, 1, 6, 1, -1, 1, 1, 1.099811, 1.500886
18, 320, 1, 2, 1, -1, 1, -1, 1.221539, 0.431329
18, 321, 4, 0, 1, 1, 1, 0, 1.324286, 0.735141
18, 322, 4, 2, 1, 1, -1, -1, 1.883343, 0.789585
18, 323, 5, 1, 1, -1, 1, 1, 2.217104, 0.869727
18, 324, 3, 2, 1, 1, 1, 1, 4.194196, 0.394041
18, 325, 5, 5, 1, 1, 1, -1, 1.947988, 0.583546
18, 326, 2, 5, 1, 1, 1, -1, 1.048356, 0.420881
18, 327, 5, 3, 1, 1, -1, -1, 1.714690, 0.260828
18, 328, 4, 0, 1, 1, 1, 0, 0.960302, 0.496884
18, 329, 3, 0, 1, 1, 1, 0, 1.751734, 0.133138
18, 330, 4, 0, 1, 1, 1, 0, 0.868128, 0.218514
18, 331, 1, 1, 1, -1, 1, 1, 1.111273, 0.815532
18, 332, 1, 5, 1, -1, 1, -1, 1.395693, 0.460857
18, 333, 5, 5, 1, 1, -1, 1, 1.540826, 0.206915
18, 334, 3, 0, 1, 1, -1, 0, 1.322838, 0.540615
18, 335, 4, 6, 0, -1, -1, 1, 1.871725, 1.862362
18, 336, 6, 0, 1, 1, 1, 0, 1.179709, 0.344716
18, 337, 3, 5, 1, -1, 1, -1, 1.625913, 0.613339
18, 338, 3, 0, 1, 1, 1, 0, 0.848798, 0.232979
18, 339, 5, 0, 1, 1, 1, 0, 0.889805, 0.605694
18, 340, 6, 6, 1, 1, 1, -1, 1.491691, 0.001306
18, 341, 1, 0, 1, 1, -1, 0, 1.008471, 0.001019
18, 342, 5, 0, 1, 1, -1, 0, 1.144388, 0.001043
18, 343, 6, 0, 1, 1, -1, 0, 0.868579, 0.001032
18, 344, 5, 4, 1, 1, -1, -1, 0.952930, 0.159543
18, 345, 5, 0, 1, 1, 1, 0, 1.193032, 0.106261
18, 346, 2, 0, 1, 1, 1, 0, 0.708653, 0.099242
18, 347, 2, 0, 1, 1, -1, 0, 0.960252, 0.290864
18, 348, 4, 1, 1, 1, -1, 1, 1.269725, 0.299130
18, 349, 5, 0, 1, 1, 1, 0, 0.997589, 0.054138
18, 350, 4, 0, 1, 1, -1, 0, 1.287142, 0.286272
18, 351, 1, 2, 1, -1, 1, 1, 1.661756, 0.205696
18, 352, 4, 0, 1, 1, 1, 0, 1.282107, 0.014423
18, 353, 4, 2, 1, -1, 1, -1, 1.166169, 0.086730
18, 354, 4, 0, 1, 1, 1, 0, 0.798334, 0.061093
18, 355, 2, 4, 1, 1, -1, 1, 1.154685, 0.060673
18, 356, 6, 0, 1, 1, 1, 0, 0.934056, 0.154053
18, 357, 3, 0, 1, 1, 1, 0, 0.797158, 0.047715
18, 358, 6, 2, 1, -1, 1, -1, 1.170452, 0.392807
18, 359, 6, 6, 1, 1, -1, 1, 1.259090, 0.820449
18, 360, 1, 6, 1, 1, -1, 1, 2.675112, 0.061242
18, 361, 1, 3, 1, -1, 1, 1, 1.356926, 0.385849
18, 362, 3, 4, 1, -1, -1, 1, 1.294249, 0.826195
18, 363, 1, 5, 1, 1, 1, 1, 1.793098, 0.280681
18, 364, 5, 0, 1, 1, -1, 0, 1.312514, 0.293919
18, 365, 4, 0, 1, 1, -1, 0, 0.855189, 0.345636
18, 366, 4, 0, 1, 1, 1, 0, 0.882955, 0.001017
18, 367, 2, 2, 1, 1, 1, -1, 0.784187, 0.001052
18, 368, 2, 1, 1, -1, -1, 1, 1.746775, 0.214109
18, 369, 6, 5, 1, 1, -1, -1, 0.833288, 0.007672
18, 370, 3, 3, 1, -1, 1, 1, 1.817409, 0.628157
18, 371, 3, 2, 1, -1, -1, 1, 1.158073, 0.187037
18, 372, 1, 0, 1, 1, 1, 0, 1.130993, 0.193457
18, 373, 2, 2, 1, 1, 1, 1, 1.166102, 0.114663
18, 374, 3, 0, 1, 1, -1, 0, 1.442012, 0.140354
18, 375, 6, 0, 1, 1, -1, 0, 0.979832, 0.564156
18, 376, 6, 5, 0, 1, 1, 1, 0.871701, 0.047639
18, 377, 3, 0, 1, 1, -1, 0, 1.057827, 0.153644
18, 378, 2, 2, 1, 1, 1, -1, 1.059652, 0.113842
18, 379, 5, 2, 1, -1, -1, -1, 1.542163, 0.100884
18, 380, 6, 1, 1, 1, -1, 1, 0.926397, 0.014198
18, 381, 6, 0, 0, 1, 1, 0, 0.701785, 0.000995
18, 382, 5, 0, 1, 1, -1, 0, 0.696370, 0.052564
18, 383, 1, 1, 1, -1, 1, 1, 1.386295, 0.087310
18, 384, 3, 0, 1, 1, 1, 0, 1.012390, 0.001011
18, 385, 3, 5, 1, -1, -1, -1, 2.088708, 0.386425
18, 386, 1, 0, 1, 1, 1, 0, 1.217802, 0.278249
18, 387, 2, 6, 1, 1, -1, -1, 1.031069, 0.014346
18, 388, 3, 0, 1, 1, -1, 0, 0.891768, 0.001327
18, 389, 6, 0, 1, 1, 1, 0, 0.962112, 0.126251
18, 390, 1, 0, 1, 1, 1, 0, 0.852308, 0.087215
18, 391, 4, 0, 1, 1, -1, 0, 0.987668, 0.285522
18, 392, 3, 5, 1, 1, 1, -1, 1.559692, 0.001078
18, 393, 4, 0, 1, 1, -1, 0, 0.719237, 0.040726
18, 394, 1, 0, 1, 1, -1, 0, 1.272066, 0.033895
18, 395, 5, 4, 1, 1, 1, 1, 0.913578, 0.093457
18, 396, 1, 0, 1, 1, -1, 0, 1.084370, 0.060860
18, 397, 2, 0, 1, 1, 1, 0, 1.121176, 0.054210
18, 398, 6, 4, 1, -1, 1, 1, 1.629723, 0.312764
18, 399, 5, 0, 1, 1, -1, 0, 1.220278, 0.034117
18, 400, 6, 0, 1, 1, -1, 0, 1.956977, 0.147651
18, 401, 5, 2, 1, 1, -1, -1, 1.377369, 1.226111
18, 402, 2, 0, 1, 1, 1, 0, 1.126870, 0.372409
18, 403, 4, 0, 1, 1, 1, 0, 0.732732, 0.234323
18, 404, 2, 4, 1, 1, 1, 1, 0.901499, 0.046986
18, 405, 2, 3, 1, 1, 1, 1, 0.892915, 0.034173
18, 406, 6, 3, 1, 1, 1, -1, 0.919368, 0.073807
18, 407, 4, 0, 1, 1, 1, 0, 0.788635, 0.001008
18, 408, 6, 4, 0, -1, -1, -1, 0.874929, 0.967816
18, 409, 6, 2, 1, 1, -1, -1, 1.250558, 0.179267
18, 410, 5, 0, 1, 1, 1, 0, 0.832857, 0.034257
18, 411, 4, 0, 1, 1, -1, 0, 0.846799, 0.061226
18, 412, 3, 0, 1, 1, 1, 0, 0.824756, 0.087821
18, 413, 6, 0, 1, 1, 1, 0, 0.662645, 0.001012
18, 414, 2, 0, 1, 1, 1, 0, 1.392440, 1.097024
18, 415, 4, 5, 1, 1, -1, -1, 0.836146, 0.234185
18, 416, 3, 0, 1, 1, -1, 0, 0.865860, 0.001033
18, 417, 4, 0, 1, 1, 1, 0, 0.759106, 0.001056
18, 418, 1, 0, 1, 1, 1, 0, 0.880150, 0.027743
18, 419, 2, 5, 1, -1, -1, -1, 1.462309, 0.300442
18, 420, 4, 0, 1, 1, -1, 0, 0.790283, 0.179940
18, 421, 2, 0, 1, 1, -1, 0, 0.736827, 0.001022
18, 422, 3, 2, 1, 1, -1, -1, 1.025891, 0.001014
18, 423, 1, 3, 1, 1, -1, -1, 1.006165, 0.001055
18, 424, 2, 0, 1, 1, 1, 0, 0.880000, 0.001010
18, 425, 3, 0, 1, 1, 1, 0, 1.032030, 0.001075
18, 426, 6, 0, 1, 1, 1, 0, 1.044012, 0.001005
18, 427, 2, 0, 1, 1, 1, 0, 0.994390, 0.001017
18, 428, 5, 0, 1, 1, 1, 0, 0.738795, 0.001038
18, 429, 2, 0, 1, 1, -1, 0, 1.008517, 0.001010
18, 430, 5, 4, 0, 1, -1, 1, 0.788693, 0.001393
18, 431, 5, 0, 0, 1, -1, 0, 0.710899, 0.001027
18, 432, 1, 0, 1, 1, 1, 0, 0.857939, 0.001039
18, 433, 4, 0, 1, 1, 1, 0, 0.717487, 0.001058
18, 434, 6, 0, 1, 1, 1, 0, 0.750176, 0.001012
18, 435, 4, 0, 1, 1, -1, 0, 0.934031, 0.215013
18, 436, 4, 0, 1, 1, -1, 0, 0.610653, 0.180605
18, 437, 5, 0, 1, 1, 1, 0, 0.757189, 0.001324
18, 438, 4, 0, 1, 1, -1, 0, 0.731465, 0.100515
18, 439, 1, 0, 1, 1, 1, 0, 0.831855, 0.001055
18, 440, 2, 4, 1, -1, 1, -1, 2.008707, 0.001039
18, 441, 5, 0, 1, 1, 1, 0, 0.832631, 0.001050
18, 442, 6, 2, 1, 1, -1, 1, 1.069058, 0.001340
18, 443, 3, 0, 1, 1, -1, 0, 0.862190, 0.001037
18, 444, 3, 0, 1, 1, 1, 0, 1.586166, 0.001049
18, 445, 6, 0, 1, 1, 1, 0, 0.739288, 0.001056
18, 446, 6, 0, 1, 1, 1, 0, 0.699975, 0.007705
18, 447, 2, 1, 1, -1, 1, -1, 3.210999, 0.001059
18, 448, 1, 0, 1, 1, 1, 0, 0.773999, 0.001021
18, 449, 6, 0, 1, 1, 1, 0, 0.970941, 0.614059
18, 450, 5, 3, 1, 1, 1, 1, 1.133006, 0.001027
18, 451, 3, 0, 1, 1, -1, 0, 1.147749, 0.001015
18, 452, 2, 0, 1, 1, -1, 0, 0.918866, 0.001055
18, 453, 1, 0, 1, 1, -1, 0, 0.679828, 0.147416
18, 454, 2, 5, 1, -1, 1, 1, 1.676968, 0.001033
18, 455, 6, 5, 1, 1, -1, 1, 0.916848, 0.001055
18, 456, 3, 0, 1, 1, 1, 0, 1.092468, 0.001046
18, 457, 2, 0, 1, 1, 1, 0, 0.735620, 0.001009
18, 458, 1, 5, 1, 1, -1, 1, 0.761952, 0.020894
18, 459, 1, 2, 1, -1, -1, 1, 1.501650, 0.174589
18, 460, 4, 0, 1, 1, 1, 0, 0.873985, 0.294768
18, 461, 6, 3, 1, -1, -1, -1, 1.285608, 0.265216
18, 462, 5, 0, 1, 1, -1, 0, 1.006107, 0.001050
18, 463, 2, 0, 1, 1, 1, 0, 1.044478, 0.001022
18, 464, 3, 0, 1, 1, -1, 0, 0.898581, 0.001019
18, 465, 4, 0, 1, 1, 1, 0, 0.837697, 0.001054
18, 466, 3, 0, 1, 1, 1, 0, 0.888495, 0.001023
18, 467, 5, 0, 1, 1, 1, 0, 0.642979, 0.001042
18, 468, 4, 0, 1, 1, -1, 0, 0.825490, 0.001052
18, 469, 1, 3, 1, 1, -1, -1, 0.886890, 0.001051
18, 470, 1, 6, 1, 1, 1, -1, 1.214486, 0.001208
18, 471, 2, 6, 1, -1, 1, 1, 1.567931, 0.001014
18, 472, 6, 2, 1, -1, -1, 1, 1.616942, 0.311918
18, 473, 6, 0, 1, 1, -1, 0, 0.845451, 0.001040
18, 474, 1, 0, 1, 1, 1, 0, 0.775197, 0.349884
18, 475, 2, 0, 1, 1, 1, 0, 0.800751, 0.141308
18, 476, 4, 6, 1, 1, -1, -1, 1.190392, 0.014368
18, 477, 3, 4, 1, 1, 1, 1, 1.000774, 0.047439
18, 478, 1, 6, 1, -1, 1, -1, 1.440654, 0.001081
18, 479, 3, 0, 1, 1, -1, 0, 0.954906, 0.001119
18, 480, 4, 3, 1, 1, 1, -1, 0.880268, 0.001019
18, 481, 4, 1, 1, -1, -1, -1, 1.012394, 0.246269
18, 482, 4, 1, 1, -1, -1, -1, 1.196860, 0.180769
18, 483, 6, 0, 0, -1, -1, 0, 0.765134, 1.286463
18, 484, 2, 0, 1, 1, 1, 0, 1.079827, 0.001055
18, 485, 5, 6, 1, -1, 1, -1, 1.213565, 0.654474
18, 486, 5, 3, 1, 1, -1, -1, 0.937263, 0.007713
18, 487, 4, 0, 1, 1, -1, 0, 0.868081, 0.034109
18, 488, 1, 4, 1, 1, 1, 1, 1.093571, 0.001316
18, 489, 6, 4, 1, -1, -1, 1, 1.554616, 0.300677
18, 490, 1, 6, 1, 1, 1, 1, 0.849560, 0.040327
18, 491, 6, 0, 1, 1, 1, 0, 0.825270, 0.001031
18, 492, 2, 2, 1, -1, -1, -1, 1.166457, 0.311419
18, 493, 3, 0, 1, 1, -1, 0, 0.886236, 0.001037
18, 494, 6, 6, 1, 1, 1, 1, 1.004501, 0.001039
18, 495, 1, 0, 0, 1, 1, 0, 0.826995, 0.001071
18, 496, 3, 0, 1, 1, 1, 0, 0.822016, 0.001011
18, 497, 3, 4, 1, -1, 1, 1, 1.123604, 0.536845
18, 498, 4, 1, 1, 1, 1, -1, 0.802279, 0.014299
18, 499, 1, 2, 1, 1, -1, -1, 1.320242, 0.066712
18, 500, 2, 0, 1, 1, 1, 0, 0.968256, 0.067020
18, 501, 6, 6, 1, -1, -1, -1, 1.208015, 0.007682
18, 502, 3, 0, 1, 1, -1, 0, 0.836163, 0.000999
18, 503, 4, 1, 1, 1, -1, 1, 1.283956, 0.001058
18, 504, 3, 2, 1, 1, 1, -1, 1.141817, 0.001008
18, 505, 3, 0, 1, 1, 1, 0, 0.757142, 0.000979
18, 506, 1, 4, 0, 1, 1, -1, 0.856190, 0.001000
18, 507, 3, 0, 1, 1, 1, 0, 1.080977, 0.001011
18, 508, 5, 0, 1, 1, -1, 0, 0.897261, 0.001076
18, 509, 2, 4, 1, -1, -1, -1, 1.432966, 1.111254
18, 510, 1, 0, 1, 1, 1, 0, 1.536553, 0.000984
18, 511, 2, 1, 1, -1, 1, 1, 1.985294, 0.001037
18, 512, 1, 0, 1, 1, 1, 0, 0.698833, 0.001021
18, 513, 5, 0, 1, 1, -1, 0, 1.046958, 0.000994
18, 514, 5, 0, 1, 1, -1, 0, 0.737511, 0.001059
18, 515, 1, 4, 1, -1, -1, 1, 1.239520, 0.001055
18, 516, 6, 0, 1, 1, -1, 0, 0.680069, 0.001069
18, 517, 6, 0, 1, 1, -1, 0, 0.800190, 0.001079
18, 518, 2, 3, 1, 1, 1, -1, 1.080543, 0.001054
18, 519, 1, 0, 1, 1, -1, 0, 0.845430, 0.001014
18, 520, 3, 0, 1, 1, -1, 0, 0.735742, 0.001017
18, 521, 3, 0, 1, 1, 1, 0, 1.139066, 0.001024
18, 522, 6, 0, 1, 1, -1, 0, 0.821704, 0.001263
18, 523, 5, 0, 1, 1, 1, 0, 0.751115, 0.001055
18, 524, 4, 0, 1, 1, -1, 0, 1.684272, 0.040661
18, 525, 6, 6, 1, 1, -1, -1, 0.779204, 0.001053
18, 526, 4, 0, 1, 1, -1, 0, 0.855883, 0.001048
18, 527, 4, 6, 0, 1, -1, -1, 0.957870, 0.001007
18, 528, 3, 5, 1, -1, -1, 1, 1.894762, 0.000995
18, 529, 2, 4, 1, -1, -1, -1, 1.166785, 0.061019
18, 530, 4, 0, 1, 1, 1, 0, 0.968300, 0.001016
18, 531, 6, 0, 1, 1, 1, 0, 0.776017, 0.001031
18, 532, 1, 3, 1, 1, 1, -1, 1.125949, 0.126265
18, 533, 1, 0, 1, 1, -1, 0, 0.919472, 0.001068
18, 534, 6, 0, 1, 1, 1, 0, 1.135669, 0.001064
18, 535, 5, 0, 1, 1, 1, 0, 0.630808, 0.001009
18, 536, 6, 2, 1, 1, 1, -1, 0.976647, 0.001024
18, 537, 3, 6, 1, 1, 1, -1, 0.954126, 0.001013
18, 538, 3, 3, 1, -1, 1, -1, 1.412714, 0.140484
18, 539, 5, 0, 1, 1, -1, 0, 0.798358, 0.014340
18, 540, 5, 5, 1, -1, -1, 1, 2.532205, 2.273590
18, 541, 6, 3, 1, 1, 1, 1, 0.988230, 0.001063
18, 542, 6, 0, 1, 1, -1, 0, 1.106827, 0.001042
18, 543, 3, 0, 1, 1, 1, 0, 0.894525, 0.001011
18, 544, 5, 2, 1, -1, 1, -1, 0.760081, 0.001024
18, 545, 4, 0, 1, 1, -1, 0, 1.184609, 0.001010
18, 546, 3, 0, 1, 1, -1, 0, 1.026237, 0.001010
18, 547, 3, 0, 1, 1, 1, 0, 0.864710, 0.001063
18, 548, 5, 5, 1, -1, 1, -1, 2.286202, 0.227178
18, 549, 5, 2, 1, 1, 1, -1, 1.825474, 0.001055
18, 550, 2, 0, 1, 1, -1, 0, 3.853642, 0.074372
18, 551, 3, 4, 1, -1, -1, -1, 1.359159, 0.100759
18, 552, 6, 0, 1, 1, 1, 0, 1.277902, 0.020951
18, 553, 1, 3, 1, 1, -1, 1, 1.192446, 0.047173
18, 554, 6, 5, 0, 1, 1, -1, 0.879794, 0.001045
18, 555, 1, 5, 1, -1, -1, -1, 0.922747, 0.566117
18, 556, 1, 0, 1, 1, -1, 0, 0.769177, 0.113036
18, 557, 1, 2, 1, 1, 1, -1, 0.959986, 0.001045
18, 558, 5, 6, 1, -1, 1, -1, 2.679267, 0.106261
18, 559, 5, 1, 1, 1, -1, -1, 0.905358, 0.007700
18, 560, 3, 1, 1, -1, 1, -1, 1.978137, 0.001054
18, 561, 2, 6, 1, 1, 1, -1, 1.245870, 0.033709
18, 562, 5, 2, 1, 1, 1, 1, 0.867121, 0.001011
18, 563, 6, 0, 1, 1, 1, 0, 3.709845, 0.001052
18, 564, 1, 2, 1, -1, 1, 1, 7.194521, 0.001023
18, 565, 5, 1, 1, -1, 1, 1, 3.103631, 1.320259
18, 566, 4, 4, 1, -1, -1, 1, 1.824075, 0.001038
18, 567, 2, 2, 1, -1, -1, 1, 1.455235, 0.047576
18, 568, 2, 6, 1, -1, -1, 1, 1.398272, 0.014341
18, 569, 1, 2, 1, -1, -1, 1, 1.059950, 0.007193
18, 570, 5, 6, 1, 1, -1, 1, 2.496778, 0.437378
18, 571, 3, 0, 1, 1, 1, 0, 1.080837, 0.000988
18, 572, 2, 5, 1, 1, 1, -1, 0.781686, 0.001020
18, 573, 4, 3, 1, 1, 1, -1, 0.752920, 0.001038
18, 574, 4, 5, 1, 1, 1, 1, 0.802914, 0.001035
18, 575, 1, 0, 1, 1, -1, 0, 0.768298, 0.001024
18, 576, 3, 4, 1, 1, 1, -1, 0.745153, 0.001067
