observer, trial, targLoc, distLoc, targDiscrim, thoughtNoAttCap, tc, dc, RT, TrialTypeRT
13, 1, 4, 0, 1, 1, 1, 0, 3.696631, 4.653495
13, 2, 6, 5, 1, -1, -1, -1, 3.023115, 1.705468
13, 3, 3, 1, 1, -1, -1, -1, 2.353105, 1.851779
13, 4, 1, 0, 1, 1, -1, 0, 2.193819, 1.603455
13, 5, 6, 5, 1, -1, -1, -1, 2.224220, 1.317004
13, 6, 3, 3, 1, -1, 1, -1, 5.030941, 1.397544
13, 7, 3, 0, 1, 1, 1, 0, 4.181078, 1.780600
13, 8, 2, 1, 1, -1, 1, 1, 2.802401, 5.744043
13, 9, 3, 0, 1, 1, 1, 0, 2.314364, 1.445341
13, 10, 5, 0, 1, 1, -1, 0, 1.954539, 1.529935
13, 11, 2, 1, 1, -1, 1, -1, 2.394187, 1.641836
13, 12, 1, 5, 1, 1, -1, -1, 4.085294, 1.750030
13, 13, 3, 3, 1, -1, -1, -1, 2.648703, 1.509598
13, 14, 6, 0, 1, 1, -1, 0, 1.865684, 1.144690
13, 15, 1, 0, 1, 1, -1, 0, 1.501541, 1.075158
13, 16, 5, 0, 1, 1, 1, 0, 1.953016, 1.237064
13, 17, 5, 6, 1, -1, -1, 1, 2.152723, 1.341778
13, 18, 4, 3, 1, -1, 1, 1, 4.043407, 2.052362
13, 19, 1, 5, 1, 1, 1, -1, 2.293956, 1.058489
13, 20, 3, 0, 1, 1, -1, 0, 2.045693, 1.470080
13, 21, 2, 3, 1, -1, 1, 1, 2.602572, 1.088702
13, 22, 3, 0, 1, 1, 1, 0, 1.858581, 1.738638
13, 23, 4, 2, 1, 1, -1, 1, 1.756321, 1.430847
13, 24, 1, 5, 1, -1, 1, 1, 2.270242, 1.341406
13, 25, 6, 0, 1, 1, -1, 0, 1.752182, 1.500113
13, 26, 1, 2, 1, -1, -1, -1, 3.143564, 2.516376
13, 27, 6, 6, 1, -1, -1, 1, 2.203619, 1.275377
13, 28, 5, 0, 1, 1, -1, 0, 1.410524, 1.487104
13, 29, 6, 0, 1, 1, -1, 0, 1.378773, 1.115805
13, 30, 3, 0, 1, 1, -1, 0, 1.907587, 1.133180
13, 31, 2, 0, 1, 1, -1, 0, 1.960420, 1.230041
13, 32, 1, 2, 1, -1, 1, -1, 2.747936, 1.468034
13, 33, 1, 0, 1, 1, 1, 0, 1.981036, 1.052570
13, 34, 1, 6, 1, -1, -1, -1, 2.603361, 1.202728
13, 35, 4, 1, 1, -1, -1, -1, 2.002609, 1.215596
13, 36, 2, 0, 1, 1, 1, 0, 1.601000, 1.087052
13, 37, 5, 0, 1, 1, 1, 0, 2.086518, 0.983967
13, 38, 1, 0, 1, 1, -1, 0, 1.624043, 1.177912
13, 39, 1, 4, 1, -1, -1, -1, 2.626540, 0.856565
13, 40, 4, 2, 1, -1, -1, -1, 3.238575, 0.658438
13, 41, 3, 0, 1, 1, 1, 0, 2.033770, 1.016379
13, 42, 4, 0, 1, 1, -1, 0, 1.374828, 0.001046
13, 43, 5, 0, 1, 1, 1, 0, 1.741871, 0.979762
13, 44, 6, 0, 1, 1, 1, 0, 1.491178, 1.057588
13, 45, 1, 2, 1, 1, -1, 1, 2.100322, 0.878497
13, 46, 6, 3, 1, -1, -1, 1, 1.805995, 0.678005
13, 47, 5, 4, 1, -1, 1, -1, 1.890222, 1.027170
13, 48, 6, 0, 1, 1, 1, 0, 1.704452, 1.211548
13, 49, 1, 1, 1, -1, 1, 1, 2.363121, 1.431221
13, 50, 3, 2, 1, -1, 1, 1, 2.593254, 1.100030
13, 51, 5, 2, 1, -1, -1, 1, 2.547457, 1.282827
13, 52, 4, 0, 1, 1, -1, 0, 1.857947, 0.773009
13, 53, 3, 0, 1, 1, -1, 0, 1.737276, 2.374464
13, 54, 6, 5, 1, -1, 1, -1, 1.888654, 1.209948
13, 55, 2, 4, 1, 1, -1, 1, 1.619934, 1.064493
13, 56, 3, 0, 1, 1, 1, 0, 1.509879, 0.711334
13, 57, 5, 0, 1, 1, 1, 0, 1.314169, 0.618794
13, 58, 5, 3, 1, -1, 1, 1, 2.019735, 0.519573
13, 59, 6, 0, 1, 1, -1, 0, 1.767129, 2.238322
13, 60, 5, 0, 1, 1, 1, 0, 1.302152, 0.833306
13, 61, 2, 6, 1, -1, 1, -1, 2.129923, 0.001036
13, 62, 5, 5, 1, -1, 1, -1, 1.843733, 1.109396
13, 63, 5, 0, 1, 1, -1, 0, 1.537931, 0.843450
13, 64, 2, 0, 1, 1, -1, 0, 1.509624, 1.496792
13, 65, 4, 4, 1, -1, 1, 1, 2.876980, 0.001052
13, 66, 6, 6, 1, -1, 1, 1, 1.878497, 0.473524
13, 67, 2, 3, 1, -1, -1, 1, 3.330119, 1.243433
13, 68, 2, 2, 1, -1, 1, -1, 2.007668, 0.779851
13, 69, 6, 0, 1, 1, 1, 0, 2.330174, 0.608973
13, 70, 4, 0, 1, 1, 1, 0, 1.256701, 0.646453
13, 71, 2, 0, 1, 1, -1, 0, 1.580771, 0.685728
13, 72, 2, 0, 1, 1, 1, 0, 1.308367, 0.452979
13, 73, 4, 0, 1, 1, -1, 0, 1.273321, 0.657606
13, 74, 4, 0, 1, 1, -1, 0, 1.315760, 0.505235
13, 75, 1, 4, 1, -1, -1, 1, 1.622795, 0.848251
13, 76, 5, 0, 1, 1, 1, 0, 1.581202, 0.917614
13, 77, 4, 5, 1, -1, 1, 1, 1.819459, 0.379419
13, 78, 1, 5, 1, -1, -1, 1, 2.453998, 0.657293
13, 79, 3, 0, 1, 1, 1, 0, 1.436112, 0.771644
13, 80, 2, 0, 1, 1, 1, 0, 1.683343, 0.557313
13, 81, 3, 4, 1, -1, -1, 1, 1.918664, 0.852445
13, 82, 6, 0, 1, 1, 1, 0, 1.512577, 0.592887
13, 83, 3, 1, 1, -1, 1, -1, 2.158583, 1.574760
13, 84, 1, 0, 1, 1, 1, 0, 1.416136, 0.473498
13, 85, 1, 0, 1, 1, -1, 0, 1.701501, 1.870191
13, 86, 5, 0, 1, 1, 1, 0, 3.194407, 1.280703
13, 87, 3, 5, 1, -1, 1, -1, 2.008204, 0.691912
13, 88, 6, 0, 1, 1, 1, 0, 1.568540, 0.731081
13, 89, 2, 0, 1, 1, -1, 0, 1.320435, 1.295862
13, 90, 6, 1, 1, -1, 1, -1, 1.907829, 0.599208
13, 91, 6, 0, 1, 1, 1, 0, 1.232777, 0.001032
13, 92, 6, 0, 1, 1, -1, 0, 1.606650, 0.903173
13, 93, 5, 6, 1, -1, 1, 1, 3.710047, 0.001028
13, 94, 1, 1, 1, -1, -1, 1, 2.018792, 1.003448
13, 95, 2, 4, 1, -1, -1, 1, 2.122199, 0.920665
13, 96, 3, 4, 1, 1, -1, -1, 2.336918, 0.693072
13, 97, 5, 2, 1, -1, 1, 1, 2.339676, 1.375421
13, 98, 3, 6, 1, -1, -1, 1, 2.178699, 1.419808
13, 99, 3, 0, 1, 1, -1, 0, 1.420652, 0.991618
13, 100, 1, 6, 1, 1, 1, 1, 2.669200, 1.082486
13, 101, 6, 0, 1, 1, 1, 0, 1.353023, 0.764095
13, 102, 1, 0, 1, 1, 1, 0, 1.306557, 0.677890
13, 103, 4, 3, 1, 1, 1, -1, 1.576032, 1.031613
13, 104, 2, 0, 1, 1, -1, 0, 1.416640, 0.465677
13, 105, 1, 0, 1, 1, -1, 0, 1.497144, 0.950794
13, 106, 5, 2, 1, -1, 1, -1, 2.106977, 0.730067
13, 107, 2, 1, 1, -1, 1, -1, 1.832372, 0.682402
13, 108, 5, 3, 1, -1, -1, 1, 2.296098, 1.334751
13, 109, 2, 0, 1, 1, -1, 0, 1.653601, 0.884530
13, 110, 1, 4, 1, -1, 1, -1, 1.835899, 0.757766
13, 111, 4, 0, 1, 1, -1, 0, 1.446729, 1.187122
13, 112, 3, 4, 1, 1, 1, -1, 1.841308, 1.770663
13, 113, 2, 4, 1, -1, -1, -1, 1.983202, 0.752581
13, 114, 1, 3, 1, -1, 1, -1, 1.736311, 0.593200
13, 115, 3, 5, 1, -1, -1, -1, 2.901160, 1.641131
13, 116, 4, 2, 1, 1, 1, 1, 2.446532, 1.263949
13, 117, 2, 3, 1, -1, 1, -1, 1.878819, 0.671407
13, 118, 5, 5, 1, -1, -1, 1, 2.416847, 0.731159
13, 119, 6, 0, 1, 1, 1, 0, 1.884955, 0.711246
13, 120, 2, 6, 1, -1, -1, 1, 1.667250, 0.831219
13, 121, 3, 0, 1, 1, -1, 0, 1.567889, 1.164607
13, 122, 3, 0, 1, 1, -1, 0, 1.152060, 0.930973
13, 123, 1, 0, 1, 1, 1, 0, 2.148460, 0.001042
13, 124, 2, 0, 1, 1, -1, 0, 1.948280, 2.028252
13, 125, 3, 4, 1, -1, 1, -1, 1.776639, 0.505658
13, 126, 4, 0, 1, 1, 1, 0, 1.505147, 0.703817
13, 127, 4, 0, 1, 1, -1, 0, 1.910828, 0.955617
13, 128, 4, 6, 1, 1, 1, -1, 1.646321, 1.145537
13, 129, 5, 0, 1, 1, 1, 0, 1.606115, 1.142570
13, 130, 1, 0, 1, 1, 1, 0, 1.046487, 1.669554
13, 131, 4, 0, 1, 1, 1, 0, 1.074166, 0.711500
13, 132, 3, 3, 1, 1, 1, 1, 1.098377, 1.281805
13, 133, 1, 0, 1, 1, -1, 0, 1.037857, 0.737222
13, 134, 6, 3, 1, -1, -1, -1, 1.672145, 1.535471
13, 135, 3, 0, 1, 1, 1, 0, 2.152125, 0.636862
13, 136, 6, 3, 1, -1, 1, -1, 2.006253, 1.283304
13, 137, 1, 6, 1, -1, -1, 1, 2.087829, 0.801856
13, 138, 2, 6, 1, -1, 1, -1, 1.812258, 1.070501
13, 139, 4, 5, 1, -1, -1, -1, 1.600007, 0.518960
13, 140, 3, 0, 1, 1, -1, 0, 1.149147, 1.041967
13, 141, 2, 4, 1, 1, 1, 1, 2.248130, 0.684474
13, 142, 2, 4, 1, 1, -1, -1, 1.615866, 0.566198
13, 143, 6, 0, 1, 1, 1, 0, 1.788221, 0.531736
13, 144, 6, 5, 1, -1, 1, -1, 1.826129, 1.579541
13, 145, 1, 6, 1, -1, 1, -1, 1.621174, 0.818171
13, 146, 5, 0, 1, 1, 1, 0, 0.970856, 0.796443
13, 147, 4, 0, 1, 1, 1, 0, 0.803269, 0.496877
13, 148, 3, 4, 1, -1, -1, 1, 1.530977, 0.895181
13, 149, 4, 0, 1, -1, -1, 0, 1.319930, 1.597331
13, 150, 4, 6, 1, -1, -1, 1, 1.712883, 0.538976
13, 151, 1, 0, 1, 1, 1, 0, 1.537653, 0.882948
13, 152, 1, 0, 1, 1, -1, 0, 0.958202, 0.572464
13, 153, 2, 3, 1, -1, -1, -1, 1.395075, 0.937092
13, 154, 5, 0, 1, 1, -1, 0, 1.276424, 0.440049
13, 155, 3, 0, 1, 1, -1, 0, 1.056034, 0.961767
13, 156, 3, 2, 1, -1, -1, 1, 1.289550, 0.664224
13, 157, 1, 3, 1, -1, -1, -1, 2.011713, 0.525561
13, 158, 6, 6, 1, -1, -1, -1, 1.540768, 0.735439
13, 159, 1, 0, 1, 1, -1, 0, 1.135926, 1.058692
13, 160, 1, 0, 1, 1, 1, 0, 1.316934, 0.765320
13, 161, 5, 5, 1, -1, 1, 1, 1.948035, 1.203018
13, 162, 6, 0, 1, 1, -1, 0, 1.461834, 1.978460
13, 163, 5, 0, 1, 1, -1, 0, 2.864282, 0.777652
13, 164, 4, 6, 1, -1, 1, -1, 2.901821, 1.090729
13, 165, 6, 0, 1, 1, 1, 0, 1.224222, 0.460181
13, 166, 6, 4, 1, -1, -1, -1, 1.919507, 0.392368
13, 167, 2, 0, 1, 1, -1, 0, 1.096717, 0.730876
13, 168, 2, 0, 1, 1, 1, 0, 1.725852, 0.725590
13, 169, 1, 0, 1, 1, 1, 0, 1.805518, 0.504296
13, 170, 4, 2, 1, -1, 1, 1, 1.244454, 1.034708
13, 171, 5, 1, 1, 1, 1, 1, 2.282078, 0.426734
13, 172, 4, 0, 1, 1, 1, 0, 1.069179, 0.512992
13, 173, 5, 0, 1, 1, -1, 0, 2.064591, 0.478195
13, 174, 1, 0, 1, 1, -1, 0, 1.118339, 0.607305
13, 175, 4, 4, 1, -1, 1, 1, 1.785196, 0.506212
13, 176, 4, 3, 1, -1, -1, 1, 1.489243, 0.417538
13, 177, 5, 0, 1, 1, -1, 0, 1.197280, 0.819337
13, 178, 6, 4, 1, -1, 1, -1, 1.321143, 1.283275
13, 179, 2, 0, 1, 1, 1, 0, 1.057310, 0.554641
13, 180, 1, 4, 1, -1, 1, 1, 1.473526, 0.308084
13, 181, 4, 2, 1, -1, -1, -1, 2.394206, 0.510458
13, 182, 3, 0, 1, 1, -1, 0, 1.315714, 0.677524
13, 183, 3, 0, 1, 1, 1, 0, 1.801074, 0.505963
13, 184, 2, 0, 1, 1, -1, 0, 1.085083, 0.451341
13, 185, 1, 0, 1, 1, 1, 0, 1.550818, 0.365836
13, 186, 2, 0, 1, 1, 1, 0, 0.924458, 0.291235
13, 187, 4, 0, 1, 1, 1, 0, 1.654883, 0.750231
13, 188, 6, 0, 1, 1, -1, 0, 1.342159, 0.405554
13, 189, 3, 1, 1, -1, -1, 1, 2.222728, 0.611834
13, 190, 4, 5, 1, -1, 1, -1, 1.743429, 0.347546
13, 191, 4, 1, 1, -1, -1, 1, 1.554849, 0.859602
13, 192, 1, 6, 1, -1, -1, -1, 4.351237, 1.582350
13, 193, 1, 6, 1, -1, 1, -1, 1.517600, 0.772010
13, 194, 3, 6, 1, -1, -1, -1, 3.734967, 0.519810
13, 195, 1, 2, 1, -1, 1, -1, 1.507951, 0.432122
13, 196, 2, 5, 1, -1, 1, -1, 1.503125, 0.739737
13, 197, 4, 2, 1, 1, 1, -1, 1.993714, 0.559987
13, 198, 5, 1, 1, 1, 1, -1, 1.854050, 0.712162
13, 199, 1, 0, 1, 1, -1, 0, 1.158737, 0.480979
13, 200, 1, 5, 1, -1, -1, -1, 1.448413, 0.963190
13, 201, 3, 0, 1, 1, -1, 0, 1.456174, 1.329285
13, 202, 1, 6, 1, -1, 1, 1, 2.041043, 0.001026
13, 203, 3, 5, 1, -1, 1, -1, 1.559893, 1.017537
13, 204, 4, 0, 1, 1, 1, 0, 1.274407, 1.141746
13, 205, 1, 0, 1, 1, 1, 0, 1.645055, 0.450709
13, 206, 2, 0, 1, 1, -1, 0, 1.141405, 0.492500
13, 207, 5, 0, 1, 1, 1, 0, 1.715181, 0.001057
13, 208, 2, 0, 1, 1, 1, 0, 0.811079, 0.527204
13, 209, 1, 4, 1, -1, 1, -1, 1.309293, 0.001021
13, 210, 5, 1, 1, 1, -1, -1, 1.683356, 0.459250
13, 211, 4, 0, 1, 1, -1, 0, 0.945445, 0.001076
13, 212, 4, 5, 1, -1, -1, 1, 1.907089, 0.001050
13, 213, 2, 5, 1, -1, 1, 1, 2.197821, 0.465595
13, 214, 2, 5, 1, -1, -1, -1, 1.665933, 0.678928
13, 215, 2, 2, 1, -1, -1, -1, 1.782745, 0.585064
13, 216, 3, 5, 1, -1, 1, 1, 2.218736, 0.708453
13, 217, 4, 0, 1, 1, 1, 0, 1.230762, 0.898440
13, 218, 1, 0, 1, 1, 1, 0, 1.084399, 0.360587
13, 219, 4, 0, 1, 1, -1, 0, 1.099606, 0.367020
13, 220, 3, 3, 1, 1, 1, -1, 1.682637, 0.466915
13, 221, 4, 0, 1, 1, 1, 0, 0.950745, 0.553977
13, 222, 2, 0, 1, 1, -1, 0, 0.910539, 0.603818
13, 223, 3, 6, 1, -1, -1, 1, 1.782533, 0.294120
13, 224, 5, 2, 1, -1, -1, -1, 2.375479, 0.666717
13, 225, 2, 5, 1, -1, 1, 1, 1.860322, 0.756436
13, 226, 1, 1, 1, -1, -1, -1, 1.417518, 0.638801
13, 227, 4, 4, 1, -1, -1, 1, 1.999988, 0.422378
13, 228, 5, 0, 1, 1, 1, 0, 1.397691, 0.845239
13, 229, 2, 0, 1, 1, 1, 0, 0.937892, 0.399839
13, 230, 5, 6, 1, 1, -1, 1, 1.914146, 0.608440
13, 231, 5, 0, 1, 1, 1, 0, 1.946329, 1.628197
13, 232, 6, 2, 1, -1, -1, 1, 1.354020, 0.610758
13, 233, 4, 4, 1, -1, -1, -1, 2.063351, 1.189709
13, 234, 2, 2, 1, -1, -1, -1, 1.574300, 0.776483
13, 235, 2, 2, 1, -1, 1, 1, 1.993540, 0.285059
13, 236, 2, 1, 1, -1, 1, 1, 1.946402, 0.559472
13, 237, 5, 6, 1, -1, 1, -1, 3.509943, 1.767490
13, 238, 1, 0, 1, -1, -1, 0, 1.123725, 0.512311
13, 239, 4, 0, 1, 1, -1, 0, 1.035011, 0.445795
13, 240, 2, 0, 1, 1, 1, 0, 1.970357, 1.170999
13, 241, 6, 1, 1, -1, -1, 1, 1.639283, 0.958428
13, 242, 2, 0, 1, 1, 1, 0, 1.330737, 0.507583
13, 243, 5, 4, 1, -1, -1, -1, 1.352162, 0.413003
13, 244, 5, 0, 1, 1, -1, 0, 1.081446, 0.794011
13, 245, 5, 4, 1, -1, 1, -1, 1.483809, 0.958579
13, 246, 4, 0, 1, -1, -1, 0, 1.343133, 1.196209
13, 247, 4, 5, 1, -1, 1, 1, 1.836472, 0.737416
13, 248, 5, 0, 1, 1, -1, 0, 1.074138, 1.042813
13, 249, 5, 0, 1, 1, 1, 0, 1.295156, 0.490730
13, 250, 1, 0, 1, 1, -1, 0, 1.113854, 1.012631
13, 251, 2, 4, 1, -1, 1, 1, 1.705113, 0.320892
13, 252, 4, 0, 1, 1, 1, 0, 1.338601, 0.559488
13, 253, 2, 0, 1, 1, 1, 0, 0.990179, 0.542943
13, 254, 1, 0, 1, 1, 1, 0, 2.837421, 2.380537
13, 255, 5, 5, 1, -1, 1, 1, 1.513780, 2.123283
13, 256, 3, 3, 1, -1, -1, -1, 1.670449, 0.831870
13, 257, 6, 0, 1, 1, 1, 0, 1.156836, 0.860178
13, 258, 6, 0, 1, 1, -1, 0, 2.049443, 1.876227
13, 259, 4, 0, 1, 1, -1, 0, 0.936670, 0.843094
13, 260, 3, 0, 1, 1, 1, 0, 3.720838, 0.423376
13, 261, 4, 3, 1, 1, -1, -1, 1.514678, 0.812751
13, 262, 5, 0, 1, 1, 1, 0, 1.327792, 1.090886
13, 263, 6, 2, 1, -1, 1, 1, 1.464494, 0.419933
13, 264, 1, 0, 1, 1, 1, 0, 1.658183, 0.388860
13, 265, 2, 0, 1, 1, -1, 0, 1.103167, 1.490489
13, 266, 6, 0, 1, 1, -1, 0, 0.917133, 0.843629
13, 267, 2, 0, 1, 1, -1, 0, 0.971181, 0.001045
13, 268, 4, 0, 1, 1, 1, 0, 1.435923, 0.545785
13, 269, 6, 0, 1, 1, 1, 0, 2.580185, 1.204706
13, 270, 3, 6, 1, 1, 1, 1, 1.148988, 1.707704
13, 271, 1, 4, 1, -1, -1, 1, 1.372913, 0.001041
13, 272, 1, 0, 1, 1, 1, 0, 0.969102, 0.578386
13, 273, 4, 3, 1, 1, 1, 1, 2.292055, 0.478859
13, 274, 4, 4, 1, 1, 1, -1, 2.316979, 0.882455
13, 275, 2, 0, 1, 1, 1, 0, 0.961566, 0.465706
13, 276, 3, 6, 1, 1, -1, -1, 1.397999, 0.640267
13, 277, 2, 6, 1, 1, -1, -1, 1.558030, 0.720751
13, 278, 6, 0, 0, 1, 1, 0, 1.955712, 3.832445
13, 279, 6, 0, 1, 1, -1, 0, 1.339628, 0.525110
13, 280, 2, 0, 1, 1, -1, 0, 0.971761, 0.599230
13, 281, 4, 6, 1, -1, 1, 1, 2.161827, 0.001062
13, 282, 5, 2, 1, -1, -1, 1, 1.477707, 0.731017
13, 283, 4, 0, 1, 1, 1, 0, 1.174324, 1.168640
13, 284, 3, 4, 1, -1, 1, 1, 2.018195, 1.149841
13, 285, 6, 6, 1, -1, 1, 1, 1.463709, 0.320172
13, 286, 5, 5, 1, -1, 1, -1, 1.566672, 0.431424
13, 287, 4, 0, 1, 1, -1, 0, 1.154929, 1.898269
13, 288, 1, 3, 1, -1, -1, 1, 1.321882, 0.313294
13, 289, 3, 5, 1, -1, 1, 1, 2.001987, 0.486740
13, 290, 1, 0, 1, 1, -1, 0, 1.002822, 2.208144
13, 291, 1, 0, 1, 1, -1, 0, 1.136064, 1.084466
13, 292, 5, 0, 1, 1, -1, 0, 1.919203, 0.839950
13, 293, 3, 2, 1, -1, -1, -1, 1.468759, 0.851594
13, 294, 3, 0, 1, 1, 1, 0, 1.035158, 0.969900
13, 295, 2, 0, 1, 1, -1, 0, 0.986684, 0.454961
13, 296, 3, 1, 1, -1, -1, 1, 1.252419, 0.346604
13, 297, 6, 1, 1, -1, 1, 1, 1.783051, 0.413641
13, 298, 6, 2, 1, -1, -1, -1, 1.448617, 0.393098
13, 299, 6, 5, 1, -1, 1, 1, 1.277228, 0.353092
13, 300, 3, 0, 1, 1, -1, 0, 1.043975, 0.984925
13, 301, 1, 3, 1, -1, 1, 1, 1.773351, 0.001039
13, 302, 2, 0, 1, 1, 1, 0, 0.989358, 0.001057
13, 303, 2, 0, 1, 1, -1, 0, 0.965887, 0.539199
13, 304, 1, 5, 1, -1, 1, -1, 1.394955, 0.001016
13, 305, 4, 3, 1, -1, -1, -1, 1.914420, 0.001061
13, 306, 3, 4, 1, -1, 1, 1, 3.050019, 0.001030
13, 307, 5, 6, 1, -1, -1, -1, 1.426346, 0.266802
13, 308, 4, 0, 1, 1, 1, 0, 0.923929, 0.810148
13, 309, 1, 0, 1, 1, -1, 0, 0.846584, 0.407049
13, 310, 4, 0, 1, 1, -1, 0, 0.889546, 0.001045
13, 311, 6, 1, 1, -1, -1, -1, 1.908298, 0.001035
13, 312, 6, 6, 1, -1, -1, 1, 1.248480, 0.240415
13, 313, 1, 0, 1, 1, 1, 0, 0.962544, 0.676949
13, 314, 3, 0, 1, 1, -1, 0, 1.715446, 0.001059
13, 315, 2, 0, 1, 1, -1, 0, 1.036553, 0.001042
13, 316, 6, 0, 1, 1, -1, 0, 0.900190, 0.001066
13, 317, 6, 3, 1, 1, 1, -1, 1.336583, 3.061159
13, 318, 5, 0, 1, 1, -1, 0, 1.031561, 0.312943
13, 319, 3, 0, 1, 1, -1, 0, 1.469946, 0.001062
13, 320, 5, 0, 1, 1, 1, 0, 2.449266, 0.001036
13, 321, 1, 0, 1, 1, -1, 0, 3.432284, 0.001016
13, 322, 3, 0, 1, 1, -1, 0, 1.129445, 0.001010
13, 323, 6, 0, 1, 1, 1, 0, 3.325859, 0.551076
13, 324, 6, 0, 1, 1, -1, 0, 3.179345, 0.001037
13, 325, 2, 0, 1, 1, 1, 0, 1.077172, 0.001050
13, 326, 3, 0, 1, 1, 1, 0, 2.892596, 0.451338
13, 327, 1, 2, 1, -1, -1, 1, 1.333325, 0.452281
13, 328, 1, 0, 1, 1, 1, 0, 0.845042, 0.610368
13, 329, 5, 5, 1, -1, -1, 1, 1.310305, 0.397700
13, 330, 5, 0, 1, 1, -1, 0, 0.953939, 0.001014
13, 331, 6, 0, 1, 1, -1, 0, 0.979526, 0.266472
13, 332, 4, 1, 1, -1, 1, -1, 1.520617, 0.576940
13, 333, 5, 6, 1, -1, 1, 1, 1.662327, 0.001026
13, 334, 6, 3, 1, -1, -1, 1, 2.069380, 0.620448
13, 335, 2, 2, 1, -1, 1, 1, 5.093028, 0.419003
13, 336, 1, 3, 1, -1, -1, -1, 1.932969, 0.764701
13, 337, 5, 0, 1, 1, 1, 0, 0.851651, 0.640925
13, 338, 6, 3, 1, 1, -1, -1, 1.083583, 0.325355
13, 339, 3, 0, 1, 1, 1, 0, 0.945063, 0.354942
13, 340, 3, 2, 1, 1, 1, -1, 1.148383, 0.787960
13, 341, 1, 3, 1, -1, 1, -1, 1.364675, 0.166783
13, 342, 2, 0, 1, 1, 1, 0, 1.469572, 0.406866
13, 343, 5, 0, 1, 1, -1, 0, 1.182309, 0.300305
13, 344, 4, 0, 1, 1, -1, 0, 1.135061, 0.553629
13, 345, 6, 5, 1, -1, -1, 1, 1.224760, 0.313610
13, 346, 1, 1, 1, -1, -1, 1, 1.508123, 0.791322
13, 347, 2, 3, 1, -1, -1, -1, 1.464765, 0.440775
13, 348, 4, 6, 1, -1, 1, 1, 2.106941, 0.726608
13, 349, 3, 0, 1, 1, -1, 0, 1.023125, 0.480745
13, 350, 4, 0, 1, 1, -1, 0, 1.477902, 0.194946
13, 351, 1, 1, 1, -1, 1, 1, 2.140473, 0.239860
13, 352, 5, 0, 1, 1, -1, 0, 1.008998, 0.439286
13, 353, 2, 0, 1, 1, -1, 0, 0.877657, 0.655982
13, 354, 1, 0, 1, 1, -1, 0, 0.863343, 0.266575
13, 355, 4, 0, 1, 1, 1, 0, 0.977076, 0.312627
13, 356, 6, 4, 1, -1, 1, 1, 1.684081, 0.326262
13, 357, 6, 4, 1, -1, -1, -1, 1.420706, 0.001016
13, 358, 1, 0, 1, 1, 1, 0, 0.937579, 0.266645
13, 359, 6, 1, 1, -1, 1, 1, 2.087706, 0.419500
13, 360, 4, 0, 1, 1, -1, 0, 1.128100, 0.001016
13, 361, 6, 4, 1, -1, -1, 1, 1.836349, 0.931731
13, 362, 2, 2, 1, 1, -1, 1, 1.524287, 0.001033
13, 363, 3, 0, 1, 1, 1, 0, 1.076269, 0.858394
13, 364, 2, 6, 1, 1, 1, 1, 2.297006, 0.307235
13, 365, 3, 0, 1, 1, 1, 0, 0.883938, 0.180229
13, 366, 4, 0, 1, 1, 1, 0, 1.022804, 0.332599
13, 367, 6, 6, 1, -1, 1, -1, 1.520058, 0.279654
13, 368, 1, 3, 1, -1, 1, 1, 1.211706, 0.201001
13, 369, 3, 0, 1, 1, -1, 0, 1.077990, 0.360641
13, 370, 3, 0, 0, 1, 1, 0, 1.847493, 0.260188
13, 371, 4, 0, 1, 1, -1, 0, 0.957525, 0.453387
13, 372, 2, 0, 1, 1, 1, 0, 1.148953, 0.547375
13, 373, 3, 0, 1, 1, -1, 0, 0.951970, 0.441054
13, 374, 2, 0, 1, 1, -1, 0, 0.991271, 0.305256
13, 375, 3, 3, 1, -1, 1, 1, 2.171600, 0.193388
13, 376, 6, 1, 1, 1, 1, -1, 2.006718, 0.280521
13, 377, 3, 3, 1, -1, -1, 1, 1.589595, 0.280271
13, 378, 6, 2, 1, -1, 1, -1, 1.235142, 0.584214
13, 379, 6, 5, 1, -1, 1, 1, 1.611645, 1.289261
13, 380, 5, 5, 1, -1, -1, -1, 1.504303, 1.470953
13, 381, 6, 1, 1, 1, -1, -1, 2.539606, 0.591463
13, 382, 4, 4, 1, -1, -1, 1, 1.482997, 0.294061
13, 383, 6, 0, 1, 1, 1, 0, 1.813276, 0.799069
13, 384, 3, 6, 1, 1, 1, -1, 2.591274, 0.286400
13, 385, 2, 2, 1, -1, -1, 1, 2.303746, 0.298690
13, 386, 5, 3, 1, -1, -1, 1, 1.996476, 0.516859
13, 387, 5, 2, 1, -1, 1, -1, 6.674770, 0.802941
13, 388, 4, 6, 1, -1, -1, -1, 7.572645, 1.120622
13, 389, 5, 0, 1, 1, -1, 0, 1.045386, 0.339272
13, 390, 2, 0, 1, 1, 1, 0, 1.042969, 0.167648
13, 391, 5, 4, 1, -1, 1, 1, 1.726289, 0.186340
13, 392, 5, 0, 1, 1, 1, 0, 1.029424, 0.975373
13, 393, 2, 0, 1, 1, -1, 0, 1.155469, 0.393464
13, 394, 5, 0, 1, 1, -1, 0, 1.037164, 0.491295
13, 395, 2, 0, 1, 1, -1, 0, 1.183958, 0.338985
13, 396, 5, 0, 1, 1, 1, 0, 1.113787, 0.185548
13, 397, 2, 0, 1, 1, 1, 0, 0.872755, 0.399757
13, 398, 3, 5, 1, -1, -1, 1, 1.441397, 2.216325
13, 399, 3, 2, 1, -1, 1, -1, 1.711853, 0.490874
13, 400, 1, 1, 1, -1, 1, -1, 1.561428, 0.287075
13, 401, 4, 1, 1, 1, 1, -1, 2.177485, 1.362923
13, 402, 2, 6, 1, -1, -1, -1, 1.820942, 1.294982
13, 403, 4, 0, 1, 1, 1, 0, 2.467757, 0.390080
13, 404, 3, 0, 1, 1, -1, 0, 1.150922, 0.492097
13, 405, 2, 0, 1, 1, 1, 0, 1.241231, 0.287290
13, 406, 5, 2, 1, 1, 1, 1, 2.765380, 0.419364
13, 407, 6, 6, 1, -1, 1, -1, 1.493778, 0.433040
13, 408, 4, 4, 1, 1, 1, -1, 7.315480, 0.586156
13, 409, 6, 6, 1, 1, -1, -1, 3.036453, 0.589244
13, 410, 6, 0, 1, 1, -1, 0, 1.043267, 0.403386
13, 411, 6, 0, 1, 1, 1, 0, 1.245688, 0.665988
13, 412, 6, 2, 1, -1, 1, 1, 1.395979, 0.292923
13, 413, 4, 0, 1, 1, 1, 0, 3.364478, 0.465949
13, 414, 4, 5, 1, 1, 1, -1, 1.010412, 1.217073
13, 415, 2, 5, 1, 1, 1, -1, 1.700512, 0.547302
13, 416, 6, 5, 1, -1, -1, 1, 1.532517, 0.547193
13, 417, 1, 5, 1, 1, -1, 1, 2.899430, 2.491301
13, 418, 1, 4, 1, -1, 1, 1, 1.968332, 0.400398
13, 419, 4, 0, 1, 1, 1, 0, 1.105676, 0.293127
13, 420, 4, 0, 1, 1, 1, 0, 2.386273, 0.460682
13, 421, 6, 0, 1, 1, 1, 0, 3.019160, 0.406346
13, 422, 5, 3, 1, 1, -1, -1, 1.472094, 2.027203
13, 423, 1, 0, 1, 1, -1, 0, 1.029525, 0.300810
13, 424, 6, 0, 1, 1, -1, 0, 1.109471, 0.318585
13, 425, 2, 6, 1, -1, -1, 1, 1.374991, 0.842591
13, 426, 1, 2, 1, -1, -1, -1, 1.503892, 0.734986
13, 427, 6, 0, 1, 1, -1, 0, 1.050820, 1.293085
13, 428, 3, 0, 1, 1, 1, 0, 3.289495, 0.473376
13, 429, 6, 0, 1, 1, -1, 0, 1.004183, 0.586612
13, 430, 4, 1, 1, -1, 1, 1, 1.864592, 0.187567
13, 431, 4, 0, 1, 1, -1, 0, 1.483881, 1.261955
13, 432, 5, 1, 1, 1, 1, -1, 1.580826, 0.400643
13, 433, 3, 4, 1, -1, -1, -1, 1.444418, 0.714872
13, 434, 5, 0, 1, 1, 1, 0, 1.088458, 0.558847
13, 435, 6, 0, 1, 1, -1, 0, 1.084411, 0.227577
13, 436, 6, 2, 1, 1, -1, 1, 1.812895, 0.836790
13, 437, 4, 5, 1, -1, -1, 1, 1.442966, 0.453023
13, 438, 1, 6, 1, -1, -1, 1, 1.882411, 0.869106
13, 439, 1, 4, 1, -1, -1, -1, 1.479124, 0.718953
13, 440, 4, 5, 1, -1, -1, -1, 1.215680, 0.586146
13, 441, 5, 1, 1, -1, -1, 1, 1.250360, 1.370249
13, 442, 2, 0, 1, 1, -1, 0, 1.018928, 0.657831
13, 443, 5, 0, 1, 1, 1, 0, 1.167462, 0.425183
13, 444, 3, 0, 1, 1, 1, 0, 2.267842, 0.593165
13, 445, 1, 2, 1, -1, 1, 1, 2.087139, 1.589890
13, 446, 1, 0, 1, 1, 1, 0, 2.049951, 1.062954
13, 447, 6, 1, 1, -1, -1, 1, 2.350840, 1.340728
13, 448, 4, 0, 1, 1, -1, 0, 1.196069, 0.797592
13, 449, 2, 0, 1, 1, -1, 0, 1.737401, 0.576754
13, 450, 6, 0, 1, 1, -1, 0, 1.050644, 0.391270
13, 451, 5, 4, 1, -1, 1, 1, 1.819864, 0.426777
13, 452, 6, 2, 1, -1, 1, -1, 1.687640, 0.682496
13, 453, 3, 0, 1, 1, -1, 0, 1.196858, 1.004546
13, 454, 2, 5, 1, -1, -1, 1, 1.495783, 0.918147
13, 455, 5, 0, 1, 1, 1, 0, 1.105274, 0.234061
13, 456, 1, 5, 1, -1, 1, 1, 1.793388, 0.393734
13, 457, 4, 0, 1, 1, -1, 0, 1.447299, 0.001057
13, 458, 1, 2, 1, -1, 1, 1, 1.497323, 0.312774
13, 459, 1, 0, 1, 1, -1, 0, 0.876083, 0.505362
13, 460, 3, 2, 1, -1, -1, 1, 1.349395, 0.607079
13, 461, 2, 2, 1, -1, 1, -1, 1.691451, 0.001019
13, 462, 4, 2, 1, -1, -1, 1, 2.942655, 0.484025
13, 463, 4, 1, 1, 1, -1, -1, 1.317427, 0.001023
13, 464, 3, 1, 1, 1, 1, 1, 3.285921, 0.853194
13, 465, 3, 1, 1, -1, 1, -1, 3.526564, 0.001016
13, 466, 3, 1, 1, 1, 1, 1, 1.368247, 1.258759
13, 467, 3, 5, 1, -1, -1, -1, 1.496859, 0.240722
13, 468, 5, 3, 1, -1, -1, -1, 1.668305, 0.233679
13, 469, 5, 1, 1, -1, -1, 1, 1.585434, 0.213303
13, 470, 5, 0, 1, 1, -1, 0, 2.137654, 0.272334
13, 471, 4, 0, 1, 1, 1, 0, 1.010696, 0.220723
13, 472, 5, 2, 1, 1, -1, -1, 1.308011, 0.259856
13, 473, 1, 0, 1, 1, 1, 0, 0.997792, 0.120687
13, 474, 3, 0, 1, 1, -1, 0, 0.945356, 0.241415
13, 475, 5, 0, 1, 1, -1, 0, 1.025462, 0.172523
13, 476, 2, 4, 1, -1, 1, -1, 1.316962, 0.279923
13, 477, 2, 0, 1, 1, 1, 0, 0.878864, 0.193792
13, 478, 5, 0, 1, 1, -1, 0, 4.333376, 0.491696
13, 479, 3, 6, 1, 1, 1, -1, 1.530934, 0.660765
13, 480, 2, 1, 1, -1, -1, -1, 1.295594, 0.353134
13, 481, 5, 0, 1, 1, 1, 0, 0.903418, 0.351968
13, 482, 6, 0, 1, 1, -1, 0, 1.138141, 0.679540
13, 483, 5, 1, 1, 1, 1, 1, 4.052833, 1.370800
13, 484, 5, 4, 1, -1, -1, 1, 2.100618, 2.565277
13, 485, 6, 0, 1, 1, 1, 0, 1.650775, 0.174164
13, 486, 5, 1, 1, 1, -1, -1, 1.711569, 3.679773
13, 487, 2, 0, 1, 1, 1, 0, 0.885288, 0.273733
13, 488, 2, 1, 1, -1, -1, 1, 2.433132, 0.324607
13, 489, 3, 3, 1, -1, -1, 1, 1.983257, 0.485720
13, 490, 3, 2, 1, -1, -1, -1, 1.943210, 0.478801
13, 491, 6, 0, 1, 1, 1, 0, 3.655220, 0.650594
13, 492, 2, 0, 1, 1, 1, 0, 3.036990, 0.795709
13, 493, 2, 0, 1, 1, 1, 0, 0.671826, 0.194106
13, 494, 4, 3, 1, -1, 1, -1, 1.380082, 0.546592
13, 495, 4, 0, 1, 1, -1, 0, 1.439445, 0.413240
13, 496, 5, 4, 1, -1, -1, 1, 1.601765, 0.811638
13, 497, 1, 0, 1, -1, 1, 0, 1.775833, 0.001032
13, 498, 5, 0, 1, 1, -1, 0, 0.910972, 0.936940
13, 499, 2, 0, 1, 1, 1, 0, 0.987508, 1.226537
13, 500, 1, 0, 1, 1, 1, 0, 0.805762, 0.225752
13, 501, 3, 0, 1, 1, 1, 0, 1.063916, 0.273406
13, 502, 5, 0, 1, 1, 1, 0, 0.777388, 0.134261
13, 503, 3, 1, 1, 1, -1, -1, 2.881074, 0.400630
13, 504, 3, 0, 1, 1, -1, 0, 0.615959, 0.107085
13, 505, 5, 6, 1, -1, 1, -1, 1.428016, 0.001009
13, 506, 1, 0, 1, 1, -1, 0, 1.081712, 0.307419
13, 507, 3, 0, 1, 1, 1, 0, 1.205883, 0.181196
13, 508, 6, 4, 1, -1, 1, 1, 2.464792, 0.781018
13, 509, 4, 3, 1, -1, -1, 1, 1.515388, 0.485834
13, 510, 6, 0, 1, 1, 1, 0, 1.019149, 0.490650
13, 511, 2, 4, 1, -1, 1, -1, 1.242749, 0.001022
13, 512, 4, 6, 1, -1, -1, 1, 1.817772, 0.326458
13, 513, 6, 3, 1, -1, 1, 1, 2.304709, 0.148036
13, 514, 5, 0, 1, 1, -1, 0, 1.281985, 0.387623
13, 515, 1, 0, 1, 1, -1, 0, 0.896681, 0.333225
13, 516, 1, 0, 1, 1, -1, 0, 1.234510, 0.313315
13, 517, 6, 0, 1, 1, -1, 0, 0.818911, 0.221888
13, 518, 3, 0, 1, 1, 1, 0, 1.095442, 1.105281
13, 519, 4, 0, 1, 1, -1, 0, 1.623633, 0.380392
13, 520, 2, 3, 1, -1, 1, -1, 1.946155, 0.570994
13, 521, 5, 0, 1, 1, -1, 0, 2.332001, 0.293026
13, 522, 5, 0, 1, 1, -1, 0, 0.857253, 0.214573
13, 523, 1, 0, 1, 1, -1, 0, 1.643770, 0.326999
13, 524, 3, 0, 1, 1, 1, 0, 1.779652, 0.883701
13, 525, 6, 0, 1, 1, 1, 0, 1.981516, 0.539424
13, 526, 3, 2, 1, -1, 1, 1, 1.808249, 0.001047
13, 527, 5, 5, 1, -1, -1, -1, 1.430898, 0.394766
13, 528, 2, 6, 1, -1, 1, 1, 1.571314, 0.414176
13, 529, 6, 2, 1, -1, -1, -1, 1.276405, 0.420932
13, 530, 4, 1, 1, -1, 1, 1, 1.558535, 0.193758
13, 531, 2, 3, 1, 1, -1, 1, 2.304835, 0.352905
13, 532, 5, 3, 1, 1, 1, -1, 2.727145, 2.149712
13, 533, 5, 0, 1, 1, 1, 0, 1.147908, 0.326958
13, 534, 3, 0, 1, 1, 1, 0, 0.983088, 0.472199
13, 535, 3, 0, 1, 1, -1, 0, 1.023900, 0.660818
13, 536, 5, 0, 1, 1, -1, 0, 1.003559, 0.186941
13, 537, 1, 1, 1, -1, -1, -1, 1.340310, 0.623369
13, 538, 5, 3, 1, 1, 1, 1, 1.793396, 0.440933
13, 539, 6, 0, 1, 1, -1, 0, 0.918133, 0.353855
13, 540, 2, 1, 1, -1, -1, -1, 1.236493, 0.433699
13, 541, 2, 5, 1, 1, -1, -1, 1.416428, 0.233441
13, 542, 4, 0, 1, 1, -1, 0, 1.030538, 0.381545
13, 543, 4, 0, 1, 1, 1, 0, 1.818747, 0.923269
13, 544, 3, 5, 1, -1, -1, 1, 1.434869, 0.001094
13, 545, 4, 2, 1, 1, 1, -1, 1.142846, 0.201140
13, 546, 4, 6, 1, -1, -1, -1, 1.530430, 0.266258
13, 547, 2, 3, 1, -1, 1, 1, 1.381180, 0.419964
13, 548, 4, 1, 1, 1, -1, 1, 1.932642, 1.052034
13, 549, 6, 0, 1, 1, -1, 0, 1.308985, 0.519147
13, 550, 5, 4, 1, -1, -1, -1, 1.510081, 1.504074
13, 551, 3, 6, 1, 1, 1, 1, 3.393348, 0.423318
13, 552, 6, 4, 0, 1, 1, -1, 1.466641, 2.243203
13, 553, 1, 0, 1, 1, -1, 0, 1.272657, 0.883809
13, 554, 1, 3, 1, -1, -1, 1, 1.887565, 0.186042
13, 555, 3, 0, 1, 1, -1, 0, 1.081628, 0.313824
13, 556, 1, 0, 1, 1, 1, 0, 1.243952, 0.898072
13, 557, 2, 5, 1, -1, -1, 1, 2.038316, 1.147979
13, 558, 4, 4, 1, -1, -1, -1, 2.039473, 0.579303
13, 559, 2, 0, 1, 1, -1, 0, 0.995171, 0.192619
13, 560, 6, 0, 1, 1, 1, 0, 1.924473, 0.644662
13, 561, 1, 0, 1, 1, 1, 0, 0.949446, 0.187585
13, 562, 6, 0, 1, 1, -1, 0, 0.950288, 0.287049
13, 563, 4, 0, 1, 1, 1, 0, 3.596262, 0.001035
13, 564, 1, 1, 1, -1, 1, -1, 1.429987, 0.439303
13, 565, 6, 0, 1, 1, 1, 0, 1.166396, 0.347365
13, 566, 6, 3, 1, -1, 1, 1, 1.514431, 0.166475
13, 567, 4, 0, 1, 1, 1, 0, 0.996772, 0.512835
13, 568, 2, 1, 1, -1, -1, 1, 3.027261, 0.491435
13, 569, 3, 0, 1, 1, 1, 0, 0.819257, 0.159888
13, 570, 6, 4, 1, -1, -1, 1, 1.516305, 0.757297
13, 571, 1, 0, 1, 1, 1, 0, 0.971084, 0.186914
13, 572, 3, 0, 1, 1, -1, 0, 1.031404, 0.438432
13, 573, 3, 0, 1, 1, 1, 0, 0.869043, 0.113980
13, 574, 5, 6, 1, -1, -1, -1, 3.492872, 1.315798
13, 575, 5, 3, 1, -1, 1, -1, 1.391267, 0.247747
13, 576, 6, 0, 1, 1, 1, 0, 0.916899, 0.212860
