observer, trial, targLoc, distLoc, targDiscrim, thoughtNoAttCap, tc, dc, RT, TrialTypeRT
12, 1, 2, 0, 1, 1, 1, 0, 1.818977, 4.574093
12, 2, 5, 0, 1, 1, 1, 0, 2.935922, 1.076786
12, 3, 2, 6, 1, 1, -1, 1, 4.584848, 0.925537
12, 4, 5, 4, 1, 1, 1, 1, 2.260933, 1.211947
12, 5, 3, 0, 1, 1, -1, 0, 1.269356, 1.090083
12, 6, 2, 0, 1, 1, -1, 0, 1.300884, 0.591097
12, 7, 6, 0, 1, 1, -1, 0, 1.152598, 0.610619
12, 8, 6, 0, 1, 1, -1, 0, 1.383504, 1.086099
12, 9, 2, 1, 1, 1, 1, -1, 1.950442, 0.921423
12, 10, 1, 0, 1, 1, 1, 0, 2.372354, 0.498052
12, 11, 1, 0, 1, 1, 1, 0, 1.854766, 0.432947
12, 12, 2, 4, 1, 1, 1, 1, 2.217573, 0.172971
12, 13, 5, 6, 1, 1, 1, -1, 2.026141, 0.452578
12, 14, 4, 0, 1, 1, 1, 0, 1.276813, 0.763280
12, 15, 2, 0, 1, 1, -1, 0, 1.670265, 0.431402
12, 16, 5, 0, 1, 1, 1, 0, 1.003635, 0.252064
12, 17, 5, 0, 1, 1, 1, 0, 1.156260, 0.167016
12, 18, 1, 1, 1, 1, -1, 1, 1.703611, 0.312748
12, 19, 1, 2, 1, 1, 1, 1, 1.777280, 2.623450
12, 20, 5, 0, 1, 1, 1, 0, 2.240039, 0.327232
12, 21, 6, 5, 1, 1, -1, 1, 1.447874, 0.948677
12, 22, 5, 0, 1, 1, -1, 0, 1.974770, 0.432416
12, 23, 5, 6, 1, 1, 1, -1, 2.246048, 0.414134
12, 24, 6, 0, 1, 1, -1, 0, 1.176203, 0.219520
12, 25, 1, 6, 1, 1, -1, -1, 2.724859, 0.185557
12, 26, 4, 6, 1, 1, 1, 1, 2.199959, 0.966587
12, 27, 5, 6, 1, 1, 1, 1, 4.405462, 0.173417
12, 28, 4, 0, 1, 1, 1, 0, 1.344340, 0.340542
12, 29, 2, 0, 1, 1, -1, 0, 1.997024, 0.346080
12, 30, 3, 5, 1, 1, -1, 1, 2.306065, 0.546455
12, 31, 5, 0, 1, 1, -1, 0, 1.833726, 1.045448
12, 32, 5, 3, 1, 1, 1, 1, 1.316152, 0.813087
12, 33, 6, 5, 1, 1, -1, -1, 1.530332, 0.958574
12, 34, 3, 0, 1, 1, 1, 0, 1.559013, 1.645521
12, 35, 4, 5, 1, 1, 1, -1, 1.303157, 0.964796
12, 36, 5, 6, 1, 1, -1, 1, 2.747904, 1.009433
12, 37, 3, 4, 1, 1, -1, 1, 2.167320, 0.590493
12, 38, 1, 0, 1, 1, -1, 0, 1.251218, 1.374070
12, 39, 1, 0, 1, 1, 1, 0, 1.029325, 1.087172
12, 40, 5, 0, 1, 1, -1, 0, 1.439753, 0.585150
12, 41, 3, 1, 1, 1, -1, -1, 2.428634, 0.671669
12, 42, 3, 3, 1, 1, -1, -1, 2.109003, 1.093063
12, 43, 6, 1, 1, 1, 1, -1, 0.955940, 3.177314
12, 44, 5, 0, 1, 1, 1, 0, 1.418191, 1.014934
12, 45, 2, 5, 1, 1, -1, -1, 3.659966, 0.625535
12, 46, 6, 1, 1, 1, -1, 1, 3.719504, 1.179636
12, 47, 3, 3, 1, 1, 1, -1, 1.205896, 0.956932
12, 48, 6, 0, 1, 1, 1, 0, 0.884173, 0.358828
12, 49, 6, 0, 1, 1, 1, 0, 0.776764, 0.610279
12, 50, 3, 0, 1, 1, 1, 0, 1.042998, 0.646478
12, 51, 4, 6, 1, 1, 1, -1, 2.494637, 1.259357
12, 52, 5, 0, 1, 1, -1, 0, 1.497319, 0.653865
12, 53, 2, 0, 1, 1, -1, 0, 1.374059, 0.438476
12, 54, 6, 0, 1, 1, 1, 0, 0.809663, 0.747619
12, 55, 2, 6, 1, 1, -1, 1, 1.429798, 0.671094
12, 56, 4, 0, 1, 1, 1, 0, 0.775141, 0.303899
12, 57, 3, 0, 1, 1, -1, 0, 1.230623, 0.324392
12, 58, 5, 0, 1, 1, 1, 0, 0.995396, 0.372209
12, 59, 5, 0, 1, 1, -1, 0, 1.604586, 0.524293
12, 60, 5, 3, 1, 1, 1, -1, 1.578582, 0.557499
12, 61, 3, 0, 1, 1, -1, 0, 1.471312, 0.459036
12, 62, 6, 0, 1, 1, 1, 0, 0.791490, 0.352807
12, 63, 3, 0, 1, 1, -1, 0, 1.424721, 0.378895
12, 64, 2, 6, 1, 1, 1, -1, 0.989244, 0.385567
12, 65, 2, 6, 1, 1, 1, 1, 0.894845, 0.291790
12, 66, 2, 0, 1, 1, 1, 0, 1.123044, 0.359511
12, 67, 5, 0, 1, 1, -1, 0, 1.925967, 0.252969
12, 68, 4, 0, 1, 1, 1, 0, 1.022305, 0.306467
12, 69, 4, 4, 1, 1, -1, -1, 1.544339, 0.365502
12, 70, 4, 0, 1, 1, -1, 0, 1.452900, 0.258329
12, 71, 5, 0, 1, 1, -1, 0, 2.015029, 0.593451
12, 72, 5, 1, 1, 1, -1, 1, 1.467293, 0.366483
12, 73, 2, 0, 1, 1, -1, 0, 1.311432, 0.378323
12, 74, 2, 3, 1, 1, -1, -1, 1.641150, 0.319207
12, 75, 2, 5, 1, 1, 1, 1, 1.259010, 0.292933
12, 76, 4, 6, 1, 1, -1, 1, 1.392580, 0.378160
12, 77, 1, 0, 1, 1, -1, 0, 1.535921, 0.400289
12, 78, 1, 4, 1, 1, 1, 1, 1.140407, 0.285759
12, 79, 3, 0, 1, 1, 1, 0, 1.351689, 0.206760
12, 80, 5, 0, 1, 1, -1, 0, 1.194171, 0.279949
12, 81, 5, 5, 1, 1, 1, -1, 0.805485, 0.186776
12, 82, 5, 1, 1, 1, 1, -1, 1.842756, 0.398031
12, 83, 4, 2, 1, 1, -1, -1, 1.701187, 0.240568
12, 84, 1, 1, 1, 1, 1, 1, 0.933588, 0.494609
12, 85, 6, 0, 1, 1, -1, 0, 2.196220, 0.700859
12, 86, 1, 3, 1, 1, 1, -1, 0.824845, 0.532800
12, 87, 3, 3, 1, 1, 1, 1, 1.102219, 0.577774
12, 88, 6, 4, 1, 1, 1, -1, 3.355267, 0.405228
12, 89, 1, 0, 1, 1, 1, 0, 1.129335, 0.406485
12, 90, 3, 0, 1, 1, 1, 0, 1.244737, 0.605508
12, 91, 5, 0, 1, 1, -1, 0, 1.708094, 0.350527
12, 92, 1, 1, 1, 1, 1, -1, 1.669639, 0.865255
12, 93, 2, 2, 1, 1, 1, 1, 1.371872, 1.012231
12, 94, 6, 6, 1, 1, -1, -1, 1.849365, 0.292207
12, 95, 4, 0, 1, 1, 1, 0, 1.383280, 0.460037
12, 96, 3, 0, 1, 1, 1, 0, 1.198076, 0.843697
12, 97, 4, 0, 1, 1, 1, 0, 0.984004, 0.643080
12, 98, 3, 5, 1, 1, 1, -1, 1.016808, 0.727172
12, 99, 6, 0, 1, 1, -1, 0, 1.592574, 0.399288
12, 100, 2, 0, 1, 1, -1, 0, 1.239268, 0.543455
12, 101, 6, 6, 1, 1, -1, 1, 1.189241, 0.566294
12, 102, 5, 0, 1, 1, -1, 0, 1.293083, 0.418791
12, 103, 6, 2, 1, 1, -1, 1, 1.148811, 0.371989
12, 104, 1, 6, 1, 1, 1, 1, 1.089566, 1.096075
12, 105, 4, 4, 1, 1, 1, 1, 1.388142, 0.765258
12, 106, 2, 2, 1, 1, -1, 1, 1.617029, 0.405149
12, 107, 6, 0, 1, 1, -1, 0, 1.364504, 0.325783
12, 108, 4, 1, 1, 1, 1, 1, 1.336258, 0.279514
12, 109, 6, 0, 1, 1, -1, 0, 0.691032, 0.279542
12, 110, 6, 2, 1, 1, 1, -1, 0.913056, 0.345404
12, 111, 3, 4, 1, 1, -1, -1, 2.035575, 0.185507
12, 112, 3, 0, 1, 1, -1, 0, 1.166210, 0.259092
12, 113, 5, 0, 1, 1, -1, 0, 1.121474, 0.239805
12, 114, 4, 0, 1, 1, -1, 0, 1.011581, 0.299516
12, 115, 4, 3, 1, 1, 1, 1, 0.979074, 0.379425
12, 116, 4, 3, 1, 1, 1, -1, 0.775103, 0.318464
12, 117, 6, 0, 1, 1, 1, 0, 0.774640, 0.377969
12, 118, 4, 0, 1, 1, -1, 0, 1.115035, 0.186579
12, 119, 4, 5, 1, 1, -1, 1, 1.056513, 0.306815
12, 120, 5, 0, 1, 1, 1, 0, 1.328353, 0.314344
12, 121, 2, 3, 1, 1, -1, 1, 1.642658, 0.557592
12, 122, 1, 0, 1, 1, -1, 0, 1.169250, 0.313631
12, 123, 4, 0, 1, 1, -1, 0, 1.524987, 0.350045
12, 124, 1, 3, 1, 1, -1, -1, 1.035562, 0.214499
12, 125, 2, 4, 1, 1, -1, 1, 1.943178, 1.141123
12, 126, 5, 2, 1, 1, 1, 1, 1.932046, 0.591187
12, 127, 4, 0, 1, 1, -1, 0, 1.198767, 0.668730
12, 128, 4, 0, 1, 1, 1, 0, 1.102187, 0.297704
12, 129, 5, 0, 1, 1, 1, 0, 0.724094, 0.411499
12, 130, 6, 0, 0, -1, -1, 0, 0.836810, 2.498097
12, 131, 4, 1, 1, 1, -1, -1, 1.896575, 0.227241
12, 132, 5, 4, 1, 1, -1, -1, 1.288550, 0.253493
12, 133, 5, 0, 1, 1, -1, 0, 1.187202, 0.310407
12, 134, 3, 0, 1, 1, 1, 0, 1.008536, 0.391642
12, 135, 1, 0, 1, 1, 1, 0, 0.955397, 0.576725
12, 136, 2, 0, 1, 1, 1, 0, 0.952070, 0.320199
12, 137, 4, 5, 1, 1, -1, -1, 1.574425, 0.280172
12, 138, 5, 1, 1, 1, 1, 1, 1.151855, 0.703055
12, 139, 3, 0, 1, 1, 1, 0, 0.756124, 0.445828
12, 140, 5, 5, 1, 1, 1, 1, 1.367126, 0.313220
12, 141, 6, 1, 1, 1, 1, -1, 1.607121, 0.619118
12, 142, 1, 0, 1, 1, 1, 0, 1.469560, 0.213156
12, 143, 5, 5, 1, 1, -1, 1, 1.567143, 0.226127
12, 144, 6, 0, 1, 1, -1, 0, 1.420167, 0.305743
12, 145, 5, 0, 1, 1, -1, 0, 0.999098, 0.446699
12, 146, 6, 0, 1, 1, -1, 0, 1.029349, 0.524359
12, 147, 3, 6, 1, 1, -1, -1, 1.201057, 0.380198
12, 148, 1, 0, 1, 1, -1, 0, 1.156198, 0.292316
12, 149, 2, 5, 1, 1, -1, -1, 1.455142, 0.331723
12, 150, 4, 6, 1, 1, 1, -1, 0.865687, 0.319758
12, 151, 1, 0, 1, 1, 1, 0, 0.825766, 1.134830
12, 152, 4, 2, 1, 1, -1, -1, 1.542221, 0.511766
12, 153, 1, 0, 1, 1, -1, 0, 1.236529, 0.364822
12, 154, 5, 0, 1, 1, 1, 0, 0.762480, 0.318220
12, 155, 1, 5, 1, 1, 1, 1, 1.286964, 0.346404
12, 156, 5, 0, 1, 1, 1, 0, 0.730447, 0.668769
12, 157, 6, 0, 1, 1, 1, 0, 0.822429, 0.311669
12, 158, 6, 4, 1, 1, 1, 1, 0.995240, 0.325578
12, 159, 1, 0, 1, 1, 1, 0, 0.671184, 0.496771
12, 160, 6, 5, 1, 1, 1, -1, 0.751272, 0.355041
12, 161, 1, 5, 1, 1, 1, 1, 0.803859, 0.530023
12, 162, 6, 0, 1, 1, 1, 0, 0.647947, 0.251815
12, 163, 3, 0, 1, 1, 1, 0, 0.751298, 0.319261
12, 164, 2, 3, 1, 1, -1, -1, 1.605495, 0.167270
12, 165, 5, 3, 1, 1, -1, 1, 1.227826, 0.233680
12, 166, 2, 0, 1, 1, -1, 0, 1.117061, 0.378356
12, 167, 2, 0, 1, 1, -1, 0, 0.964831, 0.725029
12, 168, 1, 2, 1, 1, -1, -1, 1.601327, 0.630213
12, 169, 2, 0, 1, 1, -1, 0, 1.638100, 0.765408
12, 170, 6, 0, 1, 1, 1, 0, 1.208498, 0.327194
12, 171, 1, 6, 1, 1, 1, -1, 1.187506, 0.338823
12, 172, 1, 2, 1, 1, -1, -1, 1.745518, 0.239794
12, 173, 5, 1, 1, 1, 1, 1, 0.973132, 0.581908
12, 174, 1, 0, 1, 1, 1, 0, 0.923208, 0.340110
12, 175, 6, 3, 1, 1, 1, -1, 1.010575, 0.464159
12, 176, 3, 0, 1, 1, 1, 0, 0.907557, 0.445798
12, 177, 5, 0, 1, 1, 1, 0, 0.664196, 0.299081
12, 178, 3, 0, 1, 1, -1, 0, 1.583845, 0.293278
12, 179, 3, 3, 1, 1, -1, 1, 1.548763, 0.299441
12, 180, 6, 2, 1, 1, -1, 1, 1.567394, 0.347535
12, 181, 1, 0, 1, 1, 1, 0, 0.684297, 0.337795
12, 182, 2, 0, 1, 1, -1, 0, 1.186955, 0.254321
12, 183, 4, 5, 1, -1, -1, -1, 1.524415, 1.130195
12, 184, 3, 0, 1, 1, 1, 0, 1.312380, 0.341143
12, 185, 2, 0, 1, 1, -1, 0, 1.320252, 0.391988
12, 186, 3, 2, 1, 1, 1, 1, 2.102234, 0.732301
12, 187, 2, 6, 1, -1, -1, -1, 1.697478, 3.897659
12, 188, 3, 0, 1, 1, -1, 0, 1.262765, 0.412605
12, 189, 4, 4, 1, 1, -1, 1, 1.148892, 0.385997
12, 190, 4, 0, 1, 1, 1, 0, 0.792380, 0.265664
12, 191, 3, 3, 1, 1, 1, 1, 1.066186, 0.643594
12, 192, 6, 0, 1, 1, -1, 0, 1.204088, 0.472728
12, 193, 2, 2, 1, 1, -1, -1, 1.597554, 0.351622
12, 194, 3, 0, 1, 1, 1, 0, 1.124759, 0.320010
12, 195, 6, 0, 1, 1, 1, 0, 1.260516, 0.404686
12, 196, 2, 0, 1, 1, 1, 0, 1.127431, 0.333949
12, 197, 1, 0, 0, -1, -1, 0, 0.927144, 1.392898
12, 198, 2, 0, 1, 1, 1, 0, 1.557918, 0.438701
12, 199, 4, 2, 1, 1, 1, -1, 1.179793, 0.624979
12, 200, 1, 0, 1, 1, -1, 0, 1.468880, 0.299527
12, 201, 5, 1, 1, 1, -1, -1, 0.850443, 1.034603
12, 202, 4, 0, 1, 1, -1, 0, 2.073913, 0.676821
12, 203, 5, 0, 1, 1, 1, 0, 0.802343, 0.373523
12, 204, 6, 0, 1, 1, -1, 0, 1.036365, 0.359919
12, 205, 5, 3, 1, 1, 1, 1, 1.269924, 0.513055
12, 206, 2, 0, 1, 1, -1, 0, 1.162981, 0.299116
12, 207, 2, 6, 1, 1, 1, -1, 1.049717, 0.948855
12, 208, 3, 0, 1, 1, -1, 0, 1.285379, 0.272293
12, 209, 6, 0, 1, 1, 1, 0, 0.934836, 0.431902
12, 210, 1, 2, 1, 1, 1, -1, 1.020927, 0.299487
12, 211, 4, 6, 1, 1, 1, 1, 2.159985, 0.693634
12, 212, 1, 0, 1, 1, -1, 0, 1.432410, 0.386309
12, 213, 2, 0, 1, 1, 1, 0, 0.950728, 0.457686
12, 214, 1, 0, 1, 1, 1, 0, 0.781485, 0.661445
12, 215, 4, 1, 1, 1, 1, 1, 1.668793, 0.536342
12, 216, 4, 0, 1, 1, -1, 0, 1.141064, 0.264917
12, 217, 4, 0, 1, 1, -1, 0, 1.213973, 0.299137
12, 218, 3, 0, 1, 1, -1, 0, 1.136371, 0.281329
12, 219, 4, 0, 1, 1, 1, 0, 0.794837, 0.267356
12, 220, 6, 1, 1, 1, -1, -1, 1.171802, 0.259273
12, 221, 3, 0, 1, 1, 1, 0, 1.255812, 0.246453
12, 222, 4, 6, 1, 1, -1, -1, 1.391106, 0.493001
12, 223, 1, 3, 1, 1, 1, -1, 1.159934, 0.352513
12, 224, 1, 1, 1, 1, -1, 1, 1.304993, 0.293732
12, 225, 2, 0, 1, 1, -1, 0, 1.080105, 0.271660
12, 226, 1, 0, 1, 1, -1, 0, 1.179022, 0.800300
12, 227, 2, 0, 1, 1, -1, 0, 1.316045, 0.412182
12, 228, 5, 4, 1, 1, -1, -1, 1.074303, 0.396797
12, 229, 3, 3, 1, 1, -1, -1, 1.362774, 0.487994
12, 230, 4, 0, 1, 1, 1, 0, 0.735945, 0.272415
12, 231, 6, 3, 1, 1, 1, 1, 1.302682, 0.551374
12, 232, 5, 0, 1, 1, -1, 0, 1.077396, 0.431665
12, 233, 4, 0, 1, 1, -1, 0, 1.147270, 0.266728
12, 234, 4, 0, 1, 1, -1, 0, 1.222705, 0.612096
12, 235, 4, 0, 1, 1, -1, 0, 0.887100, 0.490933
12, 236, 1, 0, 1, 1, 1, 0, 0.881729, 0.220167
12, 237, 2, 2, 1, 1, -1, 1, 1.640653, 0.491543
12, 238, 1, 4, 1, 1, -1, -1, 1.096016, 0.678148
12, 239, 4, 0, 1, 1, 1, 0, 0.823845, 0.346486
12, 240, 6, 0, 1, 1, 1, 0, 1.300177, 0.345452
12, 241, 2, 0, 1, 1, 1, 0, 0.822051, 0.272356
12, 242, 5, 0, 1, 1, 1, 0, 1.253757, 0.379759
12, 243, 5, 5, 1, 1, 1, 1, 1.256046, 0.380326
12, 244, 3, 0, 1, 1, 1, 0, 0.870855, 0.487898
12, 245, 4, 1, 1, 1, -1, 1, 1.389569, 0.260046
12, 246, 4, 3, 1, 1, 1, 1, 1.202293, 0.299810
12, 247, 5, 5, 1, 1, -1, -1, 1.252788, 0.233424
12, 248, 4, 4, 1, 1, 1, 1, 0.848633, 0.505305
12, 249, 5, 0, 1, 1, 1, 0, 0.871627, 0.397528
12, 250, 3, 0, 1, 1, 1, 0, 0.825093, 0.245989
12, 251, 4, 3, 1, 1, 1, -1, 3.049211, 2.062608
12, 252, 1, 4, 1, 1, -1, 1, 1.714283, 0.345772
12, 253, 6, 4, 1, 1, -1, -1, 1.172933, 0.604570
12, 254, 4, 0, 1, 1, -1, 0, 1.235440, 0.386398
12, 255, 4, 0, 1, 1, 1, 0, 0.784597, 0.278885
12, 256, 4, 3, 1, 1, -1, -1, 1.339388, 0.259329
12, 257, 6, 6, 1, 1, 1, 1, 0.980297, 0.193722
12, 258, 1, 6, 1, 1, -1, 1, 1.938147, 0.153601
12, 259, 4, 6, 1, 1, -1, -1, 2.109498, 0.279695
12, 260, 3, 1, 1, 1, -1, 1, 1.982287, 0.247242
12, 261, 5, 1, 1, 1, -1, -1, 1.774186, 0.352106
12, 262, 6, 2, 1, 1, -1, -1, 1.697371, 0.293045
12, 263, 4, 0, 1, 1, 1, 0, 0.790365, 0.592687
12, 264, 6, 3, 1, 1, -1, -1, 4.073761, 0.397193
12, 265, 3, 0, 1, 1, 1, 0, 2.151164, 0.485680
12, 266, 2, 0, 1, 1, 1, 0, 1.203012, 1.069005
12, 267, 2, 4, 1, 1, -1, -1, 2.677161, 2.401541
12, 268, 1, 5, 1, 1, -1, 1, 2.936910, 0.935231
12, 269, 6, 2, 1, 1, 1, 1, 2.332394, 0.747972
12, 270, 4, 5, 1, 1, 1, 1, 3.153954, 1.095428
12, 271, 2, 0, 1, 1, 1, 0, 1.749997, 0.664316
12, 272, 5, 0, 1, 1, 1, 0, 2.683693, 0.473230
12, 273, 3, 0, 1, 1, -1, 0, 1.787889, 0.251524
12, 274, 5, 0, 1, 1, -1, 0, 2.029963, 0.207010
12, 275, 3, 0, 1, 1, 1, 0, 1.648947, 0.213780
12, 276, 4, 0, 1, 1, -1, 0, 3.277219, 0.297166
12, 277, 6, 0, 1, 1, -1, 0, 1.590739, 0.207304
12, 278, 4, 0, 1, 1, -1, 0, 1.432995, 0.264818
12, 279, 6, 4, 1, 1, -1, -1, 1.291668, 0.306329
12, 280, 3, 5, 1, -1, 1, 1, 6.322017, 0.842315
12, 281, 1, 0, 1, 1, -1, 0, 0.915566, 0.620599
12, 282, 6, 6, 1, 1, -1, -1, 1.603375, 0.266003
12, 283, 6, 5, 1, 1, 1, 1, 1.745668, 0.392284
12, 284, 3, 1, 1, 1, -1, -1, 1.126951, 0.219775
12, 285, 2, 0, 1, 1, 1, 0, 3.127663, 0.474645
12, 286, 3, 0, 1, 1, -1, 0, 1.166913, 0.200592
12, 287, 1, 0, 1, 1, 1, 0, 1.127103, 0.280007
12, 288, 6, 0, 1, 1, 1, 0, 2.888442, 0.253447
12, 289, 6, 0, 1, 1, -1, 0, 1.704309, 0.670953
12, 290, 6, 1, 1, 1, 1, 1, 0.935592, 1.171377
12, 291, 6, 0, 1, 1, 1, 0, 1.043665, 0.273552
12, 292, 6, 3, 1, 1, -1, 1, 1.670438, 0.339627
12, 293, 1, 0, 1, 1, -1, 0, 1.705493, 0.227394
12, 294, 3, 0, 1, 1, 1, 0, 0.858353, 0.261406
12, 295, 4, 3, 1, 1, -1, 1, 0.491309, 2.867681
12, 296, 1, 0, 1, 1, 1, 0, 1.117961, 0.327150
12, 297, 1, 0, 1, 1, -1, 0, 1.559901, 0.246983
12, 298, 2, 4, 1, 1, 1, 1, 1.154362, 0.232870
12, 299, 5, 5, 1, 1, 1, -1, 2.263729, 0.251785
12, 300, 3, 4, 1, 1, 1, -1, 1.233832, 0.776483
12, 301, 3, 0, 1, 1, -1, 0, 2.505423, 1.263048
12, 302, 2, 0, 1, 1, 1, 0, 1.379559, 0.294298
12, 303, 5, 0, 1, 1, 1, 0, 1.418137, 0.167135
12, 304, 6, 0, 1, 1, 1, 0, 1.616279, 0.240990
12, 305, 1, 0, 1, 1, -1, 0, 1.333820, 0.398759
12, 306, 5, 4, 1, 1, 1, 1, 1.442788, 0.629936
12, 307, 2, 4, 1, 1, 1, -1, 1.133611, 0.233671
12, 308, 2, 0, 1, 1, 1, 0, 1.243711, 0.266020
12, 309, 3, 2, 1, -1, -1, 1, 3.900906, 0.592495
12, 310, 5, 0, 1, 1, 1, 0, 3.856961, 0.657224
12, 311, 1, 0, 1, 1, 1, 0, 1.230361, 0.372950
12, 312, 3, 0, 1, 1, 1, 0, 2.577961, 0.380724
12, 313, 1, 3, 1, 1, 1, 1, 1.992880, 0.220185
12, 314, 6, 2, 1, 1, 1, -1, 2.635231, 0.331050
12, 315, 3, 0, 1, 1, -1, 0, 1.620143, 0.305287
12, 316, 1, 0, 1, 1, 1, 0, 1.649672, 0.971462
12, 317, 1, 0, 1, 1, -1, 0, 1.623901, 0.233448
12, 318, 2, 0, 1, 1, -1, 0, 1.408373, 0.432062
12, 319, 2, 0, 1, 1, 1, 0, 2.980752, 0.286602
12, 320, 3, 0, 1, 1, -1, 0, 1.219932, 0.253169
12, 321, 5, 0, 1, 1, -1, 0, 2.214865, 0.287141
12, 322, 4, 3, 1, 1, -1, 1, 2.367239, 0.279066
12, 323, 4, 2, 1, 1, -1, 1, 0.964593, 0.221265
12, 324, 2, 5, 1, 1, -1, 1, 3.262242, 0.214186
12, 325, 3, 0, 1, 1, 1, 0, 1.028734, 0.518696
12, 326, 6, 0, 1, 1, 1, 0, 0.941341, 0.266796
12, 327, 2, 2, 1, 1, 1, -1, 4.350037, 0.683087
12, 328, 4, 0, 1, 1, -1, 0, 1.462397, 0.246454
12, 329, 2, 3, 1, 1, 1, 1, 1.067489, 0.226576
12, 330, 6, 3, 1, -1, 1, -1, 2.691837, 0.946580
12, 331, 5, 3, 1, 1, -1, 1, 1.996284, 0.238996
12, 332, 4, 1, 1, 1, 1, -1, 1.655937, 0.306512
12, 333, 1, 0, 1, 1, -1, 0, 3.255849, 0.619376
12, 334, 3, 0, 1, 1, -1, 0, 1.946024, 0.266874
12, 335, 6, 0, 1, 1, -1, 0, 1.073351, 0.396410
12, 336, 1, 0, 1, 1, -1, 0, 0.906454, 0.219423
12, 337, 6, 4, 1, 1, -1, 1, 0.840774, 0.319699
12, 338, 3, 2, 1, 1, -1, 1, 1.044453, 0.311699
12, 339, 2, 0, 1, 1, 1, 0, 0.858370, 0.140842
12, 340, 3, 0, 1, 1, -1, 0, 0.792389, 0.293421
12, 341, 6, 5, 1, 1, 1, 1, 2.074177, 0.160643
12, 342, 3, 5, 1, -1, 1, -1, 3.158488, 0.912388
12, 343, 5, 2, 1, 1, -1, 1, 1.904435, 0.159774
12, 344, 6, 0, 1, 1, -1, 0, 1.047114, 0.432365
12, 345, 6, 4, 1, 1, 1, 1, 1.621968, 0.686939
12, 346, 1, 6, 1, 1, 1, 1, 3.949790, 0.264874
12, 347, 3, 4, 1, 1, 1, 1, 2.062410, 0.266622
12, 348, 6, 0, 1, 1, -1, 0, 1.682286, 0.213172
12, 349, 3, 1, 1, 1, -1, 1, 1.497321, 0.113597
12, 350, 4, 0, 1, 1, -1, 0, 1.186906, 0.200458
12, 351, 2, 0, 1, 1, 1, 0, 3.194578, 0.946887
12, 352, 5, 0, 1, 1, -1, 0, 1.130723, 0.419701
12, 353, 2, 1, 1, -1, -1, 1, 2.486708, 0.279260
12, 354, 6, 0, 1, 1, 1, 0, 0.825307, 0.245982
12, 355, 3, 5, 1, -1, -1, -1, 1.803946, 0.724855
12, 356, 2, 0, 1, 1, 1, 0, 1.348272, 0.311409
12, 357, 2, 0, 1, 1, -1, 0, 1.288159, 0.173757
12, 358, 1, 0, 1, 1, -1, 0, 1.034470, 0.623910
12, 359, 6, 0, 1, 1, -1, 0, 0.917081, 0.246376
12, 360, 3, 4, 1, 1, 1, -1, 1.781925, 0.292988
12, 361, 3, 5, 1, 1, 1, 1, 0.821842, 0.332333
12, 362, 5, 4, 1, 1, -1, 1, 1.277497, 0.386942
12, 363, 4, 4, 1, 1, 1, -1, 1.002242, 0.257867
12, 364, 3, 0, 1, 1, 1, 0, 1.498585, 0.797165
12, 365, 2, 2, 1, 1, -1, -1, 1.667025, 0.187585
12, 366, 5, 2, 1, 1, 1, 1, 1.492670, 0.259326
12, 367, 5, 0, 1, 1, 1, 0, 0.731108, 0.662467
12, 368, 1, 3, 1, 1, -1, 1, 1.766726, 0.252347
12, 369, 5, 0, 1, 1, 1, 0, 0.861528, 0.475933
12, 370, 5, 6, 1, 1, -1, 1, 2.170808, 0.259403
12, 371, 1, 5, 1, 1, 1, -1, 0.935809, 0.120438
12, 372, 1, 2, 1, 1, 1, 1, 1.655699, 0.452309
12, 373, 6, 0, 1, 1, 1, 0, 1.155573, 0.524463
12, 374, 2, 3, 1, 1, 1, -1, 0.896430, 0.339814
12, 375, 6, 0, 1, 1, 1, 0, 1.088784, 0.284231
12, 376, 1, 0, 1, 1, -1, 0, 1.788075, 0.132646
12, 377, 3, 0, 1, 1, -1, 0, 2.086373, 0.279733
12, 378, 1, 1, 1, 1, 1, -1, 0.961715, 0.211919
12, 379, 5, 5, 1, 1, -1, -1, 1.548739, 0.200521
12, 380, 2, 0, 1, 1, -1, 0, 1.398163, 2.796847
12, 381, 5, 3, 1, 1, -1, -1, 1.141982, 0.267491
12, 382, 4, 2, 1, 1, -1, 1, 1.346024, 0.716101
12, 383, 6, 0, 1, 1, 1, 0, 3.064426, 0.318118
12, 384, 5, 3, 1, 1, -1, -1, 1.281534, 0.305033
12, 385, 6, 0, 1, 1, 1, 0, 0.772451, 0.093020
12, 386, 3, 1, 1, -1, 1, -1, 4.346187, 2.905472
12, 387, 1, 2, 1, -1, 1, -1, 2.932186, 0.836284
12, 388, 5, 5, 1, 1, -1, 1, 2.574425, 0.471919
12, 389, 3, 6, 1, 1, -1, -1, 3.033803, 0.391557
12, 390, 5, 2, 1, 1, -1, -1, 1.476095, 0.465497
12, 391, 3, 0, 1, 1, -1, 0, 1.693482, 0.572671
12, 392, 1, 2, 1, 1, -1, 1, 1.855704, 0.478204
12, 393, 2, 0, 1, 1, -1, 0, 1.657860, 0.358603
12, 394, 5, 2, 1, 1, 1, -1, 2.519259, 0.457062
12, 395, 3, 0, 1, 1, 1, 0, 1.633242, 0.518378
12, 396, 6, 4, 1, 1, 1, -1, 0.890532, 0.333199
12, 397, 4, 4, 1, 1, -1, -1, 1.837379, 0.346306
12, 398, 2, 6, 1, 1, 1, 1, 1.810194, 0.373755
12, 399, 4, 0, 1, 1, -1, 0, 2.301608, 0.565970
12, 400, 5, 6, 1, 1, -1, -1, 1.434216, 0.351986
12, 401, 6, 6, 1, 1, 1, -1, 2.876433, 1.809123
12, 402, 1, 1, 1, 1, -1, -1, 3.168594, 0.788897
12, 403, 1, 0, 1, 1, -1, 0, 1.283126, 0.665692
12, 404, 4, 1, 1, 1, -1, -1, 1.618712, 0.359410
12, 405, 2, 5, 1, 1, -1, 1, 1.466466, 0.717372
12, 406, 4, 0, 1, 1, -1, 0, 1.492960, 0.917084
12, 407, 3, 4, 1, 1, -1, -1, 2.897522, 1.069861
12, 408, 2, 0, 1, 1, 1, 0, 1.297559, 0.682687
12, 409, 3, 1, 1, 1, 1, 1, 1.721656, 0.702513
12, 410, 2, 5, 1, 1, 1, -1, 2.823707, 0.864614
12, 411, 6, 5, 1, 1, -1, -1, 1.744140, 0.722777
12, 412, 6, 5, 1, 1, 1, -1, 0.925553, 0.741315
12, 413, 2, 2, 1, 1, 1, -1, 1.178546, 0.612599
12, 414, 3, 0, 1, 1, -1, 0, 1.256030, 0.695430
12, 415, 4, 6, 1, 1, -1, 1, 1.041209, 0.861422
12, 416, 6, 3, 1, 1, -1, -1, 1.569840, 0.716090
12, 417, 4, 3, 1, 1, -1, -1, 0.819353, 0.938316
12, 418, 1, 3, 1, 1, -1, 1, 1.132279, 0.964009
12, 419, 5, 0, 1, 1, 1, 0, 1.047409, 0.795134
12, 420, 3, 0, 1, 1, 1, 0, 0.963405, 0.572638
12, 421, 1, 0, 1, 1, 1, 0, 1.127826, 0.680520
12, 422, 2, 6, 1, 1, -1, -1, 1.430668, 0.478873
12, 423, 1, 0, 1, 1, 1, 0, 1.604869, 0.857687
12, 424, 6, 0, 1, 1, -1, 0, 2.226251, 0.654132
12, 425, 3, 3, 1, 1, 1, -1, 0.947475, 0.764251
12, 426, 1, 0, 1, 1, -1, 0, 1.108902, 0.605837
12, 427, 1, 6, 1, 1, -1, -1, 1.276271, 1.004718
12, 428, 6, 0, 1, 1, 1, 0, 1.088101, 0.854754
12, 429, 1, 4, 1, 1, 1, -1, 1.862239, 0.690374
12, 430, 5, 0, 1, 1, -1, 0, 1.399463, 1.022691
12, 431, 3, 2, 1, 1, 1, -1, 1.017982, 0.376685
12, 432, 4, 0, 1, 1, 1, 0, 1.850547, 1.061749
12, 433, 1, 3, 1, 1, -1, -1, 0.983887, 0.576834
12, 434, 6, 6, 1, 1, 1, 1, 3.537172, 0.832485
12, 435, 2, 3, 1, 1, 1, 1, 1.476351, 0.756352
12, 436, 5, 4, 1, 1, 1, -1, 1.221244, 0.779143
12, 437, 4, 4, 1, 1, 1, -1, 2.088710, 1.153594
12, 438, 4, 0, 1, 1, 1, 0, 1.166337, 0.186683
12, 439, 2, 1, 1, 1, 1, 1, 1.268245, 0.711734
12, 440, 5, 0, 1, 1, -1, 0, 4.434120, 0.672935
12, 441, 4, 0, 1, 1, 1, 0, 1.601603, 0.723260
12, 442, 1, 5, 1, 1, -1, -1, 2.922641, 0.829573
12, 443, 4, 5, 1, 1, 1, -1, 1.675799, 1.000911
12, 444, 2, 5, 1, 1, 1, 1, 4.224957, 1.103603
12, 445, 2, 3, 1, 1, 1, -1, 0.956057, 0.874491
12, 446, 4, 5, 1, 1, -1, 1, 2.108881, 0.959354
12, 447, 5, 0, 1, 1, -1, 0, 1.137578, 0.644583
12, 448, 1, 0, 1, 1, 1, 0, 0.989047, 0.924170
12, 449, 1, 4, 1, 1, -1, -1, 1.942394, 0.776747
12, 450, 5, 3, 1, 1, 1, -1, 1.416039, 1.038516
12, 451, 3, 0, 1, 1, -1, 0, 1.486617, 0.882212
12, 452, 3, 6, 1, 1, 1, -1, 0.992659, 0.492074
12, 453, 2, 0, 1, 1, 1, 0, 1.237434, 0.938482
12, 454, 4, 1, 1, 1, 1, -1, 0.981141, 1.265840
12, 455, 3, 5, 1, 1, -1, 1, 0.927080, 0.678486
12, 456, 5, 0, 1, 1, 1, 0, 1.039339, 0.802433
12, 457, 6, 0, 1, 1, 1, 0, 0.912824, 0.804853
12, 458, 3, 5, 1, 1, -1, -1, 0.898966, 0.453442
12, 459, 3, 0, 1, 1, -1, 0, 1.054135, 0.457282
12, 460, 3, 0, 1, 1, 1, 0, 0.901474, 1.105682
12, 461, 5, 0, 1, 1, 1, 0, 1.009733, 1.219284
12, 462, 5, 4, 1, 1, -1, 1, 1.041812, 0.762434
12, 463, 6, 6, 1, 1, -1, 1, 0.925195, 0.717983
12, 464, 5, 0, 1, 1, -1, 0, 1.157593, 0.694208
12, 465, 4, 1, 1, 1, -1, 1, 0.911105, 0.506456
12, 466, 3, 0, 1, 1, 1, 0, 2.669298, 0.827279
12, 467, 4, 2, 1, 1, 1, 1, 1.064054, 0.831381
12, 468, 4, 0, 1, 1, 1, 0, 1.024111, 0.752139
12, 469, 4, 0, 1, 1, -1, 0, 1.415848, 0.358467
12, 470, 2, 0, 1, 1, -1, 0, 0.971091, 0.565117
12, 471, 5, 0, 1, 1, 1, 0, 0.971308, 0.697535
12, 472, 1, 0, 1, 1, 1, 0, 3.481504, 0.869515
12, 473, 3, 6, 1, 1, 1, 1, 3.947495, 0.957463
12, 474, 4, 0, 1, 1, 1, 0, 1.046871, 0.836483
12, 475, 1, 5, 1, -1, 1, -1, 2.125926, 0.511714
12, 476, 5, 6, 1, 1, 1, 1, 3.767540, 0.955433
12, 477, 1, 4, 1, 1, 1, 1, 3.365262, 0.867057
12, 478, 5, 2, 1, 1, -1, -1, 4.550776, 0.916542
12, 479, 2, 0, 1, 1, 1, 0, 0.925025, 0.591193
12, 480, 1, 5, 1, 1, -1, -1, 2.405736, 0.850315
12, 481, 1, 6, 1, 1, 1, -1, 1.510055, 0.712517
12, 482, 2, 0, 1, 1, -1, 0, 1.002907, 0.821929
12, 483, 5, 0, 1, 1, -1, 0, 0.992427, 0.844100
12, 484, 2, 0, 1, 1, 1, 0, 1.069159, 0.811838
12, 485, 2, 4, 1, 1, -1, 1, 0.876312, 0.880043
12, 486, 4, 4, 1, -1, -1, 1, 1.366837, 0.835517
12, 487, 6, 6, 1, 1, 1, -1, 1.574635, 0.947080
12, 488, 4, 0, 1, 1, -1, 0, 2.086267, 1.006236
12, 489, 1, 4, 1, 1, -1, 1, 1.638971, 0.849887
12, 490, 1, 0, 1, 1, 1, 0, 1.093848, 1.059257
12, 491, 2, 4, 1, 1, -1, -1, 1.666612, 0.837127
12, 492, 6, 4, 1, 1, -1, 1, 0.976140, 0.717049
12, 493, 5, 2, 1, 1, 1, -1, 1.779384, 0.929904
12, 494, 6, 2, 1, 1, 1, 1, 1.207361, 0.702072
12, 495, 1, 0, 1, 1, -1, 0, 2.173262, 0.842745
12, 496, 2, 0, 1, 1, -1, 0, 1.120633, 0.798432
12, 497, 6, 1, 1, 1, -1, 1, 1.945905, 1.196307
12, 498, 4, 0, 1, 1, 1, 0, 0.919356, 0.924099
12, 499, 2, 1, 1, 1, -1, -1, 1.097687, 0.732855
12, 500, 4, 0, 1, 1, -1, 0, 0.954186, 1.207042
12, 501, 1, 0, 1, 1, -1, 0, 1.065931, 0.957443
12, 502, 6, 0, 1, 1, -1, 0, 1.147402, 0.966464
12, 503, 4, 0, 1, 1, 1, 0, 1.312533, 1.077679
12, 504, 2, 0, 1, 1, -1, 0, 0.993674, 0.970936
12, 505, 6, 3, 1, 1, 1, 1, 4.664409, 0.956995
12, 506, 3, 3, 1, 1, -1, 1, 0.990730, 0.745807
12, 507, 6, 0, 1, 1, -1, 0, 0.809762, 0.588783
12, 508, 6, 0, 1, 1, -1, 0, 0.650503, 0.771224
12, 509, 2, 1, 1, 1, -1, -1, 1.825410, 0.825125
12, 510, 2, 0, 1, 1, 1, 0, 0.789221, 0.954350
12, 511, 3, 0, 1, 1, -1, 0, 1.468118, 0.873619
12, 512, 3, 2, 1, 1, 1, 1, 0.937127, 0.853664
12, 513, 1, 1, 1, -1, 1, 1, 2.034577, 0.804341
12, 514, 3, 2, 1, -1, -1, -1, 2.730033, 0.947632
12, 515, 4, 0, 1, 1, 1, 0, 0.908819, 1.089217
12, 516, 6, 0, 1, 1, -1, 0, 0.976025, 1.008491
12, 517, 2, 1, 1, 1, 1, -1, 1.340625, 0.903862
12, 518, 6, 2, 1, 1, -1, -1, 2.701525, 0.848522
12, 519, 3, 6, 1, 1, -1, 1, 1.209478, 0.671038
12, 520, 3, 6, 1, 1, -1, 1, 1.048673, 1.005630
12, 521, 2, 1, 1, 1, 1, 1, 1.317631, 0.953188
12, 522, 6, 5, 1, 1, -1, 1, 1.913342, 1.049312
12, 523, 4, 0, 1, 1, -1, 0, 1.393688, 1.058605
12, 524, 1, 0, 1, 1, 1, 0, 1.058168, 0.823778
12, 525, 3, 0, 1, 1, -1, 0, 0.878489, 0.949449
12, 526, 3, 4, 1, 1, -1, 1, 1.563999, 0.850097
12, 527, 4, 0, 1, 1, 1, 0, 1.013262, 1.287784
12, 528, 2, 0, 1, 1, -1, 0, 0.883234, 1.067522
12, 529, 1, 1, 1, 1, -1, -1, 1.731725, 0.790751
12, 530, 1, 0, 1, 1, 1, 0, 1.461992, 0.804735
12, 531, 5, 6, 1, 1, -1, -1, 1.349284, 0.643172
12, 532, 6, 0, 1, 1, 1, 0, 1.414103, 0.994541
12, 533, 4, 0, 1, 1, 1, 0, 1.048172, 0.806496
12, 534, 5, 0, 1, 1, -1, 0, 1.805941, 0.797564
12, 535, 6, 0, 1, 1, -1, 0, 1.362575, 1.381086
12, 536, 3, 2, 1, 1, -1, -1, 1.207114, 1.581921
12, 537, 6, 1, 1, 1, 1, 1, 1.038946, 0.943377
12, 538, 1, 0, 1, 1, 1, 0, 1.014719, 0.829813
12, 539, 1, 2, 1, 1, -1, 1, 1.089000, 0.809793
12, 540, 1, 4, 1, 1, 1, -1, 1.273660, 0.970315
12, 541, 5, 1, 1, 1, -1, 1, 1.212408, 0.951228
12, 542, 1, 5, 1, 1, -1, 1, 2.524884, 0.843035
12, 543, 2, 5, 1, 1, 1, -1, 0.917331, 0.794929
12, 544, 2, 0, 1, 1, 1, 0, 0.888248, 0.729680
12, 545, 1, 0, 1, 1, -1, 0, 0.883078, 0.798362
12, 546, 5, 0, 1, 1, 1, 0, 0.711586, 0.665545
12, 547, 2, 3, 1, 1, -1, 1, 1.148758, 0.703641
12, 548, 5, 2, 1, 1, -1, 1, 1.771290, 0.895615
12, 549, 6, 1, 1, 1, -1, -1, 1.330910, 1.015269
12, 550, 3, 6, 1, 1, 1, -1, 1.234470, 0.836360
12, 551, 5, 0, 1, 1, -1, 0, 1.961242, 1.322047
12, 552, 2, 4, 1, 1, 1, -1, 1.024811, 0.856557
12, 553, 3, 6, 1, 1, 1, 1, 1.698576, 1.155504
12, 554, 2, 2, 1, 1, 1, 1, 0.812099, 0.774146
12, 555, 3, 0, 1, 1, -1, 0, 1.083195, 0.611370
12, 556, 1, 3, 1, 1, 1, 1, 0.903598, 0.699434
12, 557, 2, 1, 1, 1, -1, 1, 1.059423, 0.478417
12, 558, 4, 2, 1, 1, 1, 1, 2.144023, 0.978138
12, 559, 2, 0, 1, 1, -1, 0, 0.704566, 0.744730
12, 560, 6, 3, 1, 1, -1, 1, 0.808107, 0.682334
12, 561, 3, 2, 1, 1, 1, -1, 0.864436, 0.684551
12, 562, 2, 0, 1, 1, 1, 0, 1.316055, 0.851554
12, 563, 3, 1, 1, 1, 1, -1, 0.885481, 0.728317
12, 564, 6, 0, 1, 1, 1, 0, 2.292346, 0.693331
12, 565, 3, 4, 1, 1, 1, 1, 0.971647, 0.685072
12, 566, 1, 0, 1, 1, -1, 0, 0.898533, 0.680477
12, 567, 5, 4, 1, 1, 1, -1, 1.376286, 0.784075
12, 568, 4, 2, 1, 1, 1, -1, 2.041325, 1.068404
12, 569, 2, 0, 1, 1, 1, 0, 0.890254, 0.691925
12, 570, 3, 1, 1, 1, 1, 1, 0.900887, 0.720923
12, 571, 4, 5, 1, 1, 1, 1, 1.089781, 0.864428
12, 572, 4, 0, 1, 1, 1, 0, 0.745207, 0.809967
12, 573, 4, 0, 1, 1, -1, 0, 0.860362, 0.598509
12, 574, 1, 6, 1, 1, -1, 1, 1.720436, 0.809167
12, 575, 5, 1, 1, 1, 1, -1, 1.803926, 0.730556
12, 576, 4, 0, 1, 1, -1, 0, 0.763320, 0.719210
