observer, trial, targLoc, distLoc, targDiscrim, thoughtNoAttCap, tc, dc, RT, TrialTypeRT
2, 2, 3, 3, 1, 1, 1, -1, 1.070351, 3.259358
2, 3, 4, 0, 1, 1, -1, 0, 0.606397, 1.794368
2, 4, 5, 6, 1, -1, 1, -1, 1.324790, 2.036593
2, 5, 4, 3, 0, 3, 1, -1, 0.637614, 0.000000
2, 7, 5, 1, 1, 1, -1, 1, 0.937190, 1.729530
2, 8, 1, 0, 1, 1, -1, 0, 0.572947, 1.293372
2, 9, 3, 0, 1, 1, -1, 0, 0.524798, 1.149699
2, 10, 1, 5, 1, 1, 1, 1, 0.606280, 1.241684
2, 11, 4, 0, 1, 1, -1, 0, 0.507183, 1.376867
2, 12, 4, 4, 1, -1, 1, -1, 0.650947, 0.790773
2, 14, 1, 0, 1, 1, 1, 0, 0.677541, 1.280796
2, 15, 5, 2, 1, -1, 1, 1, 0.739277, 1.958995
2, 16, 6, 0, 1, 1, -1, 0, 0.657383, 2.601510
2, 17, 2, 0, 1, 1, 1, 0, 0.546457, 0.946227
2, 18, 1, 2, 1, 1, 1, -1, 0.845353, 1.684375
2, 19, 1, 0, 1, 1, 1, 0, 0.691503, 0.878044
2, 20, 1, 1, 1, 1, -1, 1, 0.810852, 0.875743
2, 21, 5, 0, 1, 1, -1, 0, 0.605589, 1.129216
2, 22, 2, 2, 1, 1, -1, 1, 0.989455, 1.214489
2, 23, 3, 0, 1, 1, 1, 0, 0.678143, 1.553489
2, 24, 1, 3, 1, -1, -1, -1, 0.824552, 1.054131
2, 25, 3, 3, 1, -1, 1, 1, 0.757857, 0.551414
2, 26, 2, 0, 1, 1, 1, 0, 0.677686, 0.844277
2, 27, 1, 2, 0, -1, 1, -1, 0.769966, 2.300005
2, 28, 6, 2, 1, -1, 1, 1, 1.301464, 1.060871
2, 29, 6, 1, 1, 1, -1, 1, 0.800071, 1.425635
2, 30, 6, 0, 1, 1, 1, 0, 1.010533, 1.500492
2, 31, 1, 5, 1, 1, 1, -1, 0.787914, 0.818389
2, 32, 2, 1, 1, 1, 1, -1, 1.028384, 1.256567
2, 34, 4, 2, 1, 1, 1, 1, 0.949928, 1.790987
2, 35, 2, 4, 1, 1, -1, -1, 0.793088, 1.303997
2, 36, 2, 4, 1, 1, 1, 1, 0.763642, 1.333683
2, 37, 1, 6, 1, 1, 1, -1, 0.771901, 1.002794
2, 38, 4, 0, 1, 1, 1, 0, 0.812290, 1.297729
2, 39, 5, 4, 1, 1, 1, 1, 0.751854, 1.013855
2, 40, 4, 5, 1, 1, 1, 1, 0.692109, 0.945974
2, 41, 1, 5, 1, 1, -1, -1, 0.750383, 1.230099
2, 42, 6, 5, 1, -1, -1, -1, 0.830644, 0.556347
2, 43, 4, 0, 1, 1, -1, 0, 0.817904, 1.127269
2, 44, 2, 2, 1, 1, 1, 1, 0.738569, 1.066405
2, 45, 5, 0, 1, 1, 1, 0, 0.685196, 1.095314
2, 46, 5, 0, 1, 1, -1, 0, 0.537807, 0.768851
2, 47, 4, 4, 1, 1, -1, -1, 0.653231, 0.876614
2, 48, 1, 1, 1, 1, 1, -1, 0.970479, 0.912014
2, 49, 5, 1, 1, 1, -1, -1, 0.808904, 1.433583
2, 50, 5, 6, 0, -1, 1, -1, 0.689936, 2.794233
2, 51, 4, 0, 1, 1, -1, 0, 0.689077, 1.117517
2, 53, 2, 0, 1, 1, 1, 0, 0.694580, 4.933947
2, 54, 3, 0, 1, 1, -1, 0, 0.891076, 1.449435
2, 55, 2, 6, 1, -1, 1, 1, 0.934010, 0.801763
2, 56, 4, 3, 1, 1, 1, 1, 1.122489, 4.336165
2, 58, 6, 3, 1, -1, -1, 1, 1.428110, 1.448400
2, 59, 5, 0, 1, 1, -1, 0, 0.777924, 3.413081
2, 60, 4, 6, 1, 1, -1, -1, 0.845280, 6.621515
2, 61, 4, 6, 1, 1, 1, -1, 0.836586, 1.483571
2, 62, 3, 1, 1, 1, -1, -1, 1.116402, 1.162411
2, 63, 3, 0, 1, 3, 1, 0, 0.717858, 1.708555
2, 64, 1, 4, 1, 1, -1, -1, 0.982146, 1.522525
2, 65, 5, 0, 1, -1, -1, 0, 0.624958, 1.165378
2, 66, 2, 0, 1, -1, -1, 0, 0.610670, 1.449713
2, 67, 5, 2, 1, -1, 1, 1, 1.141332, 1.759973
2, 68, 3, 5, 1, -1, -1, -1, 0.777768, 1.065262
2, 69, 4, 0, 1, 1, -1, 0, 0.689910, 0.477539
2, 70, 2, 2, 1, -1, 1, 1, 1.111195, 0.400619
2, 71, 3, 0, 1, 1, 1, 0, 0.838152, 2.298400
2, 73, 3, 0, 1, -1, -1, 0, 0.837064, 1.069499
2, 75, 2, 0, 1, 1, 1, 0, 0.842754, 1.143157
2, 76, 4, 5, 1, 1, -1, -1, 0.750150, 1.281014
2, 77, 3, 0, 1, 1, -1, 0, 0.717445, 0.984536
2, 78, 2, 6, 1, 1, -1, -1, 1.034350, 1.872537
2, 79, 2, 0, 1, 1, -1, 0, 0.694557, 1.466725
2, 80, 6, 0, 1, 1, -1, 0, 0.805412, 3.685562
2, 81, 5, 0, 1, 1, -1, 0, 0.618892, 5.917012
2, 82, 3, 6, 1, 1, 1, -1, 0.936220, 1.011126
2, 83, 3, 0, 1, 1, 1, 0, 0.539083, 1.215517
2, 84, 6, 4, 1, -1, -1, 1, 1.006208, 0.555502
2, 85, 3, 0, 1, 1, -1, 0, 0.649389, 1.161628
2, 86, 4, 0, 1, 1, 1, 0, 0.867415, 1.001066
2, 87, 3, 0, 1, -1, 1, 0, 0.652719, 1.291419
2, 88, 1, 0, 1, -1, 1, 0, 0.493033, 1.002355
2, 89, 1, 0, 1, 1, -1, 0, 0.609860, 1.215848
2, 91, 6, 0, 1, 1, 1, 0, 0.847306, 1.051941
2, 92, 3, 0, 1, 1, -1, 0, 0.755235, 1.143916
2, 93, 4, 0, 1, 1, 1, 0, 0.658877, 3.377059
2, 94, 5, 0, 1, 1, -1, 0, 0.644100, 0.995467
2, 95, 4, 0, 1, 1, -1, 0, 0.577953, 0.511358
2, 96, 4, 4, 1, 1, -1, 1, 0.712961, 0.814891
2, 97, 3, 0, 1, 1, -1, 0, 0.810821, 0.631239
2, 98, 5, 3, 1, -1, -1, -1, 0.590939, 0.843226
2, 99, 5, 3, 1, 1, -1, -1, 0.531824, 0.887678
2, 100, 2, 0, 1, 1, 1, 0, 0.549123, 0.798080
2, 101, 4, 4, 1, -1, 1, -1, 1.130406, 0.407371
2, 102, 5, 0, 1, 1, 1, 0, 0.729744, 1.490260
2, 103, 5, 0, 1, 1, -1, 0, 0.700975, 0.927643
2, 104, 5, 4, 1, 1, -1, 1, 0.790142, 0.684671
2, 105, 2, 0, 1, 1, -1, 0, 0.632774, 1.533481
2, 106, 2, 0, 1, 1, 1, 0, 0.658310, 0.870059
2, 107, 1, 3, 1, 1, -1, -1, 0.790999, 0.750636
2, 108, 2, 0, 1, 1, 1, 0, 0.671438, 1.250753
2, 109, 4, 2, 1, 1, -1, -1, 0.677604, 0.679600
2, 110, 4, 1, 1, -1, -1, -1, 0.752735, 0.509932
2, 111, 5, 0, 0, -1, 1, 0, 0.565595, 1.284607
2, 112, 3, 2, 1, -1, 1, 1, 1.121660, 1.121277
2, 113, 4, 1, 1, -1, 1, 1, 0.658294, 0.908667
2, 114, 6, 4, 1, -1, 1, -1, 0.970644, 0.586089
2, 115, 1, 1, 1, 1, 1, 1, 0.666975, 0.635793
2, 116, 1, 0, 1, 1, -1, 0, 0.560304, 0.658253
2, 117, 5, 0, 1, 1, 1, 0, 0.786858, 0.650167
2, 118, 2, 6, 1, 1, 1, -1, 0.718232, 0.735549
2, 119, 2, 0, 1, 1, 1, 0, 0.512312, 0.837166
2, 120, 6, 5, 1, 1, 1, -1, 1.030114, 1.560655
2, 121, 5, 0, 1, 1, 1, 0, 0.680277, 0.678124
2, 122, 2, 5, 1, -1, -1, 1, 1.116857, 0.623130
2, 123, 6, 0, 1, 1, -1, 0, 0.626885, 0.743899
2, 124, 6, 6, 1, 1, -1, 1, 0.784297, 1.479039
2, 125, 5, 5, 1, 1, 1, -1, 0.921480, 1.096334
2, 126, 2, 4, 1, 1, -1, 1, 0.821773, 0.551206
2, 127, 4, 0, 1, 1, -1, 0, 0.478167, 0.869535
2, 128, 3, 0, 1, 1, 1, 0, 0.812248, 0.558160
2, 129, 3, 5, 1, 1, -1, 1, 0.552734, 0.834813
2, 130, 1, 6, 0, -1, -1, -1, 0.765988, 1.815516
2, 131, 1, 0, 1, 1, 1, 0, 0.705271, 1.656409
2, 132, 3, 0, 1, 1, 1, 0, 0.770936, 0.855303
2, 133, 2, 0, 1, 1, -1, 0, 0.665194, 1.143045
2, 134, 1, 0, 1, 1, 1, 0, 0.684624, 0.765194
2, 135, 6, 0, 1, 1, -1, 0, 0.564878, 0.671624
2, 136, 6, 2, 1, -1, -1, 1, 0.849770, 0.804667
2, 137, 2, 0, 1, -1, -1, 0, 0.619392, 1.647695
2, 138, 6, 6, 0, -1, -1, -1, 0.657836, 2.037456
2, 139, 2, 1, 1, 1, -1, -1, 0.644759, 1.456918
2, 140, 3, 0, 1, 1, -1, 0, 0.572643, 1.114385
2, 141, 3, 5, 1, -1, -1, -1, 0.711175, 0.593571
2, 142, 1, 0, 1, -1, -1, 0, 0.617663, 1.418215
2, 143, 5, 0, 1, 1, -1, 0, 0.453634, 0.754609
2, 144, 3, 2, 1, -1, -1, -1, 0.984963, 0.484760
2, 145, 5, 3, 0, 3, 1, 1, 0.562924, 0.770839
2, 146, 3, 4, 1, 1, 1, 1, 0.836962, 0.809492
2, 147, 3, 5, 1, -1, -1, 1, 0.664156, 2.346183
2, 148, 2, 3, 1, 1, 1, 1, 0.750895, 1.015481
2, 149, 4, 0, 1, 1, 1, 0, 0.665843, 0.803041
2, 150, 4, 0, 1, 1, 1, 0, 0.570911, 0.779356
2, 151, 3, 0, 1, 1, -1, 0, 0.652153, 1.173344
2, 152, 1, 0, 1, 1, -1, 0, 0.609335, 1.124193
2, 153, 1, 2, 1, -1, 1, 1, 0.930903, 0.474588
2, 154, 4, 0, 1, 1, -1, 0, 0.664408, 1.221994
2, 155, 3, 4, 1, -1, -1, 1, 0.830911, 0.712071
2, 156, 6, 3, 1, 1, 1, -1, 0.783120, 1.110139
2, 157, 3, 0, 1, 1, -1, 0, 0.625616, 0.619387
2, 159, 1, 2, 1, 1, -1, 1, 0.860271, 1.156050
2, 160, 5, 0, 1, 1, -1, 0, 0.564489, 0.880577
2, 161, 5, 6, 0, -1, -1, -1, 0.272964, 1.809996
2, 162, 5, 1, 0, -1, 1, 1, 0.670021, 1.142555
2, 163, 5, 0, 1, 1, 1, 0, 0.657605, 0.699949
2, 164, 5, 6, 1, 1, -1, 1, 0.823417, 2.497057
2, 166, 2, 6, 1, -1, 1, 1, 0.883179, 1.113440
2, 167, 3, 6, 1, 1, -1, 1, 0.684827, 1.070016
2, 168, 2, 2, 1, 1, 1, -1, 0.597993, 1.000497
2, 169, 3, 3, 1, 1, -1, -1, 0.798738, 0.827289
2, 170, 5, 0, 1, 1, 1, 0, 0.769416, 0.834585
2, 171, 6, 0, 1, 1, 1, 0, 0.586880, 0.730697
2, 172, 5, 3, 1, 1, -1, 1, 0.765634, 0.604101
2, 173, 6, 5, 1, -1, 1, -1, 0.801700, 0.639107
2, 174, 4, 0, 1, 1, -1, 0, 0.564699, 0.703054
2, 175, 1, 3, 1, -1, 1, 1, 0.610908, 0.803200
2, 176, 3, 1, 1, 1, -1, 1, 0.891137, 0.608757
2, 177, 4, 3, 1, 1, -1, 1, 0.587315, 0.470131
2, 178, 6, 3, 1, -1, -1, -1, 0.632263, 0.451194
2, 179, 5, 5, 1, 1, -1, -1, 0.659003, 0.943731
2, 180, 2, 0, 1, 1, -1, 0, 0.611791, 0.492280
2, 182, 1, 0, 1, 1, -1, 0, 0.817149, 0.823723
2, 183, 2, 0, 1, 1, -1, 0, 0.571381, 0.426590
2, 184, 3, 4, 1, 1, -1, -1, 0.709206, 0.805234
2, 185, 5, 5, 0, -1, 1, 1, 0.606709, 0.888731
2, 186, 2, 1, 1, 1, -1, 1, 0.790132, 0.496199
2, 187, 4, 0, 1, 1, 1, 0, 0.598595, 0.439524
2, 188, 5, 1, 1, 1, -1, 1, 0.771621, 0.555299
2, 189, 6, 4, 1, 1, -1, -1, 0.696524, 0.458832
2, 190, 5, 0, 1, 1, 1, 0, 0.445029, 0.677568
2, 191, 6, 6, 1, 1, 1, 1, 0.591277, 0.546813
2, 192, 6, 0, 1, 1, -1, 0, 0.554176, 0.517238
2, 193, 6, 0, 1, 1, 1, 0, 0.459320, 0.473009
2, 194, 2, 3, 0, -1, -1, 1, 0.552500, 1.436159
2, 195, 2, 5, 1, 1, -1, 1, 0.544070, 0.451524
2, 196, 1, 0, 1, 1, 1, 0, 0.567494, 0.412498
2, 197, 2, 0, 1, 1, -1, 0, 0.498406, 0.327622
2, 198, 4, 0, 1, 1, 1, 0, 0.718537, 0.285252
2, 199, 1, 0, 1, 1, -1, 0, 0.592029, 0.457787
2, 200, 6, 0, 1, 1, -1, 0, 0.459379, 0.306005
2, 201, 3, 0, 1, 1, 1, 0, 0.653928, 0.344887
2, 202, 2, 0, 1, 1, 1, 0, 0.639774, 0.324849
2, 203, 4, 0, 1, 1, -1, 0, 0.446289, 0.198608
2, 204, 4, 2, 1, 1, 1, 1, 0.772386, 0.298196
2, 205, 4, 0, 1, 1, 1, 0, 0.543334, 0.199820
2, 206, 4, 0, 1, 1, -1, 0, 0.603430, 0.197915
2, 207, 6, 4, 1, -1, 1, -1, 1.183813, 0.331301
2, 208, 1, 0, 1, 1, -1, 0, 0.525909, 0.312443
2, 209, 3, 0, 1, 1, 1, 0, 0.697309, 0.310774
2, 210, 4, 3, 1, 1, -1, -1, 0.600282, 0.299204
2, 211, 2, 0, 1, 1, -1, 0, 0.642811, 0.320781
2, 212, 1, 0, 1, 1, 1, 0, 0.650467, 0.418786
2, 213, 6, 1, 1, 1, 1, 1, 0.710917, 0.292415
2, 214, 1, 3, 1, 1, 1, -1, 0.760119, 0.350870
2, 215, 4, 0, 1, 1, 1, 0, 0.652868, 0.292165
2, 216, 6, 0, 1, 1, -1, 0, 0.604551, 0.372712
2, 217, 6, 1, 1, 1, 1, -1, 0.692605, 0.411374
2, 218, 5, 0, 1, 1, 1, 0, 0.606207, 0.318158
2, 219, 1, 5, 1, 1, 1, -1, 0.718018, 0.312465
2, 220, 3, 0, 1, 1, 1, 0, 0.590967, 0.299788
2, 221, 2, 0, 1, 1, 1, 0, 0.571104, 0.251915
2, 222, 5, 3, 1, 1, -1, 1, 0.591061, 0.297734
2, 223, 2, 2, 1, 1, 1, -1, 0.623608, 0.239433
2, 224, 2, 0, 1, 1, 1, 0, 0.553332, 0.259427
2, 225, 2, 0, 1, 1, -1, 0, 0.553238, 0.311889
2, 226, 3, 0, 1, 1, 1, 0, 0.671013, 0.264317
2, 227, 1, 0, 1, 1, -1, 0, 0.506918, 0.291790
2, 228, 3, 0, 1, 1, -1, 0, 0.519138, 0.293695
2, 229, 5, 0, 1, 1, -1, 0, 0.550526, 0.285778
2, 230, 6, 0, 1, 1, 1, 0, 0.672553, 0.316935
2, 231, 1, 0, 1, 1, -1, 0, 0.541349, 0.299225
2, 232, 3, 6, 1, 1, 1, 1, 0.657250, 0.245636
2, 233, 2, 5, 1, 1, -1, -1, 0.597423, 0.300674
2, 234, 5, 5, 1, 1, -1, 1, 0.698106, 0.318187
2, 235, 1, 6, 1, 1, -1, 1, 0.567295, 0.310638
2, 236, 6, 0, 1, 1, 1, 0, 0.651748, 0.360024
2, 237, 5, 0, 1, 1, 1, 0, 0.637881, 0.226475
2, 238, 2, 0, 1, 1, 1, 0, 0.565828, 0.305421
2, 239, 4, 0, 1, 1, -1, 0, 0.538850, 0.387307
2, 240, 1, 3, 1, 1, 1, 1, 0.552272, 0.304579
2, 241, 5, 1, 1, 1, 1, 1, 0.562583, 0.279739
2, 242, 1, 0, 1, 1, -1, 0, 0.511259, 0.404376
2, 243, 4, 0, 1, 1, 1, 0, 0.565344, 0.278975
2, 244, 2, 2, 1, 1, -1, -1, 0.632441, 0.551130
2, 245, 5, 0, 1, 1, 1, 0, 0.544686, 0.272060
2, 246, 2, 0, 1, 1, -1, 0, 0.513314, 0.287246
2, 247, 2, 6, 1, 1, -1, 1, 0.664340, 0.346536
2, 248, 6, 0, 1, 1, 1, 0, 0.832115, 0.457580
2, 249, 4, 0, 1, 1, -1, 0, 0.564917, 0.729765
2, 250, 1, 0, 1, 1, 1, 0, 0.526095, 0.258784
2, 251, 2, 0, 1, 1, -1, 0, 0.459948, 1.180263
2, 252, 1, 1, 1, 1, -1, -1, 0.625679, 0.503196
2, 253, 3, 0, 1, 1, 1, 0, 0.616533, 0.546024
2, 254, 4, 6, 1, 1, -1, -1, 0.633005, 0.339053
2, 255, 4, 4, 1, 1, 1, 1, 0.942681, 0.544008
2, 256, 2, 5, 1, 1, 1, 1, 0.585255, 0.331469
2, 257, 1, 3, 1, 1, -1, 1, 0.644331, 0.346997
2, 258, 4, 2, 1, 1, -1, -1, 0.546218, 0.411247
2, 259, 2, 0, 1, 1, 1, 0, 0.638516, 0.384015
2, 260, 2, 3, 1, 1, 1, -1, 0.571884, 0.346719
2, 261, 1, 5, 1, 1, -1, -1, 0.606697, 0.292505
2, 262, 3, 0, 1, 1, 1, 0, 0.590297, 0.366800
2, 263, 4, 0, 1, 1, 1, 0, 0.571122, 0.292093
2, 264, 1, 0, 1, 1, 1, 0, 0.558719, 0.272062
2, 266, 1, 4, 1, 1, 1, 1, 0.757954, 0.278471
2, 267, 4, 5, 1, 1, 1, 1, 0.657200, 0.226196
2, 268, 6, 4, 1, 1, 1, 1, 0.676145, 0.330526
2, 269, 4, 1, 1, 1, 1, -1, 0.869768, 0.253635
2, 270, 3, 0, 1, 1, 1, 0, 0.614685, 0.310510
2, 271, 6, 0, 1, 1, -1, 0, 0.584667, 0.343397
2, 272, 6, 1, 1, 1, -1, -1, 0.616669, 0.345560
2, 273, 2, 0, 1, 1, -1, 0, 0.546514, 0.326635
2, 274, 5, 0, 1, 1, 1, 0, 0.616866, 0.240432
2, 275, 2, 5, 1, 1, 1, -1, 0.731994, 0.311680
2, 276, 6, 0, 1, 1, 1, 0, 0.565271, 0.285543
2, 277, 3, 1, 1, 1, 1, -1, 0.564394, 0.389610
2, 278, 3, 0, 1, 1, 1, 0, 0.506359, 0.305790
2, 279, 4, 4, 1, 1, -1, -1, 0.631324, 0.280549
2, 280, 4, 0, 1, 3, -1, 0, 0.498113, 0.000000
2, 281, 3, 0, 1, 1, -1, 0, 0.565549, 0.307933
2, 283, 5, 0, 1, 1, 1, 0, 0.652281, 0.264409
2, 284, 3, 1, 1, 1, 1, 1, 0.654349, 0.279508
2, 285, 6, 0, 1, 1, -1, 0, 0.532103, 0.287478
2, 286, 3, 0, 1, 1, -1, 0, 0.511796, 0.285965
2, 287, 5, 0, 1, 1, -1, 0, 0.454036, 0.266689
2, 288, 3, 2, 1, 1, -1, -1, 0.551171, 0.284691
2, 289, 2, 0, 1, 1, 1, 0, 0.598651, 0.219130
2, 290, 5, 0, 1, 1, -1, 0, 0.444855, 0.258156
2, 292, 3, 4, 1, 1, 1, 1, 0.732361, 0.319110
2, 293, 6, 0, 1, 1, -1, 0, 0.591999, 0.306356
2, 294, 4, 6, 1, 1, -1, 1, 0.751297, 0.251609
2, 296, 6, 4, 1, 1, 1, 1, 0.613480, 0.298302
2, 297, 2, 0, 1, 1, 1, 0, 0.511206, 0.286672
2, 298, 4, 0, 1, 1, -1, 0, 0.472758, 0.286787
2, 299, 4, 2, 1, 1, -1, 1, 0.531937, 0.343310
2, 300, 4, 4, 1, 1, 1, 1, 0.753352, 0.245417
2, 302, 4, 0, 1, 1, 1, 0, 0.564603, 0.384394
2, 303, 5, 3, 1, 1, 1, -1, 0.757873, 0.311495
2, 304, 3, 5, 1, -1, 1, -1, 1.030485, 0.251908
2, 305, 3, 0, 1, 3, 1, 0, 0.684007, 0.409232
2, 306, 6, 5, 1, -1, 1, 1, 0.567733, 0.351424
2, 308, 3, 5, 1, -1, 1, 1, 0.787096, 0.347553
2, 309, 2, 3, 1, 1, 1, 1, 0.592368, 0.410728
2, 310, 5, 4, 1, 1, 1, -1, 0.629875, 0.651587
2, 311, 3, 0, 1, 1, -1, 0, 0.516445, 0.562425
2, 312, 3, 0, 1, 1, 1, 0, 0.504968, 0.402823
2, 313, 4, 4, 1, 1, -1, 1, 0.507170, 0.398891
2, 315, 5, 4, 1, -1, -1, -1, 0.572992, 1.538794
2, 316, 6, 0, 1, 1, 1, 0, 0.519002, 0.192971
2, 317, 6, 0, 1, 1, 1, 0, 0.530792, 0.218903
2, 318, 4, 0, 1, 1, 1, 0, 0.579022, 0.087717
2, 319, 3, 0, 0, 1, 1, 0, 0.545136, 0.845840
2, 320, 1, 0, 1, 1, 1, 0, 0.525545, 0.279833
2, 322, 1, 1, 1, 1, 1, -1, 1.126635, 0.662013
2, 323, 5, 0, 1, 1, -1, 0, 0.460037, 0.253814
2, 324, 3, 2, 1, 1, 1, 1, 0.752208, 0.279439
2, 325, 5, 0, 1, 1, 1, 0, 0.599403, 0.239755
2, 326, 4, 0, 1, 1, -1, 0, 0.578390, 0.193795
2, 327, 4, 1, 0, 1, -1, 1, 0.689106, 0.728370
2, 328, 4, 0, 1, 1, -1, 0, 0.572129, 0.114298
2, 329, 5, 2, 1, 1, 1, -1, 0.730496, 0.247332
2, 331, 3, 4, 1, 1, -1, 1, 0.865454, 0.478402
2, 332, 5, 0, 1, 1, 1, 0, 0.698906, 0.298620
2, 334, 2, 0, 1, 1, 1, 0, 0.591900, 0.998565
2, 335, 5, 0, 1, 1, -1, 0, 0.582194, 0.576253
2, 336, 6, 0, 1, 1, -1, 0, 0.604806, 0.385040
2, 337, 1, 0, 0, 1, 1, 0, 0.864295, 1.459916
2, 338, 2, 0, 1, 1, -1, 0, 0.582824, 0.419741
2, 340, 3, 6, 1, -1, 1, 1, 0.739959, 1.246451
2, 342, 5, 2, 1, 1, -1, -1, 0.638098, 1.579472
2, 343, 4, 0, 1, 1, -1, 0, 0.532573, 0.851321
2, 344, 6, 0, 0, -1, 1, 0, 0.909873, 0.863652
2, 345, 6, 5, 1, 1, -1, 1, 0.790712, 0.716320
2, 346, 2, 0, 1, 1, 1, 0, 0.937745, 0.495686
2, 347, 4, 3, 1, -1, 1, 1, 0.765401, 0.477353
2, 349, 4, 1, 1, -1, 1, -1, 0.818826, 0.456130
2, 351, 5, 2, 1, -1, -1, 1, 0.544312, 0.450464
2, 352, 3, 3, 1, 1, -1, 1, 0.831044, 0.550243
2, 353, 4, 3, 1, 1, 1, -1, 0.696880, 0.327014
2, 354, 6, 0, 1, 1, -1, 0, 0.630219, 0.313297
2, 355, 5, 0, 1, 1, 1, 0, 0.691334, 0.265973
2, 356, 4, 0, 0, 3, 1, 0, 0.757359, 0.272153
2, 357, 1, 3, 1, 1, -1, 1, 0.789763, 0.272744
2, 358, 4, 0, 1, 1, 1, 0, 0.656133, 0.463104
2, 360, 4, 5, 0, 3, -1, 1, 1.164155, 0.557469
2, 361, 5, 3, 1, 1, 1, -1, 0.858107, 0.397606
2, 362, 4, 0, 1, 1, -1, 0, 0.683706, 0.346123
2, 363, 5, 1, 1, 1, 1, -1, 0.785108, 0.850831
2, 364, 3, 0, 1, 1, 1, 0, 0.789426, 0.245614
2, 367, 6, 0, 1, 1, 1, 0, 1.103194, 0.378258
2, 368, 4, 1, 1, 1, -1, 1, 0.899145, 0.457112
2, 369, 5, 5, 1, 1, -1, -1, 0.838396, 0.304736
2, 370, 6, 0, 1, 1, 1, 0, 0.736331, 0.438756
2, 373, 2, 1, 1, 1, 1, -1, 0.724945, 0.702201
2, 376, 4, 3, 1, 3, -1, 1, 1.110115, 0.702624
2, 378, 5, 0, 1, 1, -1, 0, 0.636897, 1.296227
2, 379, 2, 6, 1, 1, 1, -1, 0.837214, 1.029978
2, 380, 2, 1, 1, 1, -1, -1, 0.783937, 0.360108
2, 382, 5, 2, 1, 1, -1, 1, 0.644885, 0.756241
2, 383, 5, 0, 1, 1, 1, 0, 0.558648, 0.858488
2, 384, 3, 3, 1, 1, 1, 1, 0.613046, 0.847915
2, 386, 4, 3, 1, 1, -1, -1, 0.552340, 0.430921
2, 387, 2, 4, 1, 1, -1, -1, 0.671381, 0.371576
2, 389, 1, 0, 1, 1, 1, 0, 0.692638, 0.714899
2, 390, 3, 0, 1, 1, -1, 0, 0.544388, 1.993338
2, 391, 5, 4, 1, 1, 1, 1, 0.697537, 0.793943
2, 392, 2, 3, 1, 1, -1, -1, 0.571699, 0.363055
2, 393, 5, 0, 1, 1, -1, 0, 0.485590, 0.556391
2, 394, 1, 0, 1, 1, 1, 0, 0.649918, 0.510634
2, 395, 3, 1, 1, 1, 1, -1, 0.644856, 0.417900
2, 396, 5, 0, 1, 1, 1, 0, 0.602980, 0.468403
2, 397, 2, 4, 1, 1, -1, 1, 0.527063, 0.332152
2, 398, 3, 0, 1, 1, -1, 0, 0.571760, 0.465383
2, 399, 5, 0, 0, -1, 1, 0, 0.843576, 1.317737
2, 400, 1, 5, 1, -1, -1, 1, 0.639523, 0.331986
2, 401, 2, 0, 1, 1, 1, 0, 0.705170, 0.372459
2, 402, 6, 0, 1, 1, 1, 0, 0.584639, 0.324461
2, 403, 3, 0, 1, 1, 1, 0, 0.659244, 0.313251
2, 405, 6, 0, 1, 1, 1, 0, 0.696222, 0.733029
2, 406, 6, 2, 1, -1, -1, -1, 0.613857, 0.627438
2, 407, 1, 0, 1, 1, -1, 0, 0.525463, 0.576894
2, 410, 3, 0, 1, 1, -1, 0, 1.167291, 1.411807
2, 411, 2, 2, 1, 1, -1, -1, 1.100658, 0.579084
2, 412, 3, 1, 1, 1, 1, 1, 1.058217, 0.571953
2, 413, 6, 0, 1, 1, -1, 0, 0.897331, 0.471699
2, 414, 3, 0, 1, 1, -1, 0, 0.683076, 0.630624
2, 415, 6, 0, 1, 1, 1, 0, 0.903157, 0.446231
2, 416, 2, 5, 1, 1, 1, -1, 0.836390, 1.095141
2, 417, 5, 0, 1, 1, -1, 0, 0.631566, 0.590988
2, 418, 4, 0, 1, 1, -1, 0, 0.504877, 0.446965
2, 420, 4, 1, 1, 1, -1, -1, 0.711781, 0.563080
2, 421, 5, 2, 1, 1, 1, -1, 0.633317, 0.463264
2, 424, 3, 2, 1, 1, 1, -1, 0.810190, 0.811594
2, 425, 5, 4, 1, 1, 1, -1, 0.717370, 0.679668
2, 429, 5, 0, 1, 1, -1, 0, 0.727131, 1.156504
2, 430, 4, 5, 1, 1, -1, -1, 0.778893, 0.636111
2, 431, 4, 2, 1, 1, 1, -1, 0.807026, 0.518150
2, 435, 6, 0, 1, 1, -1, 0, 0.797024, 0.890435
2, 438, 6, 1, 1, 1, -1, 1, 0.703228, 0.532495
2, 439, 6, 6, 1, 1, -1, 1, 0.797702, 0.679009
2, 447, 3, 4, 1, 1, -1, -1, 1.144467, 0.886315
2, 449, 6, 0, 1, 3, 1, 0, 0.758595, 0.000000
2, 451, 5, 5, 1, 1, 1, -1, 0.778779, 0.632151
2, 455, 3, 4, 1, 1, 1, -1, 1.098484, 0.798341
2, 456, 3, 3, 1, 1, 1, -1, 0.678506, 0.699106
2, 459, 2, 0, 1, 1, 1, 0, 0.871807, 0.709886
2, 462, 3, 3, 1, 1, -1, -1, 0.589161, 0.651061
2, 465, 1, 1, 1, 1, -1, 1, 0.871324, 0.565976
2, 466, 3, 3, 1, 1, -1, 1, 0.698099, 0.720493
2, 468, 6, 0, 1, 1, 1, 0, 0.644864, 0.558435
2, 472, 5, 0, 1, 1, -1, 0, 0.656995, 0.642830
2, 474, 2, 5, 1, 1, -1, -1, 0.750972, 0.690773
2, 475, 2, 2, 1, 1, -1, 1, 0.670871, 0.800348
2, 477, 6, 2, 1, 1, 1, -1, 0.750957, 1.191786
2, 479, 2, 0, 1, 1, -1, 0, 0.612251, 0.863450
2, 481, 6, 0, 1, 1, -1, 0, 0.658057, 0.869710
2, 482, 4, 2, 1, -1, -1, 1, 0.831408, 0.644518
2, 487, 5, 6, 1, 1, -1, 1, 0.658444, 0.791048
2, 488, 3, 6, 1, 1, -1, -1, 0.880292, 0.731590
2, 489, 6, 1, 1, 1, 1, 1, 0.771355, 0.545889
2, 490, 6, 6, 1, 1, 1, -1, 0.652119, 0.392379
2, 491, 6, 0, 1, 1, 1, 0, 0.498711, 0.459770
2, 493, 6, 0, 1, 1, -1, 0, 0.808572, 0.572688
2, 495, 2, 1, 1, 1, 1, 1, 0.700160, 0.581507
2, 496, 6, 0, 1, 1, 1, 0, 0.732505, 0.637384
2, 497, 4, 0, 1, 1, 1, 0, 0.711564, 0.619027
2, 499, 3, 0, 1, 1, -1, 0, 0.731226, 0.586249
2, 500, 6, 3, 1, 1, -1, -1, 0.631560, 0.823854
2, 501, 2, 0, 1, 1, 1, 0, 0.592440, 0.561321
2, 503, 2, 6, 1, 1, -1, -1, 0.671784, 0.504516
2, 504, 4, 0, 1, 1, 1, 0, 0.625681, 0.623266
2, 505, 6, 2, 1, 1, -1, 1, 0.856609, 0.532876
2, 506, 6, 6, 1, 1, 1, -1, 0.765663, 0.490663
2, 507, 3, 1, 1, 1, -1, 1, 0.719203, 0.551903
2, 508, 6, 5, 1, 1, -1, 1, 0.597999, 0.427786
2, 509, 6, 1, 1, 1, -1, -1, 0.653169, 0.476379
2, 513, 6, 0, 1, 1, 1, 0, 0.710935, 0.512217
2, 514, 3, 2, 1, -1, 1, -1, 1.411481, 0.580204
2, 517, 2, 4, 1, 1, 1, 1, 0.598511, 1.568897
2, 518, 3, 0, 1, 1, -1, 0, 0.572380, 0.683284
2, 519, 5, 0, 1, 1, -1, 0, 0.519383, 0.485944
2, 520, 4, 1, 1, -1, 1, 1, 0.745529, 0.317502
2, 521, 1, 6, 1, -1, 1, 1, 0.810806, 0.353460
2, 523, 2, 5, 1, -1, 1, 1, 0.948665, 0.398592
2, 526, 6, 0, 1, 1, -1, 0, 0.557789, 0.624315
2, 528, 6, 0, 1, 1, 1, 0, 0.577369, 0.598237
2, 529, 4, 0, 1, 1, -1, 0, 0.511398, 0.506498
2, 531, 3, 6, 1, 1, -1, 1, 0.586745, 0.740739
2, 533, 3, 4, 1, -1, 1, -1, 0.665232, 0.733989
2, 535, 6, 0, 1, 1, 1, 0, 0.744281, 0.830938
2, 537, 6, 0, 1, 1, 1, 0, 0.664032, 0.938132
2, 539, 4, 6, 1, 1, 1, 1, 0.724360, 0.525965
2, 541, 6, 5, 1, 1, 1, 1, 0.917663, 0.648582
2, 542, 5, 1, 1, 1, -1, -1, 0.557482, 0.535948
2, 545, 6, 1, 1, 1, 1, -1, 0.672352, 0.491172
2, 548, 3, 5, 0, 1, 1, 1, 0.620117, 1.356114
2, 550, 6, 2, 1, 1, -1, -1, 0.830826, 0.622906
2, 553, 3, 6, 1, 1, -1, -1, 0.951103, 0.808141
2, 554, 5, 0, 1, 1, 1, 0, 0.578939, 0.840317
2, 555, 6, 2, 1, 1, 1, 1, 0.606894, 1.344435
2, 556, 3, 6, 1, 1, 1, -1, 0.730568, 0.697697
2, 557, 6, 0, 1, 1, -1, 0, 0.553526, 0.484965
2, 558, 1, 0, 1, 1, 1, 0, 0.511506, 0.445505
2, 559, 6, 4, 1, 1, -1, 1, 0.717673, 0.434125
2, 563, 5, 6, 1, 1, 1, 1, 1.091440, 0.761694
2, 568, 4, 5, 1, 1, 1, -1, 0.976850, 0.766917
2, 570, 6, 3, 1, 1, 1, 1, 0.924020, 1.131143
2, 571, 6, 0, 1, 1, -1, 0, 0.677209, 0.826661
2, 572, 6, 0, 1, 1, -1, 0, 0.777619, 0.708244
2, 573, 5, 5, 1, 1, 1, 1, 0.679526, 0.655166
2, 574, 6, 0, 1, 1, -1, 0, 0.524838, 0.604817
2, 575, 6, 5, 1, 1, -1, -1, 0.582525, 0.531340
2, 576, 4, 6, 1, 3, 1, -1, 0.775850, 0.000000
2, 577, 6, 3, 1, 1, 1, 1, 0.744773, 0.486544
2, 578, 4, 0, 1, 1, 1, 0, 0.620426, 0.536719
2, 580, 2, 0, 1, 1, -1, 0, 0.830623, 0.610588
2, 581, 5, 5, 1, 1, -1, 1, 0.651457, 0.677342
2, 583, 6, 3, 1, 3, 1, -1, 1.116237, 0.000000
2, 584, 6, 6, 1, 1, 1, 1, 0.724227, 0.532545
2, 587, 6, 0, 1, 1, -1, 0, 0.698647, 1.019772
2, 591, 4, 0, 1, 1, 1, 0, 0.830582, 0.707089
2, 599, 6, 2, 1, 1, 1, -1, 0.804950, 0.757124
2, 600, 1, 0, 1, 1, 1, 0, 0.632630, 0.727820
2, 602, 5, 0, 1, 1, 1, 0, 0.872233, 0.748751
2, 604, 3, 2, 1, 1, -1, 1, 0.969418, 0.696433
2, 605, 6, 0, 1, 1, -1, 0, 0.725016, 0.810928
2, 606, 2, 3, 1, -1, 1, -1, 0.989920, 0.404210
2, 609, 6, 6, 1, 1, -1, -1, 0.769027, 0.731108
2, 610, 6, 0, 1, 1, -1, 0, 0.551628, 0.600346
2, 612, 6, 4, 1, 1, -1, -1, 0.659213, 0.620396
2, 613, 6, 3, 1, 1, -1, 1, 0.506293, 0.504013
2, 614, 2, 0, 1, 1, 1, 0, 0.667117, 0.497570
2, 615, 1, 6, 1, 1, 1, -1, 0.772124, 0.501301
2, 617, 4, 0, 1, 1, 1, 0, 0.776257, 0.650019
2, 618, 1, 0, 1, 1, 1, 0, 0.538269, 0.476486
2, 619, 1, 5, 1, 1, -1, 1, 0.658431, 0.372052
2, 622, 2, 1, 1, 1, -1, 1, 0.804838, 0.651317
2, 624, 2, 1, 1, 1, 1, 1, 0.851445, 0.686159
2, 626, 1, 0, 1, 1, -1, 0, 0.512451, 0.549888
2, 629, 1, 0, 1, 1, -1, 0, 0.605079, 0.551300
2, 631, 5, 0, 1, 1, -1, 0, 0.608703, 0.578123
2, 632, 4, 0, 1, 1, 1, 0, 0.652310, 0.648451
2, 635, 5, 0, 1, 1, 1, 0, 0.610655, 0.652391
2, 641, 3, 0, 1, 1, -1, 0, 0.520169, 0.748139
2, 647, 3, 0, 1, 1, -1, 0, 0.538160, 0.735212
2, 648, 1, 2, 1, 1, -1, -1, 0.493232, 0.543598
2, 649, 1, 0, 1, 1, -1, 0, 0.463604, 0.459553
2, 651, 4, 0, 1, 1, -1, 0, 0.646020, 0.431428
2, 652, 1, 4, 1, 1, -1, -1, 0.718955, 0.299815
2, 653, 1, 0, 1, 1, 1, 0, 0.566750, 0.259923
2, 654, 1, 0, 1, 1, -1, 0, 0.539212, 0.240198
2, 655, 1, 0, 1, 1, -1, 0, 0.444990, 0.159925
2, 657, 5, 0, 1, 1, -1, 0, 0.492411, 0.306818
2, 658, 1, 2, 1, 1, -1, -1, 0.537439, 0.225766
2, 659, 1, 6, 1, 1, -1, -1, 0.691133, 0.273987
2, 660, 5, 0, 1, 1, 1, 0, 0.618418, 0.239803
2, 661, 3, 0, 1, 1, 1, 0, 0.638807, 0.260317
2, 662, 5, 4, 1, 1, -1, -1, 0.533206, 0.253762
2, 663, 4, 0, 1, 1, -1, 0, 0.538389, 0.280455
2, 664, 2, 0, 1, 1, 1, 0, 0.539597, 0.234421
2, 665, 5, 6, 1, 1, 1, 1, 0.658801, 0.226315
2, 666, 2, 0, 1, 1, -1, 0, 0.499434, 0.244615
2, 667, 1, 0, 1, 1, 1, 0, 0.545771, 0.166046
2, 668, 2, 0, 1, 1, -1, 0, 0.520114, 0.180750
2, 669, 5, 4, 1, 1, -1, 1, 0.542990, 0.232974
2, 670, 4, 0, 1, 1, 1, 0, 0.598867, 0.173411
2, 671, 5, 1, 1, 1, 1, -1, 0.828283, 0.253578
2, 672, 1, 0, 1, 1, -1, 0, 0.497705, 0.186691
2, 673, 5, 0, 1, 1, 1, 0, 0.545465, 0.166940
2, 674, 3, 0, 1, 1, -1, 0, 0.531245, 0.180450
2, 675, 4, 2, 1, 1, 1, -1, 0.611558, 0.253938
2, 676, 2, 3, 1, 1, -1, -1, 0.531429, 0.252783
2, 677, 3, 0, 1, 1, 1, 0, 0.596616, 0.205788
2, 678, 4, 5, 1, 1, 1, -1, 0.610846, 0.207063
2, 679, 1, 0, 1, 1, 1, 0, 0.611903, 0.291536
2, 680, 2, 0, 1, 1, 1, 0, 0.538547, 0.225435
2, 681, 3, 5, 1, 1, 1, -1, 0.712530, 0.504160
2, 682, 3, 0, 1, 1, 1, 0, 0.600187, 0.206351
2, 683, 2, 4, 1, 1, 1, -1, 0.558585, 0.226793
2, 684, 2, 6, 1, 1, -1, 1, 0.723879, 0.259897
2, 685, 4, 0, 1, 1, 1, 0, 0.573303, 0.186137
2, 686, 3, 0, 1, 1, 1, 0, 0.597707, 0.173421
2, 687, 2, 0, 1, 1, -1, 0, 0.480150, 0.133030
2, 688, 2, 4, 1, 1, 1, -1, 0.604672, 0.187470
2, 689, 1, 0, 1, 1, -1, 0, 0.531753, 0.146317
2, 690, 3, 1, 1, 1, -1, -1, 0.613162, 0.206838
2, 691, 5, 0, 1, 1, -1, 0, 0.506692, 0.199759
2, 692, 1, 4, 1, 1, -1, 1, 0.545356, 0.120015
2, 693, 1, 6, 1, 1, -1, 1, 0.511551, 0.198628
2, 694, 5, 0, 1, 1, -1, 0, 0.632553, 0.569235
2, 695, 1, 4, 1, 1, 1, 1, 0.569211, 0.272703
2, 696, 5, 2, 1, 1, -1, -1, 0.543067, 0.347004
2, 698, 1, 0, 1, 1, 1, 0, 0.506959, 0.298389
2, 699, 1, 1, 1, 1, 1, 1, 0.611583, 0.317799
2, 700, 2, 0, 1, 1, -1, 0, 0.536628, 0.251999
2, 701, 1, 0, 1, 1, -1, 0, 0.503220, 0.705820
2, 702, 2, 0, 1, 1, 1, 0, 0.571904, 0.292961
2, 704, 1, 0, 1, 1, 1, 0, 1.041670, 0.505835
2, 705, 1, 3, 1, 1, 1, -1, 0.559985, 0.404926
2, 706, 1, 0, 1, 1, -1, 0, 0.550178, 0.425576
2, 707, 1, 4, 1, 1, 1, -1, 0.657057, 0.446036
2, 708, 1, 2, 1, 1, 1, 1, 0.519500, 0.384663
2, 709, 1, 5, 1, 1, 1, 1, 0.597094, 0.477261
2, 710, 1, 4, 1, 1, -1, 1, 0.523546, 0.340879
2, 712, 2, 0, 1, 1, -1, 0, 0.606586, 0.391677
2, 713, 2, 0, 1, 1, -1, 0, 0.578321, 0.485698
2, 714, 2, 0, 1, 1, -1, 0, 0.505292, 0.246364
2, 716, 2, 3, 1, -1, -1, 1, 0.822051, 0.597257
2, 717, 1, 0, 1, 1, 1, 0, 0.592830, 0.423893
2, 718, 1, 4, 1, 1, 1, -1, 0.699802, 0.531114
2, 719, 3, 2, 1, -1, -1, 1, 1.108655, 0.426465
2, 720, 4, 0, 1, 1, -1, 0, 0.525118, 0.495657
2, 721, 2, 0, 1, 1, -1, 0, 0.551907, 0.459667
2, 722, 1, 0, 1, 1, -1, 0, 0.669686, 0.496210
2, 723, 1, 0, 1, 1, -1, 0, 0.497474, 0.253874
2, 724, 4, 6, 0, 1, 1, 1, 0.823676, 0.518993
2, 725, 3, 0, 1, 1, -1, 0, 0.631921, 0.333506
2, 727, 4, 5, 1, 1, -1, 1, 0.685358, 0.563525
2, 728, 1, 0, 1, 1, -1, 0, 0.519016, 0.324912
2, 729, 4, 0, 1, 1, 1, 0, 0.744353, 0.347842
2, 730, 1, 0, 1, 1, 1, 0, 0.637943, 0.314200
2, 731, 4, 6, 1, 1, -1, 1, 0.685025, 0.326427
2, 732, 5, 6, 1, 1, -1, -1, 0.579334, 0.467537
2, 733, 1, 0, 1, 1, 1, 0, 0.624786, 0.307243
2, 735, 5, 3, 1, 1, 1, 1, 1.041290, 0.373593
2, 736, 1, 1, 1, 1, -1, -1, 0.610989, 0.392655
2, 737, 1, 2, 1, 1, -1, 1, 0.552394, 0.294670
2, 738, 1, 6, 1, 1, 1, 1, 0.697744, 0.371259
