observer, trial, targLoc, distLoc, targDiscrim, thoughtNoAttCap, tc, dc, RT, TrialTypeRT
6, 3, 1, 3, 0, 1, -1, -1, 1.493800, 3.285668
6, 5, 1, 2, 1, 1, -1, 1, 1.387355, 1.409262
6, 6, 5, 4, 1, 1, -1, 1, 0.902816, 1.198692
6, 7, 4, 5, 1, 1, -1, 1, 0.827350, 0.680358
6, 8, 4, 1, 1, 1, 1, -1, 1.338107, 0.835709
6, 9, 4, 0, 1, 1, 1, 0, 0.931750, 1.754671
6, 11, 5, 0, 1, 1, 1, 0, 0.777220, 1.406789
6, 12, 6, 0, 1, 1, -1, 0, 1.078552, 1.435768
6, 14, 2, 0, 1, 1, 1, 0, 0.590295, 1.216864
6, 15, 4, 5, 1, 1, -1, 1, 1.073533, 1.230909
6, 16, 3, 5, 0, -1, -1, -1, 1.433150, 2.553567
6, 17, 2, 5, 1, 3, -1, 1, 1.288774, 0.000000
6, 18, 4, 1, 1, -1, 1, 1, 1.349243, 1.518091
6, 19, 5, 1, 1, 1, -1, 1, 0.941536, 0.704555
6, 21, 1, 4, 0, -1, -1, 1, 0.771481, 1.754591
6, 22, 1, 0, 1, 1, 1, 0, 0.701716, 0.882413
6, 23, 4, 0, 1, 1, -1, 0, 0.792216, 0.734139
6, 24, 1, 0, 1, 1, -1, 0, 0.902506, 0.881558
6, 25, 5, 5, 0, -1, 1, -1, 0.803422, 1.242550
6, 26, 4, 3, 1, 1, -1, 1, 0.683273, 0.715893
6, 27, 2, 0, 1, 1, 1, 0, 0.858626, 0.890075
6, 28, 2, 4, 1, 1, 1, -1, 0.943460, 0.530761
6, 29, 6, 0, 1, 1, -1, 0, 0.911360, 0.882827
6, 30, 6, 0, 1, 1, -1, 0, 0.738507, 1.190063
6, 31, 2, 3, 1, -1, 1, 1, 1.035836, 0.780798
6, 32, 5, 1, 1, 1, -1, -1, 0.690003, 0.701306
6, 33, 2, 6, 1, -1, -1, 1, 1.160163, 0.875515
6, 34, 2, 5, 1, 1, -1, -1, 0.901167, 0.491621
6, 35, 1, 0, 1, 1, -1, 0, 0.675888, 0.473734
6, 36, 3, 0, 1, 1, -1, 0, 0.820311, 0.701017
6, 37, 3, 0, 1, 3, 1, 0, 0.810751, 0.000000
6, 38, 4, 1, 1, 1, -1, 1, 0.995738, 0.849572
6, 39, 6, 5, 1, -1, -1, -1, 0.911629, 0.819047
6, 40, 5, 0, 1, 1, -1, 0, 0.724716, 0.665048
6, 41, 2, 0, 1, 1, 1, 0, 0.763457, 0.777007
6, 42, 1, 6, 1, 1, -1, 1, 0.883243, 0.685518
6, 43, 6, 0, 1, 1, -1, 0, 0.976620, 0.398144
6, 44, 5, 0, 1, 3, -1, 0, 0.769842, 0.000000
6, 45, 4, 0, 1, 1, -1, 0, 0.742558, 0.568059
6, 46, 4, 0, 1, 1, -1, 0, 0.788555, 0.508553
6, 47, 4, 4, 1, 3, -1, 1, 0.996694, 0.000000
6, 48, 2, 0, 1, 1, 1, 0, 0.712423, 0.740928
6, 49, 2, 0, 1, 1, -1, 0, 0.785164, 0.455774
6, 50, 4, 6, 1, -1, 1, 1, 1.021152, 0.969585
6, 52, 6, 0, 1, 1, 1, 0, 0.707691, 0.776437
6, 53, 5, 6, 1, -1, -1, -1, 0.748821, 1.096636
6, 54, 6, 0, 1, 1, 1, 0, 0.791103, 0.556404
6, 55, 5, 0, 1, 1, -1, 0, 0.352579, 2.272525
6, 56, 1, 0, 1, 1, -1, 0, 0.724692, 1.023370
6, 57, 4, 6, 1, -1, 1, -1, 0.969174, 0.458690
6, 58, 4, 5, 1, -1, -1, -1, 0.692115, 1.697578
6, 59, 4, 2, 1, 1, 1, -1, 0.763956, 1.353102
6, 60, 1, 1, 1, -1, -1, 1, 0.818313, 0.982507
6, 61, 6, 0, 1, 1, -1, 0, 0.493713, 1.395939
6, 62, 1, 1, 1, -1, -1, -1, 0.985397, 1.997467
6, 63, 6, 5, 1, -1, 1, -1, 1.395361, 1.000866
6, 64, 1, 0, 1, 1, 1, 0, 0.498234, 1.296991
6, 65, 4, 2, 1, 1, -1, 1, 0.666531, 0.684509
6, 66, 5, 0, 1, 1, -1, 0, 0.751314, 0.410567
6, 67, 5, 0, 1, 1, 1, 0, 0.938745, 0.795047
6, 68, 5, 1, 0, -1, 1, -1, 0.638579, 0.996626
6, 69, 3, 3, 1, 1, 1, -1, 0.838293, 0.713418
6, 70, 2, 1, 0, -1, -1, 1, 0.982318, 0.682026
6, 71, 1, 0, 1, 1, -1, 0, 0.622190, 0.756269
6, 72, 3, 0, 1, 1, -1, 0, 0.597996, 1.101570
6, 73, 4, 4, 0, 3, 1, -1, 1.041429, 0.000000
6, 74, 5, 3, 1, -1, -1, 1, 0.926126, 0.762844
6, 75, 3, 0, 1, 1, 1, 0, 0.901171, 0.525921
6, 76, 3, 1, 1, -1, -1, 1, 1.084705, 0.894470
6, 77, 5, 0, 1, 1, -1, 0, 1.128749, 0.526134
6, 78, 1, 4, 1, 1, 1, -1, 0.900535, 0.490448
6, 79, 3, 0, 1, 1, 1, 0, 0.881454, 0.502735
6, 80, 5, 0, 1, 1, 1, 0, 0.852644, 0.568199
6, 82, 2, 0, 1, 1, -1, 0, 0.763212, 0.545664
6, 83, 6, 5, 1, 3, 1, 1, 1.060420, 0.000000
6, 84, 2, 0, 1, 1, -1, 0, 0.851172, 0.540766
6, 85, 4, 0, 1, 1, 1, 0, 0.896496, 0.484193
6, 86, 2, 0, 1, 1, 1, 0, 0.862290, 0.477934
6, 87, 2, 0, 1, 1, 1, 0, 0.731167, 0.344472
6, 88, 4, 0, 1, 1, -1, 0, 0.868762, 0.561351
6, 89, 3, 0, 1, 1, -1, 0, 0.932957, 0.372687
6, 90, 1, 0, 1, 1, -1, 0, 0.979884, 0.431237
6, 91, 5, 0, 1, 1, -1, 0, 0.863410, 0.396834
6, 92, 6, 3, 1, 1, -1, 1, 0.811694, 1.283078
6, 93, 1, 0, 1, 1, 1, 0, 0.907809, 0.520238
6, 94, 4, 0, 1, 1, -1, 0, 0.824062, 0.326271
6, 95, 3, 0, 1, 1, 1, 0, 0.890852, 0.484331
6, 96, 1, 1, 1, -1, -1, 1, 0.837151, 0.982244
6, 97, 6, 0, 1, 1, -1, 0, 0.810795, 0.432888
6, 98, 6, 2, 1, -1, -1, -1, 0.692706, 0.693944
6, 99, 2, 0, 1, 1, -1, 0, 0.611938, 0.647331
6, 100, 2, 1, 1, 1, -1, -1, 0.922355, 1.653208
6, 101, 2, 3, 1, -1, 1, 1, 1.048229, 1.488142
6, 102, 4, 3, 1, -1, 1, 1, 1.070139, 1.336582
6, 103, 4, 1, 1, -1, -1, -1, 0.885744, 0.557536
6, 104, 3, 5, 0, -1, -1, 1, 1.131929, 1.322637
6, 105, 6, 0, 1, 1, 1, 0, 1.067484, 0.585159
6, 106, 6, 0, 1, 1, -1, 0, 0.570180, 0.558570
6, 107, 6, 0, 1, 1, 1, 0, 0.844496, 0.502809
6, 108, 2, 5, 1, -1, -1, 1, 1.087883, 0.586039
6, 109, 5, 3, 0, -1, 1, 1, 1.031227, 0.615763
6, 110, 5, 0, 1, 1, 1, 0, 0.749636, 0.259779
6, 111, 1, 0, 1, 1, -1, 0, 0.804871, 0.291334
6, 112, 1, 0, 1, 1, -1, 0, 0.848982, 0.333479
6, 113, 6, 4, 1, -1, -1, 1, 1.136469, 0.495980
6, 114, 5, 2, 1, 1, -1, -1, 0.930593, 0.570323
6, 115, 1, 6, 1, -1, 1, -1, 0.838308, 0.788541
6, 116, 2, 3, 0, -1, -1, 1, 0.962505, 0.618724
6, 117, 4, 5, 1, -1, 1, -1, 1.120112, 0.566068
6, 118, 1, 0, 1, 1, -1, 0, 0.843313, 0.621830
6, 119, 6, 0, 1, 1, 1, 0, 0.910088, 0.265680
6, 120, 5, 0, 1, 1, 1, 0, 0.877983, 0.861244
6, 121, 5, 0, 1, 1, 1, 0, 0.876093, 0.350356
6, 122, 6, 0, 1, 1, 1, 0, 0.766161, 0.498616
6, 123, 3, 0, 1, 1, 1, 0, 1.019009, 0.566193
6, 124, 1, 3, 1, -1, -1, -1, 1.223278, 0.634804
6, 125, 2, 1, 1, -1, 1, -1, 0.789634, 0.648540
6, 126, 1, 0, 1, 1, 1, 0, 0.701361, 0.358159
6, 127, 2, 4, 1, 1, -1, 1, 0.883609, 0.827107
6, 128, 2, 0, 1, 1, -1, 0, 0.907278, 0.546170
6, 129, 2, 0, 1, 1, 1, 0, 0.838274, 0.497246
6, 130, 6, 0, 1, 1, -1, 0, 0.895837, 0.422390
6, 131, 6, 1, 1, 1, -1, -1, 1.153227, 0.484743
6, 132, 2, 5, 1, 1, 1, -1, 0.705019, 0.399842
6, 133, 6, 0, 1, 1, -1, 0, 0.770041, 0.544776
6, 134, 4, 0, 1, 1, 1, 0, 0.888111, 0.456625
6, 135, 6, 0, 1, 1, -1, 0, 0.890330, 0.423143
6, 136, 5, 0, 1, 1, -1, 0, 1.043124, 0.366033
6, 137, 2, 2, 1, 1, 1, -1, 0.876529, 0.693670
6, 138, 1, 3, 1, 1, 1, -1, 1.061223, 0.491230
6, 139, 1, 2, 1, -1, -1, -1, 1.031319, 0.549121
6, 140, 5, 0, 1, 1, -1, 0, 0.858614, 0.550589
6, 141, 1, 3, 1, 3, 1, -1, 1.212888, 0.000000
6, 142, 1, 3, 1, 1, -1, 1, 0.904202, 0.576413
6, 143, 3, 3, 1, -1, 1, -1, 1.307753, 0.815695
6, 144, 4, 0, 1, 1, 1, 0, 0.806708, 0.363031
6, 145, 6, 2, 1, -1, -1, 1, 1.141051, 0.479036
6, 146, 6, 1, 1, 1, -1, 1, 0.725341, 0.454266
6, 147, 3, 3, 0, -1, 1, 1, 1.120758, 0.889731
6, 148, 2, 0, 1, 1, 1, 0, 0.860960, 0.449962
6, 149, 1, 0, 1, 1, -1, 0, 1.077098, 0.596761
6, 150, 3, 0, 1, 1, 1, 0, 0.856856, 0.432147
6, 151, 2, 2, 1, 1, -1, -1, 1.120805, 0.552110
6, 152, 2, 0, 1, 1, -1, 0, 0.822162, 0.498836
6, 153, 4, 1, 1, -1, 1, -1, 1.102385, 0.582167
6, 154, 1, 2, 1, -1, 1, 1, 0.991111, 0.397760
6, 155, 6, 3, 1, 1, -1, -1, 0.845462, 0.824899
6, 156, 6, 0, 1, 1, 1, 0, 0.804846, 0.383494
6, 157, 2, 0, 1, 1, 1, 0, 0.673194, 0.517230
6, 158, 3, 3, 1, -1, -1, 1, 1.378457, 0.618394
6, 159, 3, 1, 1, -1, 1, -1, 0.871927, 0.504780
6, 160, 4, 0, 1, 1, 1, 0, 1.021304, 0.431079
6, 161, 3, 0, 1, 1, -1, 0, 0.849380, 0.325676
6, 162, 6, 1, 1, -1, 1, -1, 1.173787, 0.570498
6, 163, 3, 0, 1, 1, -1, 0, 0.943520, 0.343114
6, 164, 5, 5, 1, -1, -1, 1, 1.001143, 0.496372
6, 165, 2, 3, 1, 1, -1, -1, 0.951145, 0.675139
6, 166, 1, 0, 1, 1, 1, 0, 0.902299, 0.582967
6, 167, 4, 2, 1, -1, -1, -1, 0.889358, 0.685172
6, 168, 3, 6, 1, -1, -1, 1, 0.868197, 0.711494
6, 169, 5, 0, 1, 1, 1, 0, 1.085956, 0.602574
6, 170, 6, 0, 1, 1, 1, 0, 0.940825, 0.714122
6, 171, 1, 2, 1, -1, -1, -1, 1.028879, 0.504653
6, 172, 4, 0, 1, 1, -1, 0, 0.928553, 0.565031
6, 173, 1, 5, 1, 1, 1, -1, 0.963242, 1.359353
6, 174, 3, 0, 1, 1, 1, 0, 0.856086, 0.404297
6, 175, 2, 0, 1, 1, -1, 0, 0.964426, 0.418735
6, 176, 5, 0, 1, 1, -1, 0, 0.962836, 0.530482
6, 177, 5, 6, 1, -1, -1, 1, 0.830065, 0.456775
6, 178, 4, 4, 1, -1, 1, 1, 1.175611, 0.459096
6, 179, 1, 0, 1, 1, -1, 0, 1.437703, 0.564090
6, 180, 2, 6, 1, -1, -1, -1, 0.868616, 0.399343
6, 181, 2, 4, 1, -1, 1, 1, 0.843345, 0.552338
6, 182, 5, 2, 1, -1, -1, -1, 0.891882, 0.417099
6, 183, 6, 6, 1, -1, 1, 1, 0.864351, 0.450440
6, 184, 4, 4, 1, -1, -1, -1, 0.871610, 1.333414
6, 185, 3, 1, 1, -1, 1, -1, 0.842329, 0.787302
6, 186, 2, 6, 1, -1, -1, 1, 0.890951, 0.530778
6, 187, 6, 6, 1, -1, -1, -1, 1.238822, 0.629402
6, 188, 1, 5, 1, -1, -1, -1, 0.923489, 1.268916
6, 189, 1, 0, 1, 1, 1, 0, 0.836884, 0.462261
6, 190, 5, 6, 1, -1, 1, -1, 1.021181, 0.452299
6, 191, 1, 5, 1, -1, -1, 1, 0.935466, 0.312756
6, 192, 2, 5, 1, -1, 1, -1, 1.204105, 1.167637
6, 193, 6, 0, 1, 1, 1, 0, 0.784106, 0.694925
6, 194, 6, 2, 1, -1, -1, -1, 0.916403, 0.830368
6, 195, 5, 4, 1, -1, 1, 1, 1.197451, 0.470561
6, 196, 1, 0, 1, 1, 1, 0, 1.023991, 0.575231
6, 197, 5, 3, 1, -1, 1, -1, 1.247437, 0.512253
6, 198, 5, 1, 1, -1, 1, 1, 0.989661, 0.722629
6, 199, 1, 3, 1, -1, 1, 1, 0.903383, 0.458696
6, 200, 5, 0, 1, 1, 1, 0, 0.920939, 0.384035
6, 201, 2, 3, 0, -1, -1, 1, 0.764477, 0.589716
6, 202, 3, 0, 1, 1, -1, 0, 0.887449, 0.634713
6, 203, 2, 0, 1, 1, -1, 0, 1.023609, 0.457337
6, 204, 4, 0, 1, 1, 1, 0, 0.852963, 0.464622
6, 205, 4, 0, 1, 1, -1, 0, 0.883191, 0.479190
6, 206, 4, 0, 1, 1, 1, 0, 0.997391, 0.496705
6, 207, 6, 6, 1, -1, -1, 1, 0.870345, 0.489205
6, 209, 2, 3, 1, -1, 1, -1, 1.179835, 1.253632
6, 210, 5, 6, 1, 1, -1, -1, 1.331617, 0.926790
6, 211, 1, 5, 1, 1, -1, -1, 1.241632, 0.569893
6, 212, 1, 5, 1, 1, 1, -1, 0.998515, 0.556356
6, 213, 3, 0, 1, 1, -1, 0, 1.107098, 0.515647
6, 215, 1, 0, 1, 1, -1, 0, 0.895039, 0.392052
6, 216, 6, 0, 1, 1, -1, 0, 0.922625, 0.654460
6, 217, 4, 6, 1, -1, -1, -1, 0.897262, 0.595712
6, 218, 2, 6, 1, -1, -1, -1, 0.736619, 1.272785
6, 219, 6, 0, 1, 1, -1, 0, 1.013001, 0.509506
6, 220, 4, 0, 1, 1, 1, 0, 0.932109, 0.379039
6, 221, 4, 2, 1, -1, -1, -1, 0.860876, 0.545136
6, 222, 2, 0, 1, 1, 1, 0, 0.849204, 0.386183
6, 223, 5, 0, 1, 1, 1, 0, 0.921472, 0.338975
6, 224, 6, 5, 1, -1, 1, -1, 0.973234, 0.491221
6, 225, 6, 0, 1, 1, -1, 0, 0.883320, 0.465671
6, 226, 4, 0, 1, 1, 1, 0, 1.033771, 0.345654
6, 227, 3, 0, 1, 1, 1, 0, 0.923099, 0.317457
6, 228, 3, 4, 1, -1, -1, -1, 1.238328, 0.458868
6, 229, 6, 1, 1, -1, 1, 1, 0.920678, 0.286800
6, 230, 1, 0, 1, 1, -1, 0, 0.996190, 0.516219
6, 231, 4, 1, 1, -1, 1, 1, 0.925242, 0.930102
6, 232, 3, 1, 1, -1, -1, -1, 1.187062, 0.801711
6, 233, 1, 2, 1, -1, 1, -1, 1.324824, 0.723762
6, 234, 3, 6, 1, -1, -1, -1, 1.295856, 0.503829
6, 235, 2, 0, 1, 1, 1, 0, 0.987472, 0.538794
6, 236, 1, 2, 1, 1, 1, 1, 1.040900, 0.518263
6, 237, 4, 3, 1, -1, 1, -1, 1.372846, 0.957968
6, 238, 1, 0, 1, 1, -1, 0, 1.014600, 0.392867
6, 239, 4, 0, 1, 1, -1, 0, 0.985518, 0.364979
6, 240, 1, 0, 1, 1, -1, 0, 1.029381, 0.418188
6, 241, 6, 0, 1, 1, -1, 0, 0.895262, 0.292548
6, 242, 2, 0, 1, 1, 1, 0, 1.001730, 0.423031
6, 243, 6, 6, 1, -1, 1, -1, 1.041583, 0.452408
6, 244, 1, 6, 1, 1, 1, 1, 0.939396, 0.501933
6, 245, 2, 5, 1, 1, 1, 1, 0.957289, 0.523334
6, 246, 6, 0, 1, 1, 1, 0, 1.017264, 0.655498
6, 247, 2, 0, 1, 1, -1, 0, 0.962085, 0.372522
6, 249, 3, 4, 1, -1, 1, -1, 1.148763, 1.315600
6, 251, 3, 0, 1, 1, -1, 0, 0.887961, 0.862583
6, 252, 3, 0, 1, 1, 1, 0, 0.950591, 0.528945
6, 253, 4, 3, 1, -1, 1, 1, 1.107147, 0.426833
6, 254, 2, 0, 1, 1, 1, 0, 1.042900, 0.463511
6, 255, 3, 5, 1, -1, -1, 1, 0.966730, 0.412230
6, 256, 1, 0, 1, 1, -1, 0, 1.069679, 0.530161
6, 257, 4, 4, 1, -1, 1, -1, 1.190274, 0.365039
6, 258, 3, 0, 1, 1, 1, 0, 0.988605, 0.402593
6, 259, 1, 0, 1, 1, 1, 0, 1.135698, 0.476362
6, 260, 5, 0, 1, 1, 1, 0, 0.947524, 0.401920
6, 261, 4, 0, 1, 1, -1, 0, 1.029626, 0.317996
6, 262, 6, 2, 1, -1, 1, -1, 1.056569, 0.424068
6, 264, 1, 4, 1, 1, -1, -1, 1.197985, 0.693521
6, 265, 5, 4, 1, -1, -1, 1, 1.157433, 0.644845
6, 266, 3, 3, 1, -1, -1, -1, 1.154345, 0.497611
6, 267, 5, 0, 1, 1, 1, 0, 0.905552, 0.286261
6, 268, 4, 3, 1, -1, -1, 1, 1.047173, 0.298405
6, 269, 6, 0, 1, 1, 1, 0, 0.877653, 0.318121
6, 270, 6, 2, 1, -1, 1, 1, 1.122783, 0.331519
6, 271, 4, 0, 1, 1, -1, 0, 0.915166, 0.285361
6, 272, 5, 0, 1, 1, -1, 0, 0.857785, 0.351392
6, 273, 6, 3, 1, -1, -1, 1, 1.300085, 0.389084
6, 275, 5, 0, 1, 1, -1, 0, 0.833456, 0.717203
6, 276, 1, 0, 1, 1, 1, 0, 0.784512, 0.303348
6, 277, 2, 4, 1, 1, -1, 1, 0.967316, 0.366268
6, 278, 4, 2, 1, -1, -1, 1, 0.887401, 0.541668
6, 279, 3, 0, 1, 3, 1, 0, 0.796867, 0.000000
6, 280, 4, 6, 1, -1, -1, -1, 0.810977, 0.357766
6, 281, 6, 0, 1, 1, -1, 0, 0.876271, 0.299626
6, 282, 3, 5, 1, -1, 1, -1, 1.321462, 0.418816
6, 283, 2, 4, 1, 1, 1, -1, 0.948149, 0.351221
6, 284, 3, 0, 1, 1, -1, 0, 0.975516, 0.484448
6, 285, 1, 0, 1, 1, -1, 0, 0.996900, 0.358267
6, 286, 2, 0, 1, 1, -1, 0, 1.011118, 0.350808
6, 287, 3, 0, 1, 1, 1, 0, 0.917256, 0.291960
6, 288, 2, 0, 1, 1, 1, 0, 0.820555, 0.265789
6, 289, 6, 0, 1, 1, -1, 0, 0.869272, 0.220589
6, 290, 5, 2, 1, -1, 1, 1, 1.041009, 0.425967
6, 291, 2, 0, 1, 1, -1, 0, 0.829973, 0.284961
6, 292, 1, 1, 1, -1, 1, 1, 0.901138, 0.592955
6, 293, 4, 0, 1, 1, 1, 0, 0.955215, 0.840133
6, 294, 2, 0, 1, 1, 1, 0, 0.817951, 0.384038
6, 295, 2, 0, 1, 1, 1, 0, 0.908464, 0.459181
6, 296, 3, 0, 1, 1, 1, 0, 0.918172, 0.179076
6, 297, 3, 0, 1, 1, -1, 0, 0.877031, 0.087023
6, 298, 3, 2, 1, -1, 1, -1, 1.070482, 0.562896
6, 299, 5, 0, 1, 1, 1, 0, 0.961175, 0.205749
6, 300, 4, 6, 1, 1, -1, 1, 0.862803, 0.552784
6, 301, 1, 0, 1, 1, -1, 0, 0.909848, 0.186231
6, 302, 2, 4, 1, -1, -1, -1, 1.141925, 0.475223
6, 303, 4, 0, 1, 1, 1, 0, 0.891647, 0.191484
6, 304, 3, 0, 1, 1, -1, 0, 0.912756, 0.185812
6, 305, 4, 0, 1, 1, -1, 0, 0.711309, 0.106897
6, 306, 3, 2, 1, -1, -1, 1, 1.090254, 0.409426
6, 307, 4, 4, 1, -1, -1, -1, 0.896450, 0.359473
6, 308, 5, 0, 1, 1, -1, 0, 0.862349, 0.337502
6, 309, 6, 0, 1, 1, 1, 0, 0.942831, 0.239898
6, 310, 1, 1, 1, -1, -1, -1, 0.935530, 0.464218
6, 311, 1, 4, 1, -1, -1, -1, 1.010444, 0.443134
6, 312, 5, 0, 1, 1, 1, 0, 0.996428, 0.330624
6, 313, 3, 3, 1, -1, -1, -1, 1.102291, 0.410857
6, 315, 4, 0, 1, 1, 1, 0, 0.709416, 0.239369
6, 316, 6, 0, 1, 1, 1, 0, 0.866825, 0.067510
6, 317, 5, 0, 1, 1, -1, 0, 0.591016, 0.205481
6, 319, 3, 2, 1, 1, 1, 1, 1.189814, 0.331275
6, 320, 5, 3, 1, -1, 1, -1, 1.276284, 0.794762
6, 321, 2, 0, 1, 1, 1, 0, 0.916096, 0.333276
6, 322, 5, 6, 1, -1, -1, 1, 0.949681, 0.882476
6, 323, 6, 0, 1, 1, -1, 0, 0.835476, 0.199788
6, 324, 3, 0, 1, 1, 1, 0, 0.810095, 0.305643
6, 325, 1, 0, 1, 1, -1, 0, 0.796562, 0.325583
6, 326, 6, 4, 1, 1, 1, -1, 0.885312, 0.364847
6, 327, 3, 0, 1, 1, -1, 0, 1.073195, 0.218633
6, 328, 1, 0, 1, 1, 1, 0, 0.708949, 0.286215
6, 329, 2, 0, 1, 1, -1, 0, 0.873521, 0.160741
6, 330, 5, 1, 1, -1, -1, 1, 0.877187, 0.262984
6, 331, 6, 0, 1, 1, -1, 0, 0.824393, 0.173442
6, 332, 3, 0, 1, 1, -1, 0, 0.636102, 0.160257
6, 333, 4, 5, 1, -1, -1, -1, 0.897674, 0.413042
6, 334, 1, 0, 1, 1, 1, 0, 0.577842, 0.138671
6, 335, 6, 0, 1, 1, -1, 0, 0.817513, 0.126295
6, 336, 3, 5, 1, -1, 1, 1, 1.027547, 0.412853
6, 337, 2, 0, 1, 1, -1, 0, 0.631514, 0.040516
6, 338, 4, 0, 1, 1, -1, 0, 0.826168, 0.086459
6, 339, 1, 3, 1, 1, 1, 1, 0.863482, 0.317715
6, 340, 2, 0, 1, 1, -1, 0, 0.737737, 0.265625
6, 341, 1, 2, 1, 1, 1, -1, 0.691075, 0.232311
6, 342, 2, 0, 1, 1, -1, 0, 0.636850, 0.226451
6, 343, 4, 1, 1, -1, -1, -1, 0.922481, 0.385137
6, 344, 5, 6, 1, -1, 1, 1, 0.770122, 0.806544
6, 345, 3, 1, 1, -1, 1, 1, 0.889200, 0.419214
6, 346, 6, 0, 1, 1, 1, 0, 0.718041, 0.218430
6, 347, 1, 4, 1, 1, 1, 1, 0.711380, 0.553919
6, 348, 5, 0, 1, -1, 1, 0, 1.112239, 0.425767
6, 349, 6, 4, 1, 1, -1, 1, 0.843079, 0.628268
6, 351, 5, 5, 1, -1, -1, -1, 0.596947, 0.491293
6, 353, 4, 0, 1, 1, 1, 0, 0.902455, 0.377197
6, 354, 5, 2, 1, -1, -1, 1, 1.022603, 0.373057
6, 355, 3, 0, 1, 1, 1, 0, 0.961284, 0.332549
6, 357, 5, 0, 1, 1, -1, 0, 0.893816, 0.479180
6, 358, 2, 4, 1, 3, -1, -1, 1.120027, 0.000000
6, 359, 4, 6, 1, -1, -1, 1, 0.896594, 0.357120
6, 360, 6, 0, 1, 1, -1, 0, 0.904953, 0.410833
6, 361, 5, 0, 1, 1, 1, 0, 0.658027, 0.280130
6, 362, 2, 2, 1, 1, 1, -1, 0.802967, 0.286635
6, 363, 1, 5, 1, 1, 1, 1, 0.718469, 0.285578
6, 364, 1, 0, 1, 1, 1, 0, 0.613654, 0.304432
6, 365, 5, 1, 1, -1, 1, -1, 1.128545, 0.562767
6, 366, 2, 0, 1, 1, 1, 0, 0.757525, 0.357956
6, 367, 5, 6, 1, -1, 1, -1, 1.321356, 0.364229
6, 368, 4, 0, 1, 1, -1, 0, 0.866560, 0.665492
6, 369, 1, 2, 1, -1, -1, 1, 1.200090, 0.326789
6, 370, 5, 0, 1, 1, -1, 0, 0.928547, 0.246445
6, 372, 2, 0, 1, 1, -1, 0, 1.135024, 0.344844
6, 373, 2, 1, 1, 1, -1, -1, 1.067499, 0.473634
6, 374, 6, 0, 1, 1, -1, 0, 0.851058, 0.454891
6, 375, 1, 4, 1, -1, -1, 1, 1.027455, 0.975866
6, 376, 4, 0, 1, 1, -1, 0, 0.951810, 0.371975
6, 377, 4, 0, 1, 1, -1, 0, 0.908914, 0.293017
6, 378, 5, 5, 1, -1, 1, 1, 1.135337, 0.344718
6, 379, 4, 0, 1, 1, 1, 0, 0.935232, 0.272091
6, 380, 3, 4, 1, -1, 1, 1, 1.194769, 0.762015
6, 381, 4, 0, 1, 1, 1, 0, 0.915112, 0.166913
6, 382, 5, 0, 1, 1, -1, 0, 0.860961, 0.552941
6, 383, 3, 0, 1, 1, -1, 0, 0.825722, 0.218432
6, 384, 6, 1, 1, -1, -1, 1, 1.070525, 0.417931
6, 385, 4, 5, 1, -1, 1, -1, 0.943843, 0.457777
6, 386, 5, 2, 1, 1, 1, -1, 0.996258, 0.497298
6, 387, 4, 0, 1, 1, -1, 0, 0.814280, 0.293120
6, 388, 1, 0, 1, 1, -1, 0, 0.925683, 0.347005
6, 389, 6, 4, 1, 3, 1, 1, 1.257618, 0.000000
6, 390, 1, 6, 1, -1, -1, -1, 0.783537, 0.497781
6, 391, 3, 0, 1, 1, -1, 0, 0.895764, 0.377554
6, 392, 6, 5, 1, -1, -1, -1, 1.176312, 0.363776
6, 393, 1, 0, 1, 1, -1, 0, 0.784550, 0.292143
6, 394, 6, 2, 1, -1, 1, -1, 1.127967, 0.452517
6, 395, 6, 0, 1, 1, 1, 0, 1.045416, 0.400085
6, 396, 3, 6, 1, -1, 1, 1, 1.353050, 0.532204
6, 397, 3, 0, 1, 1, -1, 0, 0.995154, 0.306285
6, 398, 3, 2, 1, -1, 1, -1, 1.036980, 0.410514
6, 399, 6, 6, 1, -1, 1, 1, 0.918697, 0.404924
6, 400, 1, 0, 1, 1, 1, 0, 0.723647, 0.252697
6, 401, 5, 0, 1, 1, 1, 0, 0.637002, 0.404488
6, 402, 5, 3, 1, -1, -1, 1, 0.970714, 0.535966
6, 403, 2, 0, 1, 1, -1, 0, 0.747819, 0.272888
6, 404, 5, 0, 1, 1, -1, 0, 0.703148, 0.332596
6, 405, 3, 0, 1, 1, 1, 0, 0.861454, 0.493211
6, 406, 4, 5, 1, -1, 1, 1, 0.955194, 0.426448
6, 407, 2, 2, 1, 1, -1, 1, 0.905268, 0.293748
6, 408, 2, 0, 1, 1, -1, 0, 0.848440, 0.392300
6, 409, 3, 5, 1, -1, 1, -1, 1.178025, 0.376669
6, 412, 3, 0, 1, 1, -1, 0, 0.889509, 0.357278
6, 413, 2, 4, 1, 1, 1, 1, 0.876829, 0.310326
6, 414, 3, 0, 1, 1, 1, 0, 0.882813, 0.317530
6, 415, 2, 6, 1, -1, 1, -1, 0.861260, 0.385228
6, 416, 5, 0, 1, 1, 1, 0, 0.861445, 0.258790
6, 417, 4, 0, 1, 1, 1, 0, 1.129358, 0.404289
6, 418, 2, 5, 1, 1, -1, -1, 0.795338, 0.346308
6, 419, 4, 3, 1, -1, -1, -1, 1.021909, 0.857056
6, 420, 4, 0, 1, 1, -1, 0, 0.881699, 0.385814
6, 421, 2, 2, 1, 1, -1, -1, 0.885669, 0.561469
6, 422, 6, 0, 1, 1, 1, 0, 0.829649, 0.346678
6, 423, 2, 3, 1, -1, 1, -1, 1.000957, 0.496876
6, 424, 1, 0, 1, 1, 1, 0, 0.864739, 0.397431
6, 425, 5, 2, 1, -1, 1, 1, 0.930030, 0.556694
6, 426, 1, 6, 1, 1, 1, 1, 0.823832, 0.744612
6, 427, 2, 6, 1, -1, 1, 1, 0.888728, 0.498822
6, 428, 1, 0, 1, 3, 1, 0, 0.612189, 0.000000
6, 429, 1, 0, 1, 1, 1, 0, 0.636906, 0.331662
6, 430, 6, 2, 1, -1, 1, 1, 0.930635, 0.311160
6, 431, 4, 6, 1, 1, 1, -1, 0.972381, 0.796914
6, 432, 4, 0, 1, 1, 1, 0, 0.881887, 0.219251
6, 433, 3, 4, 1, -1, -1, 1, 1.019711, 0.607294
6, 434, 4, 1, 1, 1, -1, 1, 0.856763, 0.431723
6, 435, 4, 0, 1, 1, -1, 0, 0.897257, 0.197947
6, 436, 6, 0, 1, 1, -1, 0, 0.876298, 0.154163
6, 437, 6, 6, 1, -1, 1, -1, 0.756473, 0.411902
6, 438, 5, 1, 0, 1, 1, 1, 0.988965, 0.508273
6, 439, 5, 0, 1, 1, 1, 0, 1.057073, 0.343917
6, 440, 5, 0, 0, -1, 1, 0, 1.359660, 0.867539
6, 441, 2, 0, 1, 1, 1, 0, 0.525404, 0.186649
6, 442, 5, 0, 1, 1, 1, 0, 0.815073, 0.279812
6, 443, 3, 3, 1, -1, -1, 1, 1.154460, 0.436719
6, 444, 3, 4, 1, -1, -1, 1, 1.056225, 0.884801
6, 445, 3, 2, 1, -1, -1, -1, 1.137144, 0.545407
6, 446, 5, 6, 1, -1, 1, 1, 0.910477, 0.252512
6, 447, 6, 0, 1, 1, 1, 0, 0.684289, 0.246871
6, 449, 6, 6, 1, 1, -1, -1, 1.048955, 0.584830
6, 450, 3, 6, 1, -1, -1, 1, 0.924990, 0.437161
6, 451, 5, 4, 1, -1, 1, -1, 0.996574, 0.432017
6, 452, 2, 0, 1, 1, -1, 0, 0.982611, 0.523771
6, 455, 4, 2, 1, 1, 1, -1, 1.069106, 0.630681
6, 456, 6, 3, 1, -1, -1, -1, 1.047948, 0.481940
6, 457, 2, 5, 1, -1, 1, 1, 0.707459, 0.439199
6, 458, 1, 1, 1, -1, 1, -1, 0.890986, 0.355545
6, 459, 3, 1, 1, -1, -1, 1, 0.928821, 1.103070
6, 460, 6, 4, 1, -1, -1, -1, 1.169999, 0.450795
6, 461, 5, 5, 1, -1, -1, -1, 0.921767, 0.457007
6, 462, 2, 2, 1, 1, 1, 1, 0.657840, 0.623423
6, 463, 5, 3, 1, -1, -1, -1, 0.923751, 0.312779
6, 464, 1, 0, 1, 1, -1, 0, 0.782624, 0.253077
6, 465, 4, 4, 1, -1, -1, 1, 0.756955, 0.326536
6, 466, 5, 3, 1, -1, 1, 1, 1.010898, 0.325272
6, 467, 6, 5, 1, -1, -1, 1, 1.139302, 0.425487
6, 468, 3, 0, 1, 1, -1, 0, 0.769671, 0.253618
6, 469, 2, 0, 1, 1, 1, 0, 0.604150, 0.094124
6, 470, 4, 0, 1, 1, -1, 0, 0.823013, 0.225802
6, 471, 1, 0, 1, 1, 1, 0, 0.744026, 0.232533
6, 472, 5, 5, 1, 1, 1, -1, 0.824781, 0.265290
6, 474, 3, 0, 1, 1, 1, 0, 0.766596, 0.298713
6, 475, 6, 1, 1, -1, -1, -1, 0.875880, 0.452322
6, 476, 6, 3, 1, -1, 1, 1, 1.110429, 0.483787
6, 478, 5, 0, 1, 1, 1, 0, 0.854367, 0.424127
6, 479, 3, 0, 1, 1, -1, 0, 0.869109, 0.399939
6, 480, 6, 0, 1, 1, 1, 0, 0.843248, 0.352700
6, 481, 1, 0, 1, 3, 1, 0, 0.623289, 0.000000
6, 482, 4, 3, 1, 1, 1, -1, 1.299610, 0.386296
6, 483, 6, 0, 1, 1, 1, 0, 0.797616, 0.374792
6, 484, 5, 0, 1, 1, -1, 0, 0.917887, 0.391017
6, 485, 3, 1, 1, -1, -1, -1, 1.042150, 0.402806
6, 486, 6, 0, 1, 1, 1, 0, 0.958628, 0.287332
6, 487, 5, 0, 1, 1, -1, 0, 1.030667, 0.410840
6, 488, 1, 0, 1, 1, -1, 0, 0.882513, 0.398283
6, 489, 5, 5, 1, 1, 1, 1, 0.894174, 0.550480
6, 490, 2, 0, 1, 1, -1, 0, 0.947514, 0.266862
6, 491, 3, 4, 1, -1, 1, -1, 1.055730, 1.002755
6, 492, 4, 0, 1, 1, 1, 0, 1.184219, 0.358226
6, 493, 2, 0, 1, 1, -1, 0, 0.904111, 0.200642
6, 494, 6, 2, 1, -1, -1, 1, 1.159285, 0.298775
6, 495, 3, 5, 1, -1, -1, -1, 1.034374, 0.313942
6, 496, 2, 6, 1, -1, 1, 1, 0.915064, 0.432547
6, 497, 3, 0, 1, 1, 1, 0, 1.020076, 0.317705
6, 498, 3, 0, 1, 1, -1, 0, 0.768598, 0.239628
6, 499, 5, 4, 1, -1, -1, -1, 0.838708, 0.290859
6, 500, 3, 0, 1, 1, 1, 0, 0.830128, 0.159952
6, 501, 3, 3, 1, -1, 1, 1, 0.932594, 0.623763
6, 502, 5, 0, 1, 1, -1, 0, 0.572741, 0.291899
6, 503, 2, 1, 1, -1, 1, 1, 0.711395, 0.625515
6, 504, 2, 1, 1, -1, 1, 1, 0.692001, 0.566109
6, 505, 2, 6, 1, -1, 1, -1, 1.268032, 1.017852
6, 506, 6, 0, 1, 1, 1, 0, 0.840332, 0.305936
6, 507, 6, 3, 1, -1, 1, 1, 1.179654, 0.392877
6, 508, 1, 6, 1, 1, -1, 1, 0.846291, 0.740578
6, 509, 3, 6, 1, -1, 1, -1, 1.248126, 0.324850
6, 510, 5, 3, 1, 1, -1, -1, 0.868441, 0.346761
6, 511, 6, 6, 1, -1, -1, 1, 0.888733, 0.546040
6, 512, 1, 0, 1, 1, 1, 0, 0.506727, 0.365625
6, 513, 6, 3, 1, -1, 1, -1, 1.234077, 0.366107
6, 514, 5, 0, 1, 1, -1, 0, 0.809451, 0.167215
6, 515, 1, 3, 1, 1, -1, 1, 0.917293, 0.582517
6, 516, 2, 2, 1, 1, -1, 1, 0.823048, 0.667527
6, 517, 4, 0, 0, -1, 1, 0, 0.537402, 0.723772
6, 518, 1, 6, 1, 1, -1, -1, 0.842531, 0.419011
6, 519, 1, 0, 1, 1, -1, 0, 0.742822, 0.166435
6, 520, 4, 0, 1, 1, -1, 0, 0.879445, 0.287000
6, 521, 3, 0, 1, 1, -1, 0, 0.804595, 0.297750
6, 522, 6, 1, 1, 1, 1, -1, 1.150157, 0.309662
6, 523, 4, 0, 1, 1, -1, 0, 0.873857, 0.192994
6, 524, 5, 4, 1, -1, -1, -1, 1.123213, 0.344309
6, 525, 5, 5, 1, 1, -1, 1, 0.722645, 0.332067
6, 526, 4, 0, 1, 1, 1, 0, 0.811509, 0.179565
6, 527, 6, 0, 1, 1, 1, 0, 0.789776, 0.565999
6, 528, 1, 4, 1, 1, 1, 1, 0.704142, 0.305155
6, 529, 2, 0, 1, 1, -1, 0, 0.732096, 0.092850
6, 530, 2, 0, 1, 1, 1, 0, 0.598621, 0.139920
6, 532, 3, 4, 1, 1, 1, 1, 1.183612, 0.578692
6, 533, 1, 0, 1, 1, -1, 0, 0.877240, 0.377779
6, 534, 5, 0, 1, 1, 1, 0, 0.757713, 0.371387
6, 535, 5, 0, 1, 1, -1, 0, 0.750047, 0.211651
6, 536, 2, 0, 1, 1, 1, 0, 0.711737, 0.279083
6, 537, 2, 1, 1, 1, -1, 1, 0.682535, 0.292736
6, 538, 4, 3, 1, -1, -1, -1, 1.029772, 0.376987
6, 539, 4, 0, 1, 1, 1, 0, 0.695295, 0.140187
6, 540, 4, 0, 1, 1, 1, 0, 0.829726, 0.584584
6, 541, 6, 5, 1, 1, 1, 1, 1.190985, 0.343994
6, 542, 4, 0, 1, 1, -1, 0, 0.873604, 0.292474
6, 543, 4, 0, 1, 1, 1, 0, 0.855103, 0.332252
6, 544, 6, 3, 1, -1, 1, -1, 1.310521, 0.451216
6, 545, 4, 6, 1, -1, 1, 1, 0.947421, 0.424942
6, 546, 5, 2, 1, -1, -1, 1, 0.983194, 0.411202
6, 547, 3, 2, 1, -1, -1, -1, 1.325926, 0.510311
6, 549, 6, 1, 1, 1, 1, 1, 0.958221, 0.523603
6, 550, 2, 1, 1, 1, 1, -1, 0.762684, 1.046861
6, 551, 5, 0, 1, 1, -1, 0, 0.531793, 0.312965
6, 553, 3, 0, 1, 3, 1, 0, 0.970597, 0.000000
6, 554, 3, 0, 1, 1, -1, 0, 0.914920, 0.376881
6, 555, 6, 0, 1, 1, 1, 0, 0.884064, 0.326175
6, 556, 1, 5, 1, 1, -1, 1, 0.794141, 0.473302
6, 557, 3, 0, 1, 1, 1, 0, 0.838258, 0.382916
6, 558, 2, 0, 1, 1, -1, 0, 0.671295, 0.226339
6, 559, 1, 0, 1, 1, 1, 0, 0.716718, 0.331425
6, 560, 5, 0, 1, 1, 1, 0, 0.728793, 0.391135
6, 561, 6, 5, 1, -1, -1, 1, 1.009741, 0.278710
6, 562, 5, 0, 1, 1, -1, 0, 0.661022, 0.430329
6, 564, 1, 0, 1, 3, 1, 0, 0.637254, 0.000000
6, 565, 1, 6, 1, 1, 1, -1, 0.696769, 0.506087
6, 566, 1, 0, 1, 1, 1, 0, 0.677844, 0.306365
6, 567, 4, 5, 0, -1, 1, 1, 0.791024, 0.789235
6, 568, 1, 1, 1, -1, 1, 1, 0.785366, 0.694900
6, 569, 2, 0, 1, 1, 1, 0, 0.709308, 0.311345
6, 570, 4, 2, 1, -1, 1, 1, 0.871618, 0.577125
6, 571, 2, 0, 1, 1, 1, 0, 0.630726, 1.115286
6, 572, 5, 2, 1, 1, 1, -1, 0.902473, 1.798335
6, 573, 3, 2, 1, -1, 1, 1, 0.789428, 0.556007
6, 574, 3, 6, 1, -1, -1, -1, 0.835524, 0.391295
6, 575, 6, 0, 1, 1, -1, 0, 0.876117, 0.260686
6, 576, 4, 0, 1, 1, 1, 0, 0.723444, 0.292053
6, 577, 1, 4, 1, 1, 1, -1, 0.659369, 0.404254
6, 578, 3, 4, 1, -1, -1, -1, 1.017849, 0.625356
6, 579, 5, 0, 1, 1, 1, 0, 0.763296, 0.233957
6, 580, 1, 1, 1, 1, 1, -1, 0.814791, 0.403481
6, 581, 4, 2, 1, -1, 1, 1, 1.049349, 0.437325
6, 582, 6, 4, 1, -1, 1, -1, 1.043931, 0.371721
6, 583, 6, 4, 1, 1, 1, 1, 0.823160, 0.814054
6, 584, 5, 4, 1, -1, 1, -1, 1.334453, 0.338320
6, 585, 5, 1, 1, 1, -1, -1, 0.817003, 0.583910
6, 586, 4, 4, 1, -1, 1, 1, 1.266482, 0.418966
6, 587, 1, 5, 1, 1, 1, 1, 0.844655, 0.332859
6, 588, 6, 4, 1, 1, -1, -1, 0.883384, 0.285635
6, 589, 3, 2, 1, -1, -1, 1, 1.086318, 0.385036
6, 590, 3, 6, 1, -1, 1, -1, 1.051565, 0.395706
6, 592, 1, 0, 1, 1, 1, 0, 0.678259, 0.232073
6, 593, 2, 3, 1, 1, -1, -1, 0.888680, 0.338755
6, 594, 3, 0, 1, 1, 1, 0, 0.921227, 0.417817
6, 595, 4, 0, 1, 1, -1, 0, 0.750467, 0.204859
6, 596, 3, 0, 1, 1, 1, 0, 0.921043, 0.253878
6, 597, 3, 1, 1, -1, 1, 1, 0.849013, 1.076341
6, 598, 3, 6, 0, -1, 1, 1, 1.156233, 1.131123
6, 599, 6, 0, 1, 1, -1, 0, 0.819784, 0.684372
6, 601, 5, 4, 1, -1, 1, 1, 1.219559, 0.747898
6, 602, 2, 2, 1, 1, 1, 1, 0.736178, 0.312075
6, 603, 3, 0, 1, 1, -1, 0, 0.748186, 0.160898
6, 604, 2, 0, 1, 1, -1, 0, 0.604850, 0.120072
6, 606, 3, 0, 1, 1, -1, 0, 0.822633, 0.253327
6, 607, 6, 0, 1, 1, 1, 0, 0.837297, 0.304557
6, 608, 3, 5, 1, -1, 1, 1, 0.909303, 0.384692
6, 609, 4, 0, 1, 1, -1, 0, 0.638198, 0.271395
6, 610, 1, 0, 1, 1, 1, 0, 0.610124, 0.213815
