observer, trial, targLoc, distLoc, targDiscrim, thoughtNoAttCap, tc, dc, RT, TrialTypeRT
14, 2, 4, 0, 1, 3, -1, 0, 0.509027, 0.000000
14, 3, 4, 0, 1, 3, -1, 0, 0.430022, 0.000000
14, 4, 1, 0, 1, 1, 1, 0, 0.815182, 20.681777
14, 5, 6, 0, 1, 3, -1, 0, 0.825853, 0.000000
14, 6, 2, 2, 1, 3, 1, -1, 0.771273, 0.000000
14, 7, 6, 0, 0, 3, -1, 0, 0.675566, 0.000000
14, 8, 6, 0, 1, 1, 1, 0, 1.088142, 9.270898
14, 9, 6, 0, 1, 3, -1, 0, 0.896809, 0.000000
14, 10, 2, 4, 1, 1, 1, -1, 0.779265, 2.984087
14, 11, 3, 0, 1, 1, -1, 0, 0.641406, 1.770122
14, 12, 3, 0, 1, 1, -1, 0, 0.647049, 1.797462
14, 13, 5, 4, 0, 1, 1, -1, 0.661217, 2.890561
14, 14, 1, 4, 0, 3, -1, 1, 0.773914, 0.000000
14, 15, 5, 3, 1, 1, 1, -1, 0.781388, 3.019311
14, 16, 2, 1, 1, 1, -1, -1, 1.391774, 1.301330
14, 17, 1, 0, 1, 1, 1, 0, 0.748686, 1.275086
14, 18, 4, 3, 1, 1, -1, -1, 1.031739, 0.874615
14, 19, 5, 6, 1, 1, 1, -1, 0.882865, 1.434163
14, 20, 4, 2, 1, 1, 1, 1, 1.118310, 1.541627
14, 21, 4, 0, 1, 1, -1, 0, 1.000477, 1.452549
14, 22, 5, 3, 0, 1, -1, 1, 1.355766, 1.804162
14, 23, 2, 0, 1, 1, 1, 0, 1.077906, 0.781583
14, 24, 6, 6, 1, 1, 1, 1, 1.054075, 1.165673
14, 25, 2, 0, 1, 1, -1, 0, 0.841040, 0.665011
14, 26, 1, 0, 1, 1, 1, 0, 0.880100, 0.739581
14, 28, 2, 6, 1, 3, 1, -1, 0.953166, 0.000000
14, 29, 5, 3, 1, 1, -1, -1, 0.952282, 0.882144
14, 30, 4, 0, 1, 1, -1, 0, 0.617297, 0.968833
14, 31, 5, 0, 1, 1, 1, 0, 0.761391, 0.695306
14, 33, 5, 4, 1, 3, -1, -1, 0.669099, 0.000000
14, 34, 5, 2, 1, 1, 1, -1, 0.688488, 1.106057
14, 35, 1, 0, 1, 1, -1, 0, 0.630695, 0.968457
14, 36, 6, 4, 1, 1, 1, 1, 0.876404, 0.582801
14, 37, 1, 6, 0, 1, -1, 1, 0.780184, 2.027967
14, 38, 1, 3, 1, 1, 1, 1, 0.815610, 1.168599
14, 39, 5, 0, 1, 1, -1, 0, 0.720914, 0.903923
14, 40, 5, 5, 1, 1, 1, 1, 1.149366, 1.458227
14, 41, 1, 0, 1, 1, 1, 0, 0.628409, 0.409363
14, 42, 5, 0, 1, 1, 1, 0, 0.656218, 0.438143
14, 43, 3, 1, 1, 1, -1, 1, 0.792677, 0.587334
14, 44, 1, 1, 1, 1, -1, 1, 0.808216, 1.159155
14, 45, 3, 2, 1, 1, 1, 1, 0.674427, 0.867189
14, 46, 3, 0, 1, 1, -1, 0, 0.576785, 0.543884
14, 47, 2, 4, 1, 1, -1, -1, 0.642510, 0.988363
14, 48, 3, 4, 1, 1, 1, -1, 0.926117, 0.541159
14, 49, 3, 0, 1, 1, 1, 0, 0.715131, 0.357727
14, 50, 6, 0, 1, 1, 1, 0, 0.847443, 0.889727
14, 51, 2, 0, 1, 1, -1, 0, 0.819740, 1.021499
14, 52, 1, 0, 1, 1, -1, 0, 0.569052, 0.641606
14, 53, 3, 0, 1, 3, 1, 0, 0.744778, 0.000000
14, 54, 3, 0, 1, 1, -1, 0, 0.569805, 0.609244
14, 55, 6, 0, 1, 1, 1, 0, 0.689872, 0.517971
14, 56, 1, 2, 1, 1, -1, -1, 0.715583, 0.477871
14, 57, 1, 0, 1, 1, -1, 0, 0.562132, 0.562279
14, 58, 2, 0, 1, 1, -1, 0, 0.716336, 0.750472
14, 59, 4, 0, 1, 1, -1, 0, 0.600980, 0.510103
14, 61, 2, 4, 1, -1, 1, 1, 1.175716, 0.679925
14, 62, 6, 4, 1, -1, -1, -1, 0.952260, 0.767920
14, 63, 1, 0, 1, 1, 1, 0, 0.778702, 0.561220
14, 64, 1, 2, 1, -1, 1, 1, 0.877011, 0.739957
14, 65, 1, 0, 1, 1, -1, 0, 0.635440, 1.065280
14, 66, 6, 0, 1, 1, 1, 0, 0.829915, 0.386028
14, 67, 6, 1, 1, -1, 1, -1, 1.438683, 1.078999
14, 68, 3, 6, 1, 1, -1, 1, 0.954485, 0.548252
14, 69, 2, 4, 1, 1, -1, 1, 0.929867, 0.773229
14, 70, 6, 0, 1, 1, -1, 0, 0.617308, 0.501624
14, 71, 6, 0, 1, 1, 1, 0, 0.726574, 0.554468
14, 72, 1, 4, 1, -1, -1, -1, 0.716669, 2.815615
14, 73, 5, 2, 1, 1, -1, -1, 0.570552, 1.320869
14, 74, 5, 0, 1, 1, 1, 0, 0.919076, 0.735928
14, 75, 5, 3, 1, -1, -1, 1, 1.385755, 0.457160
14, 76, 2, 6, 1, 1, -1, -1, 1.157420, 1.709627
14, 77, 6, 1, 1, 1, -1, -1, 1.088529, 0.941953
14, 78, 3, 0, 1, 1, 1, 0, 0.839544, 0.588607
14, 79, 6, 5, 1, -1, -1, 1, 1.271016, 1.801123
14, 80, 5, 0, 1, 1, 1, 0, 0.859628, 0.364606
14, 81, 5, 4, 1, 1, -1, 1, 1.133040, 1.429074
14, 82, 6, 0, 1, 1, 1, 0, 1.328743, 0.998775
14, 83, 6, 0, 1, 1, -1, 0, 1.360241, 1.000272
14, 84, 6, 0, 1, 1, 1, 0, 0.877287, 0.370341
14, 86, 3, 5, 1, -1, -1, 1, 1.348009, 0.561328
14, 87, 3, 4, 1, 1, -1, 1, 0.828802, 1.366676
14, 88, 6, 6, 1, 1, 1, 1, 0.959414, 0.633600
14, 89, 2, 0, 1, 1, -1, 0, 0.660489, 0.410615
14, 90, 5, 0, 1, 1, 1, 0, 0.889431, 0.508224
14, 91, 1, 0, 1, 1, -1, 0, 0.822241, 0.345537
14, 92, 5, 0, 1, 1, 1, 0, 0.695375, 0.319034
14, 93, 2, 3, 1, -1, -1, 1, 1.281929, 0.562541
14, 94, 5, 6, 1, 1, 1, 1, 0.767452, 0.351221
14, 95, 2, 0, 1, 1, 1, 0, 1.001349, 0.722266
14, 96, 3, 0, 1, 1, 1, 0, 0.902979, 0.490335
14, 97, 4, 0, 1, 1, -1, 0, 0.614928, 0.673518
14, 98, 1, 1, 1, 1, 1, 1, 0.744128, 1.051576
14, 99, 3, 0, 1, 1, 1, 0, 0.869677, 0.450528
14, 100, 3, 0, 1, 1, 1, 0, 1.115250, 0.451657
14, 101, 4, 0, 1, 1, 1, 0, 0.615183, 0.601938
14, 102, 3, 0, 1, 1, -1, 0, 0.661266, 0.599817
14, 103, 6, 0, 1, 1, 1, 0, 0.617125, 0.358602
14, 104, 6, 5, 1, -1, -1, 1, 0.732337, 0.482123
14, 105, 5, 0, 1, 1, -1, 0, 0.674610, 0.855234
14, 106, 5, 4, 1, -1, 1, -1, 1.198766, 0.484584
14, 107, 3, 2, 1, -1, -1, -1, 0.721608, 1.141294
14, 108, 5, 0, 1, 1, -1, 0, 0.834033, 0.979199
14, 109, 1, 4, 1, -1, 1, -1, 1.060428, 0.867374
14, 110, 5, 0, 1, 1, -1, 0, 0.747898, 1.256482
14, 111, 5, 0, 1, 1, 1, 0, 0.789114, 0.524499
14, 112, 3, 2, 1, 1, 1, -1, 0.782210, 0.542765
14, 113, 6, 0, 1, 1, -1, 0, 0.570263, 0.306363
14, 114, 2, 0, 1, 1, 1, 0, 0.665604, 0.527865
14, 115, 3, 3, 1, -1, -1, 1, 1.158175, 0.643304
14, 116, 5, 0, 1, 1, 1, 0, 0.648954, 0.778555
14, 117, 1, 0, 1, 1, -1, 0, 0.568547, 0.903983
14, 118, 5, 0, 1, 1, -1, 0, 0.449128, 0.509372
14, 119, 4, 4, 1, -1, -1, 1, 0.759413, 0.806267
14, 120, 1, 3, 1, 1, 1, -1, 0.663112, 0.419025
14, 121, 5, 0, 1, 1, 1, 0, 0.579720, 0.553271
14, 122, 5, 1, 1, -1, 1, 1, 0.786513, 0.707060
14, 123, 1, 4, 1, 1, 1, 1, 0.727480, 0.827661
14, 124, 5, 5, 1, 1, 1, -1, 1.103487, 0.615174
14, 125, 3, 0, 1, 3, -1, 0, 0.694799, 0.000000
14, 126, 4, 1, 1, -1, -1, 1, 1.141090, 1.121295
14, 127, 5, 0, 1, 1, 1, 0, 0.649778, 1.015119
14, 128, 4, 1, 0, -1, 1, -1, 1.215771, 1.063673
14, 129, 1, 3, 1, 3, -1, 1, 1.081644, 0.464192
14, 130, 5, 0, 1, 1, -1, 0, 0.536834, 0.536142
14, 131, 2, 1, 1, 1, -1, -1, 0.649232, 0.734823
14, 132, 3, 1, 1, 1, -1, -1, 1.158485, 0.628858
14, 133, 4, 5, 1, 1, -1, -1, 0.603916, 0.761364
14, 134, 3, 0, 1, 1, -1, 0, 0.601764, 0.614874
14, 135, 1, 4, 1, -1, 1, -1, 1.168073, 0.742663
14, 136, 2, 0, 1, 1, 1, 0, 0.628738, 0.470693
14, 137, 3, 1, 1, 1, -1, -1, 0.615924, 0.726651
14, 138, 5, 2, 1, -1, 1, 1, 0.748167, 1.116900
14, 139, 4, 1, 1, 1, 1, 1, 0.707400, 0.662340
14, 140, 3, 0, 1, 1, 1, 0, 0.648236, 0.575550
14, 141, 5, 3, 1, -1, 1, 1, 0.568362, 0.938540
14, 142, 5, 0, 1, 1, 1, 0, 0.699744, 0.292245
14, 143, 2, 4, 1, 1, 1, -1, 0.662334, 1.223823
14, 144, 5, 0, 1, 1, -1, 0, 0.886289, 0.695628
14, 145, 4, 0, 1, 1, -1, 0, 0.780724, 0.398885
14, 146, 3, 0, 1, 1, 1, 0, 1.001877, 0.338127
14, 147, 2, 1, 1, 1, 1, -1, 1.018451, 0.615064
14, 148, 4, 0, 1, 1, 1, 0, 0.867151, 0.878475
14, 149, 5, 6, 1, 1, 1, -1, 0.756731, 1.423952
14, 150, 3, 3, 1, 3, 1, -1, 1.090974, 0.000000
14, 151, 3, 0, 1, 1, -1, 0, 0.780747, 1.218905
14, 153, 6, 0, 1, 1, -1, 0, 0.537701, 0.279376
14, 154, 6, 0, 1, -1, -1, 0, 0.695815, 1.086458
14, 155, 6, 1, 1, 1, -1, 1, 0.702117, 0.384007
14, 156, 1, 2, 1, 1, 1, -1, 0.623302, 0.896276
14, 157, 6, 4, 1, 1, 1, -1, 0.833349, 0.431746
14, 158, 1, 4, 1, 1, -1, -1, 0.537136, 0.429986
14, 159, 3, 6, 1, 1, -1, 1, 0.955195, 0.732092
14, 160, 6, 5, 1, 1, 1, 1, 0.603701, 0.427808
14, 161, 1, 0, 1, 1, 1, 0, 0.695226, 0.461743
14, 162, 5, 5, 1, 1, -1, 1, 0.523214, 1.003568
14, 163, 1, 0, 1, 1, -1, 0, 0.813806, 0.807363
14, 164, 5, 6, 1, 1, -1, -1, 0.957417, 0.627787
14, 165, 3, 1, 1, 1, 1, -1, 0.957951, 0.672828
14, 166, 2, 0, 1, 3, -1, 0, 0.779087, 0.000000
14, 167, 4, 5, 1, -1, 1, 1, 0.770054, 0.729502
14, 168, 6, 0, 1, 1, 1, 0, 0.623391, 0.614059
14, 169, 3, 3, 1, -1, -1, 1, 1.181057, 0.358962
14, 170, 1, 2, 1, -1, 1, -1, 0.834622, 1.027769
14, 171, 1, 3, 1, 1, -1, -1, 0.905893, 0.826136
14, 172, 4, 0, 1, 1, 1, 0, 0.762191, 0.768775
14, 173, 5, 0, 1, 1, -1, 0, 0.833579, 1.095361
14, 174, 6, 0, 1, 1, -1, 0, 0.973698, 0.678278
14, 175, 2, 5, 1, -1, 1, 1, 0.840690, 0.647944
14, 176, 4, 0, 1, 1, -1, 0, 0.755582, 0.555716
14, 177, 4, 0, 1, 1, 1, 0, 0.868034, 0.970384
14, 178, 1, 0, 1, 1, 1, 0, 0.680917, 0.477424
14, 179, 3, 4, 1, -1, 1, -1, 1.159232, 0.517422
14, 180, 2, 0, 1, 1, 1, 0, 0.584027, 0.598853
14, 181, 4, 3, 1, -1, 1, 1, 1.091047, 0.555243
14, 182, 1, 5, 1, -1, 1, 1, 0.777842, 0.678332
14, 183, 1, 2, 1, 1, 1, 1, 0.867052, 0.759938
14, 185, 4, 0, 1, 1, -1, 0, 0.443107, 0.376189
14, 186, 3, 0, 1, 1, 1, 0, 0.769183, 0.478255
14, 187, 1, 0, 1, 1, -1, 0, 0.584561, 0.530490
14, 188, 1, 0, 1, 1, 1, 0, 0.596754, 0.538503
14, 189, 4, 0, 1, 1, -1, 0, 0.655968, 0.480051
14, 190, 2, 0, 1, 1, 1, 0, 0.751394, 0.567256
14, 191, 5, 1, 1, 1, -1, -1, 0.694804, 0.442823
14, 192, 4, 3, 0, -1, 1, -1, 1.476290, 1.179207
14, 193, 6, 6, 1, -1, 1, -1, 1.021243, 0.497310
14, 194, 1, 6, 1, 1, 1, 1, 0.888611, 1.060721
14, 195, 5, 0, 0, -1, -1, 0, 0.080588, 1.325796
14, 196, 5, 5, 1, 1, -1, -1, 0.720613, 1.245972
14, 197, 2, 0, 1, 1, 1, 0, 1.431223, 0.862154
14, 198, 4, 0, 1, 1, 1, 0, 0.986207, 0.754747
14, 199, 5, 0, 1, 1, -1, 0, 0.793977, 0.370562
14, 200, 5, 0, 1, 1, 1, 0, 0.596857, 0.344460
14, 201, 2, 4, 0, -1, -1, 1, 0.900067, 0.801439
14, 202, 4, 1, 1, 1, 1, 1, 0.618026, 0.311587
14, 203, 5, 0, 1, 1, 1, 0, 0.543877, 0.292301
14, 204, 4, 0, 1, 1, 1, 0, 0.543530, 0.258766
14, 205, 6, 0, 1, 1, -1, 0, 0.623962, 0.279607
14, 206, 6, 3, 1, 1, 1, -1, 0.972599, 0.264663
14, 207, 6, 3, 1, 1, -1, -1, 0.635768, 0.305498
14, 208, 2, 0, 1, 1, 1, 0, 0.569734, 0.231916
14, 209, 5, 0, 1, 1, -1, 0, 0.436287, 0.192188
14, 210, 3, 6, 1, -1, 1, -1, 1.277807, 0.418886
14, 211, 4, 0, 1, 1, 1, 0, 0.801719, 0.729051
14, 212, 4, 0, 0, -1, -1, 0, 0.100493, 0.974938
14, 213, 6, 2, 1, 1, -1, -1, 0.926393, 0.277426
14, 214, 2, 5, 1, -1, 1, -1, 0.927005, 0.258406
14, 215, 5, 5, 1, 1, -1, 1, 0.729254, 0.463175
14, 216, 6, 0, 1, 1, 1, 0, 0.617016, 0.100622
14, 217, 6, 0, 1, 1, -1, 0, 0.471072, 0.265752
14, 218, 4, 4, 1, 1, -1, 1, 0.806957, 0.305693
14, 219, 2, 3, 1, 1, -1, -1, 0.628229, 0.343323
14, 220, 3, 0, 1, 1, -1, 0, 0.570105, 1.677160
14, 221, 1, 1, 1, -1, -1, 1, 1.149339, 1.340594
14, 222, 5, 0, 1, 1, 1, 0, 0.768894, 2.638155
14, 223, 2, 0, 1, 1, -1, 0, 0.542030, 0.503072
14, 224, 1, 5, 1, 1, -1, -1, 0.655714, 0.346189
14, 225, 3, 5, 1, 1, -1, -1, 0.603802, 0.359237
14, 226, 2, 2, 1, 1, 1, 1, 0.547711, 0.237527
14, 227, 1, 0, 1, 1, 1, 0, 0.437841, 0.265968
14, 228, 2, 4, 1, 1, 1, 1, 0.470705, 0.246268
14, 229, 4, 0, 1, 1, 1, 0, 0.601792, 0.265388
14, 230, 4, 0, 1, 1, 1, 0, 0.509943, 0.238615
14, 231, 5, 5, 1, -1, -1, -1, 0.814398, 3.335021
14, 232, 2, 0, 1, 1, 1, 0, 0.648812, 0.279084
14, 233, 2, 6, 1, -1, 1, 1, 0.929511, 1.467699
14, 234, 6, 1, 1, 1, -1, -1, 0.944871, 0.336679
14, 235, 5, 0, 1, 1, 1, 0, 0.742134, 0.349906
14, 236, 5, 1, 1, -1, -1, 1, 1.005340, 1.568748
14, 237, 6, 0, 1, 1, 1, 0, 0.598113, 0.252927
14, 238, 5, 0, 1, 1, -1, 0, 0.569361, 0.225253
14, 239, 4, 0, 1, 1, 1, 0, 0.743308, 0.625288
14, 240, 1, 5, 1, 1, -1, -1, 1.021312, 0.418163
14, 241, 1, 0, 1, 1, -1, 0, 0.562149, 0.230463
14, 242, 1, 5, 1, 1, -1, 1, 0.854510, 0.265868
14, 243, 6, 4, 1, -1, 1, -1, 0.942173, 0.279800
14, 244, 6, 6, 1, 1, -1, -1, 0.795885, 0.357051
14, 245, 2, 6, 1, 1, 1, -1, 1.150924, 0.702421
14, 246, 2, 0, 1, 1, -1, 0, 0.521703, 0.264914
14, 247, 6, 3, 1, 1, -1, 1, 0.583634, 0.358019
14, 248, 6, 2, 1, -1, 1, 1, 1.021233, 0.474185
14, 249, 3, 3, 1, -1, -1, -1, 0.977020, 0.329823
14, 250, 5, 1, 1, 1, -1, -1, 0.598056, 0.975165
14, 251, 4, 3, 1, 1, 1, -1, 1.149975, 0.481280
14, 252, 2, 0, 1, 1, -1, 0, 1.265431, 0.922088
14, 253, 3, 0, 1, 1, -1, 0, 0.476868, 0.320137
14, 254, 4, 0, 1, 1, 1, 0, 0.795060, 0.431931
14, 255, 2, 5, 1, -1, -1, 1, 0.759492, 0.703038
14, 256, 2, 0, 1, 1, 1, 0, 0.694828, 0.417761
14, 257, 6, 6, 1, 1, -1, 1, 0.940079, 0.587464
14, 258, 3, 1, 1, 1, -1, 1, 0.893402, 0.608072
14, 259, 4, 4, 1, 1, -1, -1, 0.608278, 0.608169
14, 260, 3, 5, 1, -1, 1, -1, 0.788343, 0.338614
14, 261, 3, 0, 1, 1, -1, 0, 0.641449, 0.344296
14, 262, 3, 4, 1, -1, 1, 1, 0.893850, 0.728018
14, 263, 6, 2, 1, 1, 1, -1, 0.774114, 0.462599
14, 264, 2, 1, 1, 1, 1, 1, 0.825721, 0.417022
14, 265, 6, 1, 1, 1, 1, 1, 0.667847, 0.449492
14, 266, 4, 0, 1, 1, 1, 0, 0.537243, 0.437851
14, 267, 2, 0, 1, 1, -1, 0, 0.607870, 0.622911
14, 268, 1, 6, 1, 1, 1, -1, 0.895461, 0.829963
14, 269, 1, 0, 1, 1, -1, 0, 0.819991, 0.278689
14, 270, 4, 2, 1, -1, 1, -1, 1.031262, 0.304643
14, 271, 5, 5, 1, -1, 1, 1, 1.060189, 0.319443
14, 272, 3, 5, 1, 1, -1, 1, 0.991451, 1.017723
14, 273, 4, 5, 1, 1, -1, 1, 0.695417, 0.609834
14, 274, 5, 2, 1, 1, -1, -1, 0.655065, 0.326741
14, 275, 4, 4, 1, 1, -1, -1, 0.568444, 0.442614
14, 276, 4, 6, 1, 1, 1, 1, 0.925912, 0.587042
14, 277, 5, 0, 1, 1, -1, 0, 0.649107, 0.231114
14, 278, 4, 0, 1, 1, -1, 0, 0.531504, 0.325300
14, 279, 1, 3, 1, 1, 1, -1, 0.746234, 0.354665
14, 280, 1, 0, 1, 1, -1, 0, 0.558011, 0.265462
14, 281, 2, 1, 1, 1, -1, 1, 0.707418, 0.193066
14, 282, 2, 0, 1, 1, -1, 0, 0.478324, 0.251877
14, 283, 6, 3, 1, 1, -1, -1, 0.806663, 0.475676
14, 284, 1, 0, 1, 1, 1, 0, 0.622710, 0.522595
14, 285, 4, 0, 1, 1, 1, 0, 0.686489, 0.429338
14, 286, 4, 0, 1, 1, -1, 0, 0.487208, 0.230167
14, 287, 6, 0, 1, 1, -1, 0, 0.640188, 0.497113
14, 288, 2, 2, 1, 1, 1, -1, 0.649637, 0.465876
14, 289, 2, 6, 1, 1, 1, 1, 0.516109, 0.284213
14, 290, 4, 3, 0, -1, 1, 1, 1.118269, 0.728222
14, 291, 5, 6, 1, 1, -1, 1, 0.820527, 0.279066
14, 292, 5, 1, 1, -1, -1, 1, 0.706588, 1.302175
14, 293, 5, 0, 1, 1, -1, 0, 0.469551, 0.558458
14, 294, 5, 0, 1, 1, -1, 0, 0.584433, 0.338777
14, 295, 3, 0, 1, 1, 1, 0, 0.667539, 0.172361
14, 296, 6, 0, 1, 1, 1, 0, 0.556842, 0.259372
14, 297, 3, 6, 1, 1, -1, -1, 0.634227, 0.225590
14, 298, 6, 0, 1, 1, 1, 0, 0.701819, 0.199349
14, 299, 5, 0, 1, 1, -1, 0, 0.446134, 0.212106
14, 300, 1, 0, 1, 1, -1, 0, 0.570543, 0.173122
14, 301, 2, 3, 1, 1, 1, -1, 0.728090, 0.266020
14, 302, 3, 4, 1, -1, -1, 1, 0.749066, 0.285930
14, 303, 4, 3, 1, -1, -1, -1, 0.886209, 0.351258
14, 304, 1, 0, 1, 1, 1, 0, 0.557331, 0.285222
14, 305, 1, 1, 1, 1, 1, -1, 0.829153, 0.272210
14, 306, 2, 6, 1, 1, -1, -1, 0.701724, 0.356428
14, 307, 5, 3, 1, 1, -1, -1, 0.435521, 0.390545
14, 308, 6, 4, 1, 1, -1, 1, 0.801198, 0.377372
14, 309, 1, 0, 1, 1, -1, 0, 0.529455, 0.456637
14, 310, 5, 4, 1, 1, 1, 1, 0.721417, 0.524993
14, 311, 2, 0, 1, 1, -1, 0, 0.458510, 0.608004
14, 312, 6, 2, 1, 1, -1, -1, 0.495770, 0.317371
14, 313, 4, 2, 1, 1, 1, 1, 0.816354, 0.456034
14, 314, 5, 0, 1, 1, -1, 0, 0.442440, 0.331478
14, 315, 1, 0, 1, 1, -1, 0, 0.556580, 0.218313
14, 316, 3, 0, 1, 1, -1, 0, 0.535975, 0.358356
14, 317, 3, 0, 1, 1, -1, 0, 0.417362, 0.212225
14, 318, 1, 1, 1, 1, 1, 1, 0.662335, 0.277225
14, 319, 1, 0, 1, 1, 1, 0, 0.517447, 0.359573
14, 320, 6, 6, 1, 1, -1, 1, 0.754270, 0.687615
14, 321, 3, 3, 1, -1, 1, -1, 1.101216, 0.319400
14, 322, 3, 0, 1, 1, 1, 0, 0.668646, 0.398180
14, 323, 2, 0, 1, 1, -1, 0, 0.511295, 0.576478
14, 324, 3, 0, 1, 1, 1, 0, 0.827980, 0.338919
14, 325, 2, 0, 1, 1, -1, 0, 0.504075, 0.408876
14, 326, 1, 6, 1, 1, 1, 1, 0.715903, 0.232535
14, 327, 4, 6, 1, 1, 1, 1, 0.673958, 0.377933
14, 328, 6, 0, 1, 1, -1, 0, 0.503319, 0.325776
14, 329, 4, 6, 1, 1, -1, -1, 0.437906, 0.297726
14, 330, 4, 0, 1, 1, 1, 0, 0.707460, 0.370120
14, 331, 6, 0, 1, 1, 1, 0, 0.535589, 0.416761
14, 332, 3, 0, 0, 1, 1, 0, 0.484656, 1.890547
14, 333, 2, 0, 1, 1, 1, 0, 0.504530, 0.415915
14, 334, 1, 3, 1, 1, 1, 1, 0.503726, 0.510122
14, 335, 3, 2, 1, -1, 1, -1, 0.926656, 0.278343
14, 336, 6, 0, 1, 1, -1, 0, 0.686677, 0.265680
14, 337, 1, 0, 1, 1, -1, 0, 0.522953, 0.238511
14, 338, 2, 0, 1, 1, -1, 0, 0.496539, 0.297680
14, 339, 2, 3, 1, 1, 1, -1, 0.654728, 0.516126
14, 340, 5, 0, 1, 1, 1, 0, 0.595804, 0.919087
14, 341, 3, 5, 1, -1, 1, -1, 0.868781, 0.385737
14, 342, 6, 0, 1, 1, -1, 0, 0.584037, 0.398151
14, 343, 4, 1, 1, 1, -1, -1, 0.642816, 0.337225
14, 344, 2, 2, 1, 1, -1, -1, 0.991804, 0.661567
14, 345, 4, 0, 1, 1, 1, 0, 0.794494, 0.258403
14, 346, 6, 4, 1, 1, -1, -1, 1.212288, 1.035696
14, 347, 6, 3, 1, 1, 1, -1, 1.058267, 0.898876
14, 348, 4, 5, 0, 1, 1, -1, 0.569775, 1.611620
14, 349, 5, 0, 1, 1, 1, 0, 0.749823, 0.813384
14, 350, 6, 5, 1, 1, 1, 1, 0.761409, 0.508809
14, 351, 6, 0, 1, 1, 1, 0, 0.682624, 0.589140
14, 352, 2, 0, 1, 1, 1, 0, 0.431976, 0.385061
14, 353, 4, 0, 1, 1, 1, 0, 0.584319, 0.285334
14, 354, 1, 6, 1, 1, -1, -1, 0.750858, 0.311628
14, 355, 1, 2, 1, -1, -1, 1, 0.693034, 1.016477
14, 356, 3, 0, 1, 1, 1, 0, 0.617010, 0.644486
14, 357, 4, 5, 0, 1, 1, -1, 0.742000, 1.373018
14, 358, 4, 0, 1, 1, -1, 0, 0.621520, 0.455246
14, 359, 2, 0, 1, 1, 1, 0, 0.555229, 0.431196
14, 360, 2, 0, 1, 1, -1, 0, 0.562038, 0.748395
14, 361, 1, 0, 0, 1, -1, 0, 0.469875, 1.056832
14, 362, 3, 0, 1, 1, 1, 0, 0.636581, 0.345437
14, 363, 6, 0, 1, 1, -1, 0, 0.562061, 0.330156
14, 364, 6, 0, 1, 1, -1, 0, 0.557134, 0.385199
14, 365, 6, 6, 1, -1, 1, -1, 0.895857, 0.663894
14, 366, 5, 0, 1, 1, -1, 0, 0.422232, 0.468020
14, 367, 4, 0, 1, 1, 1, 0, 0.560805, 0.397876
14, 368, 3, 0, 1, 1, 1, 0, 0.556184, 0.627935
14, 369, 1, 0, 1, 1, -1, 0, 0.529498, 0.501943
14, 370, 1, 0, 1, 1, 1, 0, 0.463841, 0.651034
14, 371, 4, 2, 1, -1, -1, -1, 0.581196, 1.027387
14, 372, 2, 5, 1, -1, 1, -1, 0.797810, 0.865224
14, 373, 2, 0, 1, 1, -1, 0, 0.543826, 0.690331
14, 374, 6, 6, 1, 1, -1, -1, 0.597470, 0.486017
14, 375, 5, 0, 1, 1, -1, 0, 0.562962, 0.442825
14, 376, 1, 4, 1, 1, 1, 1, 0.511105, 0.431707
14, 377, 6, 1, 1, 1, -1, 1, 0.981743, 0.813572
14, 378, 6, 0, 1, 1, 1, 0, 0.538733, 0.471215
14, 379, 6, 0, 1, 1, 1, 0, 0.564138, 0.635735
14, 380, 2, 0, 1, 1, -1, 0, 0.620865, 0.415876
14, 381, 3, 0, 1, 1, -1, 0, 0.529302, 0.477624
14, 382, 2, 5, 1, -1, -1, -1, 1.012834, 0.491128
14, 383, 1, 0, 1, 1, -1, 0, 0.490195, 0.344651
14, 384, 3, 1, 1, 1, 1, -1, 0.779499, 0.992579
14, 385, 1, 2, 1, 1, -1, -1, 0.568881, 0.774629
14, 386, 6, 1, 1, 1, 1, 1, 0.657653, 0.390637
14, 387, 3, 6, 1, 1, 1, 1, 0.603183, 0.337649
14, 388, 2, 0, 1, 1, -1, 0, 0.583219, 0.699853
14, 389, 4, 0, 1, 1, -1, 0, 0.458236, 0.284925
14, 390, 4, 2, 1, -1, -1, 1, 0.808988, 0.558658
14, 391, 3, 0, 1, 1, -1, 0, 0.521241, 0.404200
14, 392, 3, 4, 1, 1, -1, -1, 0.569176, 0.410014
14, 393, 3, 0, 1, 1, 1, 0, 0.543409, 0.351395
14, 394, 3, 0, 1, 1, 1, 0, 0.619221, 0.450891
14, 395, 4, 3, 1, 1, -1, 1, 0.595258, 0.297503
14, 396, 1, 0, 1, 1, -1, 0, 0.490109, 0.385038
14, 397, 5, 4, 1, 1, -1, -1, 0.798747, 0.709824
14, 398, 2, 0, 1, 1, 1, 0, 0.397708, 0.391237
14, 399, 2, 3, 0, 1, -1, 1, 0.885969, 2.826997
14, 400, 1, 4, 0, 1, -1, 1, 0.710071, 1.306383
14, 401, 1, 0, 1, 1, 1, 0, 1.065684, 0.669469
14, 402, 6, 3, 1, 1, 1, 1, 0.622743, 0.388792
14, 403, 4, 4, 1, -1, 1, 1, 0.657554, 0.372063
14, 404, 4, 1, 1, 1, -1, -1, 0.662990, 0.424564
14, 405, 4, 0, 1, 1, -1, 0, 0.423464, 0.285494
14, 406, 3, 0, 1, 1, -1, 0, 0.510291, 0.359351
14, 407, 3, 0, 1, 1, 1, 0, 0.513165, 0.332020
14, 408, 2, 0, 1, 1, 1, 0, 0.588864, 0.588281
14, 409, 5, 1, 1, 1, 1, -1, 0.773817, 0.350348
14, 410, 4, 6, 1, 1, 1, -1, 0.617387, 0.298885
14, 411, 3, 0, 1, 1, -1, 0, 0.569681, 0.344190
14, 412, 6, 0, 1, 1, 1, 0, 0.607831, 0.418092
14, 413, 4, 6, 1, 1, 1, -1, 0.861714, 0.370983
14, 414, 3, 0, 1, 1, 1, 0, 0.885249, 0.923563
14, 415, 3, 5, 1, 1, -1, -1, 0.912978, 0.303077
14, 416, 4, 0, 1, 1, 1, 0, 0.570308, 0.330026
14, 417, 6, 0, 1, 1, 1, 0, 0.601654, 0.225521
14, 418, 1, 0, 1, 1, -1, 0, 0.623522, 0.550352
14, 419, 3, 0, 1, 1, 1, 0, 0.575977, 0.359315
14, 420, 6, 0, 1, 1, 1, 0, 0.490674, 0.271250
14, 421, 3, 0, 1, 1, -1, 0, 0.488771, 0.283877
14, 422, 1, 0, 1, 1, -1, 0, 0.536819, 0.330837
14, 423, 2, 5, 1, 1, -1, 1, 0.616131, 0.277778
14, 424, 6, 2, 1, 1, -1, 1, 0.787276, 0.249990
14, 425, 4, 0, 1, 1, 1, 0, 0.635933, 0.510353
14, 426, 3, 0, 1, 1, -1, 0, 0.552213, 0.504630
14, 427, 1, 6, 1, 1, -1, 1, 0.829827, 0.384781
14, 428, 5, 0, 1, 1, 1, 0, 0.576547, 0.517369
14, 429, 6, 3, 1, 1, -1, 1, 0.558150, 0.432493
14, 430, 2, 0, 1, 1, -1, 0, 0.476262, 0.220168
14, 431, 4, 6, 1, 1, -1, 1, 0.501907, 0.239209
14, 432, 3, 5, 1, 1, 1, 1, 0.675038, 0.338836
14, 433, 6, 5, 1, 1, 1, -1, 0.885578, 0.324791
14, 434, 2, 0, 1, 1, -1, 0, 0.517522, 0.185418
14, 435, 1, 0, 1, 1, 1, 0, 0.416897, 0.265154
14, 436, 6, 3, 1, 1, 1, 1, 0.574470, 0.271842
14, 437, 5, 6, 1, 1, 1, 1, 0.457474, 0.264509
14, 438, 5, 0, 1, 1, 1, 0, 0.544598, 0.306058
14, 439, 1, 1, 1, 1, 1, -1, 0.514852, 0.311019
14, 440, 4, 1, 1, 1, -1, 1, 0.923060, 1.511234
14, 441, 1, 5, 1, 1, 1, -1, 0.869847, 0.444087
14, 442, 6, 0, 1, 1, 1, 0, 0.470076, 0.291475
14, 443, 3, 6, 1, 1, 1, 1, 0.845088, 0.323638
14, 444, 1, 2, 1, 1, -1, 1, 0.962710, 0.278324
14, 445, 1, 6, 1, 1, -1, -1, 0.618071, 0.179102
14, 446, 2, 4, 1, 1, -1, -1, 0.542392, 0.258188
14, 447, 3, 3, 1, 1, 1, 1, 0.583488, 0.206973
14, 448, 4, 0, 1, 1, -1, 0, 0.464719, 0.192696
14, 449, 2, 1, 1, 1, 1, 1, 0.463929, 0.252659
14, 450, 1, 0, 1, 1, 1, 0, 0.615380, 0.126317
14, 451, 5, 2, 1, 1, -1, 1, 0.557430, 0.253962
14, 452, 5, 0, 1, 1, 1, 0, 0.501141, 0.370864
14, 453, 4, 4, 1, -1, 1, -1, 1.074652, 0.411563
14, 454, 2, 2, 1, 1, 1, 1, 0.538146, 0.258481
14, 455, 3, 0, 1, 1, 1, 0, 0.563862, 0.233142
14, 456, 3, 0, 1, 1, 1, 0, 0.610316, 0.455245
14, 457, 1, 0, 1, 1, 1, 0, 0.469295, 0.608804
14, 458, 3, 5, 1, -1, 1, 1, 0.409335, 1.407155
14, 459, 2, 6, 1, -1, -1, 1, 1.238717, 1.720721
14, 460, 2, 0, 1, 1, -1, 0, 0.614521, 0.086874
14, 461, 3, 4, 1, -1, -1, -1, 0.595389, 0.515744
14, 462, 3, 0, 1, 1, -1, 0, 0.531365, 0.094121
14, 463, 2, 0, 1, 1, 1, 0, 0.450772, 0.166784
14, 464, 1, 0, 1, 1, -1, 0, 0.544159, 0.253103
14, 465, 2, 3, 1, -1, 1, 1, 0.728108, 0.278635
14, 466, 5, 1, 1, 1, 1, -1, 0.908704, 1.550454
14, 467, 6, 5, 1, 1, 1, -1, 0.688506, 0.372104
14, 468, 1, 6, 1, 1, 1, -1, 0.608849, 0.363669
14, 469, 2, 1, 1, 1, 1, -1, 0.523563, 0.615091
14, 470, 3, 0, 1, 1, -1, 0, 0.530887, 0.378544
14, 471, 1, 5, 1, 1, 1, 1, 0.708127, 0.595117
14, 472, 6, 0, 1, 1, -1, 0, 0.496391, 1.221813
14, 473, 5, 6, 1, 1, -1, 1, 0.641699, 0.582643
14, 474, 4, 0, 1, 1, -1, 0, 0.462984, 0.258071
14, 475, 4, 0, 1, 1, -1, 0, 0.404797, 0.245174
14, 476, 4, 0, 1, 1, -1, 0, 0.445228, 0.218610
14, 477, 6, 0, 1, 1, -1, 0, 0.591786, 0.165281
14, 478, 1, 0, 0, 1, -1, 0, 0.371356, 0.531002
14, 479, 2, 0, 1, 1, -1, 0, 0.569807, 0.185695
14, 480, 3, 2, 1, 1, -1, 1, 0.728082, 0.159606
14, 481, 2, 0, 0, 1, -1, 0, 0.418096, 0.681593
14, 482, 1, 0, 1, 1, 1, 0, 0.474287, 0.172739
14, 483, 6, 0, 1, 1, -1, 0, 0.463113, 0.199274
14, 484, 5, 0, 1, 1, 1, 0, 0.516336, 0.312445
14, 485, 1, 0, 1, 1, -1, 0, 0.510558, 0.345733
14, 486, 2, 0, 1, 1, 1, 0, 0.417357, 0.304981
14, 487, 4, 0, 1, 1, -1, 0, 0.469799, 0.256223
14, 488, 6, 2, 1, 1, -1, 1, 0.690065, 0.292394
14, 489, 4, 0, 1, 1, 1, 0, 0.609329, 0.226134
14, 490, 4, 0, 1, 1, -1, 0, 0.417819, 0.350756
14, 491, 5, 4, 1, 1, -1, 1, 0.436983, 0.383654
14, 492, 3, 6, 1, 1, 1, -1, 0.655039, 0.331577
14, 493, 1, 0, 1, 1, 1, 0, 0.436454, 0.390227
14, 494, 2, 3, 1, 1, 1, 1, 0.483558, 0.378571
14, 495, 6, 0, 1, 1, 1, 0, 0.603861, 0.601999
14, 496, 2, 6, 1, -1, -1, 1, 1.054293, 0.679596
14, 497, 6, 0, 1, 1, -1, 0, 0.515734, 0.470980
14, 498, 6, 1, 1, 1, 1, -1, 0.677016, 0.318363
14, 499, 2, 5, 1, 1, 1, 1, 0.549016, 0.278994
14, 500, 4, 2, 1, 1, 1, -1, 0.683000, 0.324433
14, 501, 4, 6, 1, 1, -1, 1, 0.701609, 0.410003
14, 502, 3, 1, 1, 3, 1, 1, 0.549828, 0.510650
14, 503, 5, 0, 1, 1, -1, 0, 0.431455, 0.186079
14, 504, 2, 0, 1, 1, 1, 0, 0.442701, 0.067189
14, 505, 3, 0, 1, 1, -1, 0, 0.502551, 0.237600
14, 506, 2, 5, 1, 1, -1, -1, 0.594145, 0.259186
14, 507, 6, 2, 1, -1, 1, -1, 0.892308, 0.507612
14, 508, 3, 0, 1, 1, -1, 0, 0.608215, 0.172398
14, 509, 4, 5, 1, -1, -1, 1, 0.483148, 0.430858
14, 510, 2, 0, 1, 1, 1, 0, 0.435663, 0.205129
14, 511, 4, 2, 1, 1, -1, 1, 0.709208, 0.515319
14, 512, 5, 0, 0, 1, 1, 0, 0.411275, 0.972723
14, 513, 1, 0, 1, 1, 1, 0, 0.431168, 0.451522
14, 514, 5, 4, 1, 1, 1, 1, 0.641417, 0.318777
14, 515, 4, 1, 1, 1, 1, -1, 0.810382, 0.523441
14, 516, 5, 6, 1, 1, -1, -1, 0.694272, 0.336907
14, 517, 3, 0, 1, 1, 1, 0, 0.568505, 0.323657
14, 518, 1, 0, 1, 1, 1, 0, 0.437327, 0.475058
14, 519, 4, 2, 1, 1, -1, -1, 0.791651, 0.296883
14, 520, 6, 0, 1, 1, -1, 0, 0.471270, 0.416867
14, 521, 5, 5, 1, 1, 1, -1, 0.548247, 0.172959
14, 522, 4, 0, 1, 1, -1, 0, 0.463689, 0.225999
14, 523, 2, 0, 1, 1, 1, 0, 0.385467, 0.152804
14, 524, 2, 0, 1, 1, 1, 0, 0.389559, 0.206181
14, 525, 2, 1, 1, 1, -1, 1, 0.575221, 0.146960
14, 526, 1, 1, 1, 1, -1, -1, 0.475589, 0.231281
14, 527, 1, 1, 1, 1, -1, -1, 0.544090, 0.207174
14, 528, 6, 0, 1, 1, 1, 0, 0.516298, 0.106807
14, 529, 5, 0, 1, 1, 1, 0, 0.491168, 0.093691
14, 530, 5, 0, 1, 1, -1, 0, 0.383499, 0.034020
14, 531, 1, 3, 1, 1, -1, 1, 0.759333, 0.087092
14, 532, 6, 0, 1, 1, -1, 0, 0.516793, 0.047409
14, 533, 1, 3, 1, 1, -1, -1, 0.748303, 0.047584
14, 534, 4, 4, 1, -1, 1, -1, 1.151159, 0.390841
14, 535, 3, 6, 1, 1, -1, -1, 0.596085, 0.186224
14, 536, 6, 4, 1, 1, 1, 1, 0.641558, 0.073433
14, 537, 4, 0, 1, 1, 1, 0, 0.695412, 0.252142
14, 538, 1, 0, 1, 1, 1, 0, 0.502914, 0.312760
14, 539, 6, 4, 1, 1, -1, 1, 0.603973, 0.232570
14, 540, 2, 0, 1, 1, 1, 0, 0.641606, 0.343498
14, 541, 4, 5, 1, 1, -1, -1, 0.604366, 0.563473
14, 542, 6, 0, 1, 1, 1, 0, 0.615539, 0.291353
14, 543, 5, 0, 1, 1, -1, 0, 0.464833, 0.212597
14, 544, 5, 0, 1, 1, -1, 0, 0.411174, 0.290231
14, 545, 1, 0, 1, 1, 1, 0, 0.775288, 0.319067
14, 546, 3, 3, 1, -1, -1, -1, 0.709497, 0.402971
14, 547, 1, 5, 0, -1, -1, 1, 0.442452, 0.885189
14, 548, 5, 2, 1, 1, 1, 1, 0.569322, 0.365888
14, 549, 3, 2, 1, 1, -1, -1, 0.684876, 0.392173
14, 550, 4, 0, 1, 1, 1, 0, 0.470252, 0.265529
14, 551, 2, 0, 1, 1, 1, 0, 0.377229, 0.671001
14, 552, 3, 0, 1, 1, -1, 0, 0.531164, 0.437748
14, 553, 2, 3, 1, 1, -1, -1, 0.540006, 0.456316
14, 554, 6, 5, 1, -1, -1, -1, 0.681630, 0.962795
14, 555, 5, 2, 1, 1, -1, 1, 0.517600, 0.623745
14, 556, 3, 2, 1, -1, -1, 1, 0.757824, 0.673429
14, 557, 1, 5, 1, -1, 1, -1, 0.474666, 0.727244
14, 558, 5, 3, 1, 1, 1, -1, 0.664524, 0.511467
14, 559, 5, 0, 1, 1, 1, 0, 0.590299, 0.578043
14, 560, 3, 1, 1, 1, 1, 1, 0.589285, 0.781433
14, 561, 2, 0, 1, 1, -1, 0, 0.601695, 0.752372
14, 562, 4, 6, 1, 1, -1, -1, 0.581926, 0.378301
14, 563, 4, 0, 1, 1, -1, 0, 0.516473, 0.511111
14, 564, 6, 5, 1, 1, -1, -1, 0.542914, 0.588414
14, 565, 4, 0, 0, 1, 1, 0, 0.331641, 0.890681
14, 566, 1, 0, 1, 1, 1, 0, 0.391244, 0.746627
14, 567, 6, 2, 1, 1, 1, 1, 0.604635, 0.371132
14, 568, 4, 5, 1, 1, 1, 1, 0.594188, 0.488967
14, 569, 2, 2, 1, 1, -1, 1, 0.701895, 0.384114
14, 570, 4, 0, 1, 1, 1, 0, 0.527995, 0.621106
14, 571, 5, 1, 1, 1, 1, 1, 0.702475, 0.684043
14, 572, 5, 0, 1, 1, -1, 0, 0.443186, 0.463033
14, 573, 3, 3, 1, -1, 1, 1, 0.673927, 0.476704
14, 574, 6, 0, 1, 1, -1, 0, 0.602718, 0.345064
14, 575, 4, 4, 1, 1, 1, 1, 0.634479, 0.319961
14, 576, 2, 2, 1, -1, -1, 1, 1.020436, 0.366299
14, 577, 2, 0, 1, 1, 1, 0, 0.477095, 0.272418
14, 578, 3, 4, 1, -1, 1, 1, 0.647878, 1.281992
14, 579, 5, 2, 1, -1, 1, -1, 1.086431, 1.339651
14, 580, 5, 3, 1, 1, 1, 1, 0.596766, 0.238944
14, 581, 3, 2, 1, 1, 1, 1, 0.497022, 0.318068
14, 582, 4, 3, 1, 1, -1, 1, 0.578179, 0.442977
14, 583, 2, 2, 0, 1, -1, -1, 0.530740, 0.973271
