observer, trial, targLoc, distLoc, targDiscrim, thoughtNoAttCap, tc, dc, RT, TrialTypeRT
6, 3, 1, 3, 1, -1, -1, -1, 1.250978, 5.569543
6, 4, 5, 0, 1, 1, 1, 0, 0.988907, 1.484129
6, 5, 1, 2, 0, 3, -1, 1, 0.630666, 0.033793
6, 6, 5, 4, 1, 1, -1, 1, 0.920680, 1.061021
6, 7, 4, 5, 1, 1, -1, 1, 0.758579, 1.669966
6, 8, 4, 1, 1, -1, 1, -1, 0.892673, 1.501329
6, 9, 4, 0, 1, 1, 1, 0, 0.678031, 0.652147
6, 10, 1, 1, 1, 1, 1, -1, 0.857005, 0.579382
6, 11, 5, 0, 1, 1, 1, 0, 0.623764, 0.984218
6, 12, 6, 0, 1, 3, -1, 0, 0.616788, 0.439524
6, 13, 4, 2, 1, 1, 1, 1, 0.726432, 1.260905
6, 14, 2, 0, 1, 1, 1, 0, 0.863599, 0.882601
6, 15, 4, 5, 1, 1, -1, 1, 0.777743, 1.026627
6, 17, 2, 5, 1, 1, -1, 1, 0.779468, 1.298868
6, 18, 4, 1, 1, -1, 1, 1, 1.287944, 1.947490
6, 19, 5, 1, 1, -1, -1, 1, 1.313714, 1.454628
6, 20, 6, 4, 0, -1, 1, -1, 1.031108, 2.299849
6, 21, 1, 4, 1, 1, -1, 1, 1.096900, 1.348903
6, 22, 1, 0, 1, 1, 1, 0, 0.690563, 1.678511
6, 23, 4, 0, 1, 1, -1, 0, 0.978047, 1.477200
6, 24, 1, 0, 1, 1, -1, 0, 1.279791, 1.287052
6, 25, 5, 5, 1, 1, 1, -1, 1.322389, 0.782699
6, 26, 4, 3, 1, 1, -1, 1, 1.350947, 0.857513
6, 27, 2, 0, 1, 1, 1, 0, 1.010382, 0.721014
6, 28, 2, 4, 1, 1, 1, -1, 1.111243, 0.832025
6, 29, 6, 0, 1, 1, -1, 0, 1.399618, 0.835198
6, 30, 6, 0, 1, 1, -1, 0, 1.109789, 1.258574
6, 31, 2, 3, 1, 1, 1, 1, 0.791225, 0.790447
6, 32, 5, 1, 1, 1, -1, -1, 1.064605, 0.890201
6, 33, 2, 6, 1, 1, -1, 1, 0.896220, 1.525449
6, 34, 2, 5, 1, 1, -1, -1, 1.087518, 0.686564
6, 35, 1, 0, 1, -1, -1, 0, 0.699691, 1.593667
6, 36, 3, 0, 1, 1, -1, 0, 0.945589, 1.113852
6, 37, 3, 0, 1, 1, 1, 0, 0.931024, 1.087611
6, 38, 4, 1, 1, -1, -1, 1, 1.481054, 2.140465
6, 39, 6, 5, 1, 1, -1, -1, 1.250189, 1.003400
6, 40, 5, 0, 1, 1, -1, 0, 0.660228, 1.268506
6, 41, 2, 0, 1, 1, 1, 0, 0.679471, 0.646125
6, 42, 1, 6, 1, -1, -1, 1, 1.416708, 1.531631
6, 43, 6, 0, 1, 1, -1, 0, 1.236418, 0.872781
6, 44, 5, 0, 1, 1, -1, 0, 0.636685, 0.458931
6, 45, 4, 0, 1, 1, -1, 0, 0.726823, 0.361258
6, 46, 4, 0, 1, 1, -1, 0, 0.700004, 0.744939
6, 47, 4, 4, 1, 1, -1, 1, 0.934817, 0.539852
6, 48, 2, 0, 1, 1, 1, 0, 0.652806, 0.228042
6, 49, 2, 0, 1, 1, -1, 0, 0.873774, 0.201179
6, 51, 6, 4, 1, -1, 1, 1, 1.277803, 0.672083
6, 52, 6, 0, 0, -1, 1, 0, 0.835424, 1.488677
6, 53, 5, 6, 1, -1, -1, -1, 0.844063, 1.455948
6, 54, 6, 0, 1, 1, 1, 0, 0.965044, 1.616520
6, 55, 5, 0, 1, 1, -1, 0, 0.676772, 1.140759
6, 56, 1, 0, 1, 1, -1, 0, 0.524150, 1.133111
6, 57, 4, 6, 1, 1, 1, -1, 1.046055, 1.201327
6, 58, 4, 5, 1, 1, -1, -1, 0.967475, 2.352963
6, 59, 4, 2, 1, 1, 1, -1, 0.699271, 1.609895
6, 60, 1, 1, 1, 1, -1, 1, 0.772865, 1.255705
6, 61, 6, 0, 1, 1, -1, 0, 1.275430, 1.230991
6, 62, 1, 1, 1, 1, -1, -1, 0.697303, 1.008277
6, 63, 6, 5, 1, -1, 1, -1, 0.912223, 0.818860
6, 64, 1, 0, 1, 1, 1, 0, 0.702402, 0.582899
6, 65, 4, 2, 1, 1, -1, 1, 0.717269, 1.026451
6, 66, 5, 0, 1, 1, -1, 0, 0.557983, 1.210040
6, 67, 5, 0, 1, -1, 1, 0, 0.579797, 1.343585
6, 68, 5, 1, 1, 1, 1, -1, 0.827017, 1.149728
6, 69, 3, 3, 1, 1, 1, -1, 0.919421, 1.710384
6, 70, 2, 1, 1, 1, -1, 1, 0.871399, 1.659238
6, 71, 1, 0, 1, 1, -1, 0, 1.096836, 0.996528
6, 72, 3, 0, 1, 1, -1, 0, 1.024184, 1.964854
6, 73, 4, 4, 1, 1, 1, -1, 1.022022, 1.102503
6, 74, 5, 3, 1, 1, -1, 1, 0.810026, 1.011652
6, 75, 3, 0, 1, 1, 1, 0, 0.537837, 1.586051
6, 76, 3, 1, 1, 1, -1, 1, 1.082626, 1.107581
6, 77, 5, 0, 1, 1, -1, 0, 0.947617, 0.769530
6, 78, 1, 4, 1, 1, 1, -1, 0.919423, 1.405371
6, 79, 3, 0, 1, 1, 1, 0, 0.944358, 1.163742
6, 80, 5, 0, 1, 1, 1, 0, 0.898416, 1.225904
6, 81, 5, 4, 1, 1, 1, -1, 0.823773, 0.908620
6, 82, 2, 0, 1, 1, -1, 0, 0.750064, 0.707545
6, 83, 6, 5, 1, 1, 1, 1, 0.816855, 0.637092
6, 84, 2, 0, 1, 1, -1, 0, 0.560814, 0.599956
6, 85, 4, 0, 1, 1, 1, 0, 0.644275, 0.672728
6, 86, 2, 0, 1, 1, 1, 0, 0.671646, 0.967474
6, 87, 2, 0, 1, 1, 1, 0, 0.511073, 0.590781
6, 88, 4, 0, 1, 1, -1, 0, 0.699135, 0.427160
6, 89, 3, 0, 1, 1, -1, 0, 0.601162, 0.814367
6, 90, 1, 0, 1, 1, -1, 0, 0.590484, 0.505600
6, 91, 5, 0, 1, 1, -1, 0, 0.626645, 0.361669
6, 92, 6, 3, 1, 1, -1, 1, 0.988079, 0.983042
6, 93, 1, 0, 1, 1, 1, 0, 0.805636, 0.621097
6, 94, 4, 0, 1, 3, -1, 0, 0.914609, 0.987585
6, 95, 3, 0, 1, 1, 1, 0, 0.772348, 0.519928
6, 96, 1, 1, 1, -1, -1, 1, 1.001516, 0.568260
6, 97, 6, 0, 0, 1, -1, 0, 0.851608, 3.026625
6, 98, 6, 2, 1, 1, -1, -1, 1.276642, 0.591160
6, 99, 2, 0, 1, 1, -1, 0, 0.664726, 1.532111
6, 100, 2, 1, 1, -1, -1, -1, 1.204036, 0.700389
6, 101, 2, 3, 1, -1, 1, 1, 0.718430, 1.238501
6, 102, 4, 3, 0, -1, 1, 1, 0.996690, 1.497631
6, 103, 4, 1, 1, 1, -1, -1, 0.878858, 1.409120
6, 104, 3, 5, 1, -1, -1, 1, 1.122171, 2.011042
6, 105, 6, 0, 1, 1, 1, 0, 0.916023, 0.937227
6, 106, 6, 0, 1, 1, -1, 0, 0.917493, 0.938185
6, 107, 6, 0, 1, 3, 1, 0, 0.519713, 2.842715
6, 108, 2, 5, 1, -1, -1, 1, 0.776302, 1.108586
6, 109, 5, 3, 1, -1, 1, 1, 0.715767, 0.922173
6, 110, 5, 0, 1, 1, 1, 0, 0.674279, 0.793684
6, 111, 1, 0, 1, -1, -1, 0, 0.536063, 0.929581
6, 112, 1, 0, 1, 1, -1, 0, 0.810706, 1.600268
6, 113, 6, 4, 1, 1, -1, 1, 0.987111, 0.886709
6, 114, 5, 2, 1, -1, -1, -1, 0.949064, 0.742075
6, 115, 1, 6, 1, 1, 1, -1, 0.836100, 0.649658
6, 116, 2, 3, 1, -1, -1, 1, 0.917921, 1.238763
6, 117, 4, 5, 1, 1, 1, -1, 0.836826, 0.653912
6, 118, 1, 0, 1, 1, -1, 0, 0.670517, 1.577516
6, 119, 6, 0, 1, 1, 1, 0, 0.777733, 0.625934
6, 120, 5, 0, 1, 1, 1, 0, 0.590862, 1.893548
6, 121, 5, 0, 1, 1, 1, 0, 0.458703, 0.787235
6, 122, 6, 0, 1, 1, 1, 0, 0.552409, 0.673325
6, 123, 3, 0, 1, 1, 1, 0, 0.506453, 0.626728
6, 124, 1, 3, 1, 1, -1, -1, 0.590542, 0.246476
6, 125, 2, 1, 1, -1, 1, -1, 1.069254, 0.789506
6, 126, 1, 0, 1, 3, 1, 0, 1.094556, 0.000000
6, 127, 2, 4, 1, 1, -1, 1, 0.557608, 0.523976
6, 128, 2, 0, 1, 1, -1, 0, 0.518412, 0.743099
6, 129, 2, 0, 1, 1, 1, 0, 0.538052, 1.155492
6, 130, 6, 0, 1, 1, -1, 0, 0.533118, 0.574748
6, 131, 6, 1, 1, 1, -1, -1, 0.757055, 0.670543
6, 132, 2, 5, 1, -1, 1, -1, 0.744079, 1.003631
6, 133, 6, 0, 1, 1, -1, 0, 0.765828, 0.733117
6, 134, 4, 0, 1, 1, 1, 0, 0.651663, 0.834914
6, 135, 6, 0, 1, 1, -1, 0, 0.599230, 0.641426
6, 136, 5, 0, 1, 1, -1, 0, 0.483314, 0.444467
6, 137, 2, 2, 1, 1, 1, -1, 0.666556, 0.565891
6, 138, 1, 3, 1, 1, 1, -1, 0.532410, 0.440871
6, 139, 1, 2, 1, 1, -1, -1, 0.545079, 0.293602
6, 140, 5, 0, 1, 1, -1, 0, 0.493752, 0.572968
6, 141, 1, 3, 1, 1, 1, -1, 0.525700, 0.383222
6, 142, 1, 3, 1, 1, -1, 1, 0.550750, 0.576239
6, 143, 3, 3, 1, -1, 1, -1, 0.836658, 0.657411
6, 144, 4, 0, 1, 1, 1, 0, 0.626519, 0.567213
6, 145, 6, 2, 1, -1, -1, 1, 1.301437, 0.908650
6, 146, 6, 1, 1, -1, -1, 1, 0.744995, 0.542794
6, 147, 3, 3, 1, 3, 1, 1, 0.504180, 0.000000
6, 148, 2, 0, 1, 1, 1, 0, 0.418036, 0.703784
6, 149, 1, 0, 1, 1, -1, 0, 0.571224, 0.443197
6, 150, 3, 0, 1, 1, 1, 0, 0.487164, 0.464060
6, 151, 2, 2, 1, 1, -1, -1, 0.791013, 0.325953
6, 152, 2, 0, 1, 3, -1, 0, 0.525682, 0.546888
6, 153, 4, 1, 1, -1, 1, -1, 0.564629, 0.709567
6, 154, 1, 2, 0, -1, 1, 1, 0.631157, 1.393549
6, 155, 6, 3, 1, 1, -1, -1, 0.577779, 1.059391
6, 156, 6, 0, 1, 1, 1, 0, 0.506689, 0.964454
6, 157, 2, 0, 1, 1, 1, 0, 0.439094, 0.660034
6, 158, 3, 3, 1, 1, -1, 1, 0.590199, 0.279750
6, 159, 3, 1, 1, 1, 1, -1, 0.518389, 0.787815
6, 160, 4, 0, 1, 1, 1, 0, 0.617143, 0.551728
6, 161, 3, 0, 1, 1, -1, 0, 0.518375, 0.297777
6, 162, 6, 1, 1, 1, 1, -1, 0.896320, 0.364831
6, 163, 3, 0, 1, 1, -1, 0, 0.472134, 0.562957
6, 164, 5, 5, 1, -1, -1, 1, 1.074133, 1.147126
6, 165, 2, 3, 1, 1, -1, -1, 0.715483, 0.679384
6, 166, 1, 0, 1, 1, 1, 0, 0.636435, 0.922269
6, 168, 3, 6, 1, 1, -1, 1, 0.830269, 1.847436
6, 169, 5, 0, 1, 1, 1, 0, 0.571918, 0.769877
6, 170, 6, 0, 1, 1, 1, 0, 0.413809, 2.656149
6, 171, 1, 2, 1, 1, -1, -1, 0.530773, 0.418672
6, 172, 4, 0, 1, 1, -1, 0, 0.691686, 0.368213
6, 173, 1, 5, 1, 1, 1, -1, 0.519274, 0.348389
6, 174, 3, 0, 0, -1, 1, 0, 0.603734, 4.060810
6, 175, 2, 0, 1, 1, -1, 0, 0.580966, 0.392512
6, 176, 5, 0, 1, 1, -1, 0, 0.532065, 0.180786
6, 177, 5, 6, 1, -1, -1, 1, 0.943355, 0.546354
6, 178, 4, 4, 1, 1, 1, 1, 0.751030, 0.704630
6, 179, 1, 0, 1, 1, -1, 0, 0.586620, 0.320914
6, 180, 2, 6, 1, -1, -1, -1, 0.676712, 0.755209
6, 181, 2, 4, 1, 1, 1, 1, 0.552206, 2.322386
6, 182, 5, 2, 1, 1, -1, -1, 0.613889, 0.907314
6, 183, 6, 6, 1, -1, 1, 1, 0.559416, 0.744261
6, 184, 4, 4, 1, 1, -1, -1, 0.724709, 0.514352
6, 185, 3, 1, 1, 1, 1, -1, 0.657904, 0.570590
6, 186, 2, 6, 1, 1, -1, 1, 0.717666, 1.024410
6, 187, 6, 6, 1, 1, -1, -1, 0.830060, 0.923613
6, 188, 1, 5, 1, 1, -1, -1, 0.796024, 1.286811
6, 189, 1, 0, 1, 1, 1, 0, 0.505509, 0.465408
6, 190, 5, 6, 1, -1, 1, -1, 0.845675, 0.961378
6, 191, 1, 5, 1, 3, -1, 1, 0.552632, 0.000000
6, 192, 2, 5, 1, 1, 1, -1, 0.750157, 0.550382
6, 193, 6, 0, 1, 1, 1, 0, 0.651737, 0.602871
6, 194, 6, 2, 1, -1, -1, -1, 0.812778, 0.537431
6, 195, 5, 4, 1, -1, 1, 1, 0.758681, 0.567552
6, 196, 1, 0, 1, 1, 1, 0, 0.580111, 1.145616
6, 197, 5, 3, 0, -1, 1, -1, 0.585169, 2.354602
6, 198, 5, 1, 1, 1, 1, 1, 0.564783, 1.702649
6, 199, 1, 3, 1, 1, 1, 1, 0.513025, 1.782024
6, 200, 5, 0, 1, 1, 1, 0, 0.544528, 0.352299
6, 201, 2, 3, 1, 1, -1, 1, 0.564609, 0.918927
6, 202, 3, 0, 1, 1, -1, 0, 0.486754, 0.636928
6, 203, 2, 0, 1, 3, -1, 0, 0.928565, 0.000000
6, 204, 4, 0, 1, 1, 1, 0, 0.584123, 0.870822
6, 205, 4, 0, 1, 1, -1, 0, 0.626595, 1.065194
6, 206, 4, 0, 1, 1, 1, 0, 0.592100, 0.513095
6, 207, 6, 6, 1, -1, -1, 1, 0.664630, 0.857505
6, 208, 5, 1, 1, 1, -1, -1, 0.565068, 1.790252
6, 209, 2, 3, 1, -1, 1, -1, 0.571650, 1.478272
6, 210, 5, 6, 1, 1, -1, -1, 0.612538, 1.437286
6, 211, 1, 5, 1, 1, -1, -1, 0.511572, 2.811387
6, 212, 1, 5, 1, 1, 1, -1, 0.465234, 0.390875
6, 213, 3, 0, 1, 1, -1, 0, 0.711739, 0.864539
6, 214, 4, 4, 0, -1, 1, 1, 0.923020, 1.592613
6, 215, 1, 0, 1, 1, -1, 0, 0.559253, 1.289893
6, 216, 6, 0, 1, 1, -1, 0, 0.523243, 0.801663
6, 217, 4, 6, 1, 1, -1, -1, 0.652928, 1.197969
6, 218, 2, 6, 1, -1, -1, -1, 0.770080, 1.548638
6, 219, 6, 0, 1, 1, -1, 0, 0.551392, 2.178399
6, 220, 4, 0, 1, 3, 1, 0, 0.531983, 0.000000
6, 221, 4, 2, 1, 1, -1, -1, 0.683494, 0.498724
6, 222, 2, 0, 1, 1, 1, 0, 0.506635, 1.146206
6, 223, 5, 0, 1, 1, 1, 0, 0.478479, 0.617810
6, 224, 6, 5, 1, 1, 1, -1, 0.638229, 0.727733
6, 225, 6, 0, 1, 1, -1, 0, 0.753263, 0.534015
6, 226, 4, 0, 1, 1, 1, 0, 0.473273, 0.401750
6, 227, 3, 0, 1, 1, 1, 0, 0.413094, 0.326685
6, 228, 3, 4, 1, 1, -1, -1, 0.685071, 0.320814
6, 229, 6, 1, 1, -1, 1, 1, 0.576625, 1.076174
6, 230, 1, 0, 0, 3, -1, 0, 0.413613, 4.606796
6, 231, 4, 1, 1, 3, 1, 1, 0.563462, 0.000000
6, 232, 3, 1, 1, -1, -1, -1, 0.868885, 1.096802
6, 233, 1, 2, 1, 1, 1, -1, 0.785571, 2.259177
6, 234, 3, 6, 1, 1, -1, -1, 0.572428, 0.445751
6, 235, 2, 0, 1, 1, 1, 0, 0.453697, 0.545540
6, 236, 1, 2, 1, 1, 1, 1, 0.824358, 1.488543
6, 237, 4, 3, 1, -1, 1, -1, 1.092422, 2.799821
6, 238, 1, 0, 1, 1, -1, 0, 0.487811, 0.760894
6, 239, 4, 0, 1, 1, -1, 0, 0.453841, 7.491546
6, 240, 1, 0, 1, 1, -1, 0, 0.779340, 0.690563
6, 241, 6, 0, 0, 1, -1, 0, 0.903353, 5.668709
6, 242, 2, 0, 1, 1, 1, 0, 0.465559, 0.663301
6, 243, 6, 6, 1, 1, 1, -1, 0.603749, 0.504444
6, 244, 1, 6, 1, 1, 1, 1, 0.405465, 1.090257
6, 245, 2, 5, 1, 1, 1, 1, 0.445992, 1.096749
6, 246, 6, 0, 1, 1, 1, 0, 0.458978, 0.663713
6, 247, 2, 0, 1, 3, -1, 0, 0.867288, 0.000000
6, 248, 1, 5, 1, 3, 1, 1, 0.425160, 0.000000
6, 249, 3, 4, 0, 1, 1, -1, 0.593806, 2.180407
6, 250, 6, 4, 1, 1, -1, -1, 0.823685, 2.156953
6, 251, 3, 0, 1, 1, -1, 0, 0.565515, 1.178068
6, 252, 3, 0, 1, 3, 1, 0, 0.553270, 0.000000
6, 253, 4, 3, 0, -1, 1, 1, 0.526263, 9.350685
6, 254, 2, 0, 1, 1, 1, 0, 0.399997, 1.167508
6, 255, 3, 5, 1, 1, -1, 1, 0.935226, 0.397914
6, 256, 1, 0, 1, 1, -1, 0, 0.715242, 0.838316
6, 257, 4, 4, 1, 1, 1, -1, 0.884444, 0.907868
6, 258, 3, 0, 1, 1, 1, 0, 0.460158, 0.667954
6, 259, 1, 0, 1, 1, 1, 0, 0.698864, 1.013315
6, 260, 5, 0, 1, 1, 1, 0, 0.459432, 0.728218
6, 261, 4, 0, 1, 1, -1, 0, 0.784265, 0.446153
6, 262, 6, 2, 0, 3, 1, -1, 0.636441, 0.000000
6, 263, 3, 2, 1, 1, -1, 1, 0.875572, 1.171851
6, 264, 1, 4, 1, 1, -1, -1, 0.570444, 0.544311
6, 265, 5, 4, 1, 1, -1, 1, 0.769758, 0.376604
6, 266, 3, 3, 0, 1, -1, -1, 0.619354, 3.075145
6, 267, 5, 0, 1, 1, 1, 0, 0.502722, 0.699184
6, 268, 4, 3, 1, 1, -1, 1, 0.837692, 0.486984
6, 269, 6, 0, 1, 1, 1, 0, 0.419205, 0.535304
6, 270, 6, 2, 1, -1, 1, 1, 1.271931, 0.964651
6, 271, 4, 0, 1, 1, -1, 0, 0.527404, 0.488722
6, 272, 5, 0, 1, 1, -1, 0, 0.445508, 0.260132
6, 273, 6, 3, 1, -1, -1, 1, 1.064620, 0.379488
6, 274, 3, 6, 1, -1, 1, -1, 1.071903, 0.599654
6, 275, 5, 0, 1, 1, -1, 0, 0.918892, 1.633430
6, 276, 1, 0, 1, 1, 1, 0, 0.440452, 1.035924
6, 277, 2, 4, 0, -1, -1, 1, 1.031315, 2.159619
6, 278, 4, 2, 0, -1, -1, 1, 0.672009, 3.131000
6, 279, 3, 0, 1, 1, 1, 0, 0.520308, 0.479217
6, 280, 4, 6, 1, 1, -1, -1, 0.679247, 0.652160
6, 281, 6, 0, 1, 1, -1, 0, 0.610565, 0.326097
6, 282, 3, 5, 1, 1, 1, -1, 0.764687, 0.590803
6, 283, 2, 4, 1, 1, 1, -1, 0.604657, 1.009688
6, 284, 3, 0, 1, 1, -1, 0, 0.790118, 1.314969
6, 285, 1, 0, 1, 1, -1, 0, 0.446269, 0.227477
6, 286, 2, 0, 1, 1, -1, 0, 0.432600, 0.168069
6, 287, 3, 0, 1, 1, 1, 0, 0.516342, 0.200438
6, 288, 2, 0, 1, 1, 1, 0, 0.438975, 0.247434
6, 289, 6, 0, 0, -1, -1, 0, 0.000000, 3.537770
6, 290, 5, 2, 1, -1, 1, 1, 1.319348, 0.802681
6, 291, 2, 0, 1, 1, -1, 0, 0.586756, 1.098332
6, 292, 1, 1, 1, -1, 1, 1, 0.645018, 2.527932
6, 293, 4, 0, 1, 3, 1, 0, 0.619698, 2.577539
6, 294, 2, 0, 1, 1, 1, 0, 0.399279, 0.301353
6, 295, 2, 0, 1, 1, 1, 0, 0.439210, 0.260276
6, 296, 3, 0, 1, 1, 1, 0, 0.485178, 0.974910
6, 297, 3, 0, 1, 1, -1, 0, 0.537351, 0.265915
6, 298, 3, 2, 1, 1, 1, -1, 0.492002, 0.304872
6, 299, 5, 0, 1, 1, 1, 0, 0.480392, 0.207190
6, 300, 4, 6, 1, -1, -1, 1, 1.073363, 0.968242
6, 301, 1, 0, 1, 1, -1, 0, 0.472002, 0.279666
6, 302, 2, 4, 1, 1, -1, -1, 1.223227, 1.638607
6, 303, 4, 0, 1, 1, 1, 0, 0.905603, 2.157872
6, 304, 3, 0, 1, 1, -1, 0, 0.559608, 0.292423
6, 305, 4, 0, 1, 1, -1, 0, 0.606397, 0.260587
6, 306, 3, 2, 0, -1, -1, 1, 0.977176, 1.445376
6, 307, 4, 4, 1, 1, -1, -1, 0.804220, 0.352847
6, 308, 5, 0, 1, 1, -1, 0, 0.550316, 0.399258
6, 309, 6, 0, 1, 1, 1, 0, 0.427159, 0.214032
6, 310, 1, 1, 1, -1, -1, -1, 0.645696, 0.651844
6, 311, 1, 4, 1, 1, -1, -1, 0.550503, 0.597512
6, 312, 5, 0, 1, 1, 1, 0, 0.533238, 0.213452
6, 313, 3, 3, 1, 1, -1, -1, 0.574037, 0.460732
6, 314, 3, 5, 1, -1, 1, 1, 0.828114, 0.954215
6, 315, 4, 0, 1, 1, 1, 0, 0.453134, 0.485698
6, 316, 6, 0, 1, 1, 1, 0, 0.451163, 0.259095
6, 317, 5, 0, 1, 1, -1, 0, 0.478691, 0.146672
6, 318, 1, 0, 1, 1, 1, 0, 0.397954, 0.164301
6, 319, 3, 2, 1, -1, 1, 1, 0.737538, 0.823891
6, 320, 5, 3, 1, 1, 1, -1, 0.876236, 0.391621
6, 321, 2, 0, 1, 1, 1, 0, 0.407825, 0.214503
6, 322, 5, 6, 1, -1, -1, 1, 1.382239, 1.410186
6, 323, 6, 0, 1, 1, -1, 0, 0.591441, 0.729969
6, 324, 3, 0, 1, 1, 1, 0, 0.876650, 0.941751
6, 325, 1, 0, 1, 1, -1, 0, 0.512024, 0.504825
6, 326, 6, 4, 1, -1, 1, -1, 1.070041, 1.363519
6, 327, 3, 0, 1, 3, -1, 0, 1.030824, 0.537926
6, 328, 1, 0, 1, 1, 1, 0, 0.453740, 0.337659
6, 329, 2, 0, 1, 1, -1, 0, 0.623980, 0.227055
6, 330, 5, 1, 1, 1, -1, 1, 0.929721, 0.584661
6, 331, 6, 0, 1, 1, -1, 0, 0.573506, 0.193710
6, 332, 3, 0, 1, 1, -1, 0, 0.446291, 0.148301
6, 333, 4, 5, 1, 1, -1, -1, 0.613685, 0.899717
6, 334, 1, 0, 1, 1, 1, 0, 0.392665, 0.199194
6, 335, 6, 0, 1, 1, -1, 0, 0.506387, 0.447531
6, 336, 3, 5, 1, -1, 1, 1, 1.123263, 0.507645
6, 337, 2, 0, 1, 1, -1, 0, 0.580447, 0.239520
6, 338, 4, 0, 1, 1, -1, 0, 0.518973, 0.307794
6, 339, 1, 3, 1, 1, 1, 1, 0.540093, 0.273549
6, 340, 2, 0, 1, 1, -1, 0, 0.459758, 0.127377
6, 341, 1, 2, 1, 3, 1, -1, 0.574455, 0.000000
6, 342, 2, 0, 1, 1, -1, 0, 0.558102, 0.433603
6, 343, 4, 1, 1, 1, -1, -1, 0.676051, 0.479091
6, 344, 5, 6, 1, 1, 1, 1, 0.631780, 0.305721
6, 345, 3, 1, 1, -1, 1, 1, 1.186108, 1.591529
6, 346, 6, 0, 1, 1, 1, 0, 0.848581, 0.786427
6, 347, 1, 4, 1, 1, 1, 1, 0.788824, 0.496357
6, 348, 5, 0, 1, 1, 1, 0, 0.971475, 0.693033
6, 349, 6, 4, 1, -1, -1, 1, 0.711149, 0.932514
6, 350, 2, 3, 1, 1, -1, -1, 0.682768, 3.648169
6, 351, 5, 5, 1, 1, -1, -1, 0.693310, 1.099355
6, 352, 3, 0, 1, 1, 1, 0, 0.826238, 2.479188
6, 353, 4, 0, 1, 1, 1, 0, 0.726054, 1.171969
6, 354, 5, 2, 1, 1, -1, 1, 0.995983, 0.657955
6, 355, 3, 0, 1, 1, 1, 0, 0.500139, 1.177155
6, 356, 4, 0, 1, 1, -1, 0, 0.520587, 0.721433
6, 357, 5, 0, 1, 1, -1, 0, 0.491802, 0.331194
6, 358, 2, 4, 1, 1, -1, -1, 0.921455, 1.109467
6, 359, 4, 6, 1, -1, -1, 1, 0.932100, 0.854404
6, 360, 6, 0, 1, 1, -1, 0, 0.532349, 0.592593
6, 361, 5, 0, 1, 3, 1, 0, 0.624952, 0.000000
6, 362, 2, 2, 1, 3, 1, -1, 0.524173, 0.000000
6, 363, 1, 5, 1, 3, 1, 1, 0.519072, 0.887101
6, 364, 1, 0, 1, 1, 1, 0, 0.372509, 0.510220
6, 365, 5, 1, 1, -1, 1, -1, 1.193041, 1.119070
6, 366, 2, 0, 1, 1, 1, 0, 0.399182, 0.226665
6, 367, 5, 6, 1, 1, 1, -1, 0.678762, 0.325604
6, 368, 4, 0, 1, 1, -1, 0, 0.757832, 0.564933
6, 369, 1, 2, 1, 1, -1, 1, 0.778964, 0.352292
6, 370, 5, 0, 1, 1, -1, 0, 0.458609, 0.220508
6, 371, 3, 0, 0, -1, 1, 0, 0.552178, 5.256301
6, 372, 2, 0, 1, 1, -1, 0, 0.597150, 1.789966
6, 373, 2, 1, 1, 1, -1, -1, 0.546318, 0.293126
6, 374, 6, 0, 1, 1, -1, 0, 0.596992, 0.245664
6, 375, 1, 4, 1, 1, -1, 1, 0.578747, 0.172481
6, 376, 4, 0, 1, 1, -1, 0, 0.564952, 0.246092
6, 377, 4, 0, 1, 1, -1, 0, 0.412413, 0.198722
6, 378, 5, 5, 1, 1, 1, 1, 0.639749, 0.240739
6, 379, 4, 0, 1, 1, 1, 0, 0.430927, 0.127799
6, 380, 3, 4, 0, -1, 1, 1, 0.803548, 1.854663
6, 381, 4, 0, 1, 1, 1, 0, 0.484836, 0.234096
6, 382, 5, 0, 1, 1, -1, 0, 0.547015, 0.820188
6, 383, 3, 0, 1, 1, -1, 0, 0.896273, 1.118665
6, 384, 6, 1, 1, 1, -1, 1, 1.002457, 0.646649
6, 385, 4, 5, 0, -1, 1, -1, 0.565037, 3.355273
6, 386, 5, 2, 1, -1, 1, -1, 0.944644, 0.773176
6, 387, 4, 0, 1, -1, -1, 0, 0.665055, 1.409455
6, 388, 1, 0, 1, 1, -1, 0, 0.533147, 0.271817
6, 389, 6, 4, 1, -1, 1, 1, 1.047147, 0.481461
6, 390, 1, 6, 1, 1, -1, -1, 0.658271, 1.063827
6, 391, 3, 0, 1, 1, -1, 0, 0.791574, 1.576451
6, 392, 6, 5, 1, -1, -1, -1, 0.883217, 0.686510
6, 393, 1, 0, 1, -1, -1, 0, 0.585040, 0.406439
6, 394, 6, 2, 1, 1, 1, -1, 0.899722, 1.949023
6, 395, 6, 0, 1, 1, 1, 0, 0.585303, 0.920981
6, 396, 3, 6, 1, 3, 1, 1, 0.778967, 0.631620
6, 397, 3, 0, 1, 1, -1, 0, 0.606351, 0.241351
6, 398, 3, 2, 1, 1, 1, -1, 0.687758, 0.186621
6, 399, 6, 6, 1, 1, 1, 1, 0.653092, 0.180210
6, 400, 1, 0, 1, 1, 1, 0, 0.550933, 0.127667
6, 401, 5, 0, 1, 1, 1, 0, 0.549881, 1.302947
6, 402, 5, 3, 1, -1, -1, 1, 1.002906, 0.239524
6, 403, 2, 0, 1, -1, -1, 0, 0.657174, 0.373410
6, 404, 5, 0, 1, 1, -1, 0, 0.645428, 0.809607
6, 405, 3, 0, 0, 1, 1, 0, 0.676129, 3.245075
6, 406, 4, 5, 1, 1, 1, 1, 0.751961, 0.599888
6, 407, 2, 2, 1, 1, -1, 1, 0.708349, 0.511444
6, 408, 2, 0, 1, 1, -1, 0, 0.544930, 0.258733
6, 409, 3, 5, 1, -1, 1, -1, 1.071404, 0.990516
6, 410, 3, 1, 1, 1, 1, 1, 0.511763, 0.484957
6, 411, 3, 6, 1, 3, 1, 1, 1.153938, 0.545213
6, 412, 3, 0, 1, 1, -1, 0, 0.603616, 0.340504
6, 413, 2, 4, 1, 1, 1, 1, 0.497602, 0.266414
6, 414, 3, 0, 0, 1, 1, 0, 0.443304, 3.112192
6, 415, 2, 6, 1, 1, 1, -1, 0.750897, 2.439398
6, 416, 5, 0, 1, 1, 1, 0, 0.756794, 0.285972
6, 417, 4, 0, 1, 1, 1, 0, 0.518240, 0.286575
6, 418, 2, 5, 1, -1, -1, -1, 0.985011, 0.221100
6, 419, 4, 3, 1, 1, -1, -1, 0.807980, 0.564503
6, 420, 4, 0, 1, 1, -1, 0, 0.532303, 0.240098
6, 421, 2, 2, 1, 1, -1, -1, 0.784029, 0.392152
6, 422, 6, 0, 1, 1, 1, 0, 0.499743, 0.119677
6, 423, 2, 3, 1, 1, 1, -1, 0.441026, 0.154551
6, 424, 1, 0, 1, 1, 1, 0, 0.390585, 0.140835
6, 425, 5, 2, 1, 1, 1, 1, 0.938879, 0.227245
6, 426, 1, 6, 1, 1, 1, 1, 0.577726, 0.499462
6, 428, 1, 0, 1, 1, 1, 0, 0.423639, 0.194193
6, 429, 1, 0, 1, 1, 1, 0, 0.425558, 0.956188
6, 431, 4, 6, 1, -1, 1, -1, 1.028548, 0.593507
6, 432, 4, 0, 1, 1, 1, 0, 0.651093, 0.741509
6, 433, 3, 4, 1, -1, -1, 1, 0.948055, 0.602589
6, 434, 4, 1, 1, 1, -1, 1, 0.777661, 0.310687
6, 435, 4, 0, 1, 1, -1, 0, 0.471691, 0.213080
6, 436, 6, 0, 1, 3, -1, 0, 0.492510, 0.817179
6, 437, 6, 6, 1, 1, 1, -1, 0.651418, 0.174140
6, 438, 5, 1, 1, -1, 1, 1, 0.989441, 0.593304
6, 439, 5, 0, 0, 3, 1, 0, 0.260298, 0.000000
6, 440, 5, 0, 1, 1, 1, 0, 0.386265, 0.174003
6, 441, 2, 0, 1, 1, 1, 0, 0.360195, 0.147257
6, 442, 5, 0, 1, 1, 1, 0, 0.485622, 0.193242
6, 443, 3, 3, 1, -1, -1, 1, 1.228491, 0.511587
6, 444, 3, 4, 1, -1, -1, 1, 1.061007, 0.432976
6, 445, 3, 2, 1, 1, -1, -1, 0.505079, 0.146944
6, 446, 5, 6, 1, 1, 1, 1, 0.675391, 0.200283
6, 447, 6, 0, 1, 1, 1, 0, 0.451685, 0.378395
6, 448, 6, 0, 1, 1, -1, 0, 0.572917, 0.180065
6, 449, 6, 6, 1, 1, -1, -1, 0.546313, 0.201098
6, 450, 3, 6, 1, 1, -1, 1, 0.626837, 0.159441
6, 451, 5, 4, 1, 1, 1, -1, 0.722713, 0.172810
6, 452, 2, 0, 1, 1, -1, 0, 0.512192, 0.106903
6, 453, 4, 0, 1, 1, -1, 0, 0.480031, 0.445455
6, 454, 5, 4, 1, 1, 1, 1, 0.650902, 0.120020
6, 455, 4, 2, 1, 1, 1, -1, 0.978891, 0.160814
6, 456, 6, 3, 1, 1, -1, -1, 0.904651, 0.578687
6, 457, 2, 5, 1, 1, 1, 1, 0.567496, 0.094568
6, 458, 1, 1, 0, 1, 1, -1, 0.617624, 1.972049
6, 459, 3, 1, 1, 1, -1, 1, 0.710896, 0.214395
6, 460, 6, 4, 1, 1, -1, -1, 0.811072, 0.154541
6, 461, 5, 5, 1, 1, -1, -1, 0.544206, 0.114126
6, 462, 2, 2, 1, 1, 1, 1, 0.511692, 0.154019
6, 463, 5, 3, 1, 1, -1, -1, 0.591774, 0.252591
6, 464, 1, 0, 1, 1, -1, 0, 0.444699, 0.086486
6, 465, 4, 4, 1, 1, -1, 1, 0.758084, 0.228048
6, 466, 5, 3, 0, -1, 1, 1, 0.842989, 1.875375
6, 467, 6, 5, 1, 1, -1, 1, 0.831232, 1.125484
6, 468, 3, 0, 1, 1, -1, 0, 0.572512, 1.571874
6, 469, 2, 0, 1, 1, 1, 0, 0.472771, 0.120898
6, 470, 4, 0, 1, 1, -1, 0, 0.557954, 0.180623
6, 471, 1, 0, 1, 1, 1, 0, 0.393126, 0.087091
6, 472, 5, 5, 1, 1, 1, -1, 0.737518, 0.180091
6, 473, 2, 2, 1, 1, 1, 1, 0.560217, 0.133486
6, 474, 3, 0, 0, 3, 1, 0, 0.419506, 0.081073
6, 475, 6, 1, 1, 3, -1, -1, 0.784917, 0.254203
6, 476, 6, 3, 1, 1, 1, 1, 0.566741, 1.129812
6, 477, 3, 0, 1, 1, -1, 0, 0.545201, 0.140461
6, 478, 5, 0, 1, 1, 1, 0, 0.547478, 0.161190
6, 479, 3, 0, 1, 1, -1, 0, 0.516931, 0.172970
6, 480, 6, 0, 1, 1, 1, 0, 0.458292, 0.093321
6, 481, 1, 0, 1, 1, 1, 0, 0.399582, 0.061029
6, 482, 4, 3, 0, 3, 1, -1, 0.725978, 0.000000
6, 483, 6, 0, 1, 1, 1, 0, 0.439019, 0.238727
6, 484, 5, 0, 1, 1, -1, 0, 0.526159, 0.207303
6, 485, 3, 1, 0, 1, -1, -1, 0.578777, 2.808643
6, 486, 6, 0, 1, 1, 1, 0, 0.598246, 0.523912
6, 487, 5, 0, 1, 1, -1, 0, 0.537038, 0.100601
6, 488, 1, 0, 1, 1, -1, 0, 0.591898, 0.054332
6, 489, 5, 5, 1, 1, 1, 1, 0.744343, 0.067232
6, 490, 2, 0, 1, 1, -1, 0, 0.571596, 0.285757
6, 491, 3, 4, 1, -1, 1, -1, 0.962866, 0.897899
6, 492, 4, 0, 1, 1, 1, 0, 0.559543, 0.053995
6, 493, 2, 0, 1, 1, -1, 0, 0.517415, 0.160583
6, 494, 6, 2, 1, 1, -1, 1, 0.815718, 0.446864
6, 495, 3, 5, 1, 1, -1, -1, 0.811687, 0.213069
6, 496, 2, 6, 1, 1, 1, 1, 0.615574, 0.127013
6, 497, 3, 0, 1, 1, 1, 0, 0.486872, 0.114219
6, 498, 3, 0, 1, 3, -1, 0, 0.730635, 0.000000
6, 499, 5, 4, 1, -1, -1, -1, 0.630635, 0.671402
6, 500, 3, 0, 1, 1, 1, 0, 0.536623, 0.146897
6, 501, 3, 3, 1, 1, 1, 1, 0.551039, 0.398540
6, 502, 5, 0, 1, 1, -1, 0, 0.664963, 1.148853
6, 503, 2, 1, 1, 1, 1, 1, 0.531572, 0.784567
6, 504, 2, 1, 1, 1, 1, 1, 0.525611, 0.080155
6, 505, 2, 6, 1, 1, 1, -1, 0.696403, 0.106675
6, 506, 6, 0, 1, 1, 1, 0, 0.452276, 0.101276
6, 507, 6, 3, 1, -1, 1, 1, 0.706077, 0.825758
6, 508, 1, 6, 1, 1, -1, 1, 0.823949, 0.160639
6, 509, 3, 6, 1, 1, 1, -1, 0.704818, 0.154249
6, 510, 5, 3, 1, 1, -1, -1, 0.553476, 0.307006
6, 511, 6, 6, 1, 1, -1, 1, 0.616815, 0.107163
6, 512, 1, 0, 1, 1, 1, 0, 0.405340, 0.093522
6, 513, 6, 3, 1, 1, 1, -1, 0.598781, 0.027472
6, 514, 5, 0, 1, 1, -1, 0, 0.537975, 0.080561
6, 515, 1, 3, 1, 1, -1, 1, 0.611933, 0.087329
6, 516, 2, 2, 0, 3, -1, 1, 0.000000, 1.147581
6, 517, 4, 0, 1, 1, 1, 0, 0.613625, 0.666566
6, 518, 1, 6, 1, 1, -1, -1, 0.730122, 0.737644
6, 519, 1, 0, 1, 1, -1, 0, 0.405327, 0.273833
6, 520, 4, 0, 1, 1, -1, 0, 0.458053, 0.200693
6, 521, 3, 0, 1, 1, -1, 0, 0.459379, 0.160887
6, 522, 6, 1, 1, 1, 1, -1, 0.824022, 0.200070
6, 523, 4, 0, 1, 1, -1, 0, 0.437704, 0.755831
6, 524, 5, 4, 1, -1, -1, -1, 0.626638, 0.525422
6, 525, 5, 5, 1, 1, -1, 1, 0.534187, 0.120952
6, 526, 4, 0, 0, 3, 1, 0, 0.000000, 1.223980
6, 527, 6, 0, 1, 1, 1, 0, 0.457523, 0.101048
6, 528, 1, 4, 1, 1, 1, 1, 0.424691, 0.099320
6, 529, 2, 0, 1, 3, -1, 0, 0.850980, 0.000000
6, 530, 2, 0, 1, 1, 1, 0, 0.426352, 0.027558
6, 531, 2, 0, 0, 1, -1, 0, 0.470988, 0.000000
6, 532, 3, 4, 1, -1, 1, 1, 1.174953, 1.309623
6, 533, 1, 0, 1, 1, -1, 0, 0.452127, 0.525362
6, 534, 5, 0, 1, 3, 1, 0, 0.653016, 0.000000
6, 535, 5, 0, 1, 1, -1, 0, 0.584341, 0.205721
6, 536, 2, 0, 1, 1, 1, 0, 0.466792, 0.087740
6, 537, 2, 1, 1, 1, -1, 1, 0.527129, 0.293744
6, 538, 4, 3, 1, 1, -1, -1, 0.805922, 0.253092
6, 539, 4, 0, 0, 3, 1, 0, 0.407280, 1.611740
6, 540, 4, 0, 1, 1, 1, 0, 0.544516, 0.332698
6, 541, 6, 5, 1, -1, 1, 1, 1.373556, 0.387840
6, 542, 4, 0, 1, 1, -1, 0, 0.539289, 0.153271
6, 543, 4, 0, 1, 1, 1, 0, 0.565241, 0.106735
6, 544, 6, 3, 0, 3, 1, -1, 0.564287, 1.352141
6, 545, 4, 6, 1, 1, 1, 1, 0.875524, 0.491962
6, 546, 5, 2, 1, 3, -1, 1, 0.919095, 1.339392
6, 547, 3, 2, 1, 1, -1, -1, 0.618298, 0.053109
6, 548, 1, 0, 1, 3, 1, 0, 0.484978, 1.721776
6, 549, 6, 1, 1, 1, 1, 1, 1.128982, 0.604888
6, 550, 2, 1, 1, 1, 1, -1, 0.572265, 0.154032
6, 551, 5, 0, 1, 1, -1, 0, 0.566910, 0.094267
6, 552, 3, 0, 1, 1, -1, 0, 0.868785, 0.186861
6, 553, 3, 0, 1, 1, 1, 0, 0.593698, 0.087260
6, 554, 3, 0, 1, 1, -1, 0, 0.419436, 0.033801
6, 555, 6, 0, 1, 1, 1, 0, 0.532712, 0.034528
6, 556, 1, 5, 1, 1, -1, 1, 0.769731, 0.167128
6, 557, 3, 0, 1, 1, 1, 0, 0.538314, 0.107180
6, 558, 2, 0, 1, 1, -1, 0, 0.573129, 0.027818
6, 559, 1, 0, 1, 1, 1, 0, 0.431102, 0.020984
6, 560, 5, 0, 1, 1, 1, 0, 0.720969, 0.040720
6, 561, 6, 5, 1, 1, -1, 1, 0.578665, 0.027376
6, 562, 5, 0, 0, 1, -1, 0, 1.119810, 3.400115
6, 563, 6, 0, 1, 3, 1, 0, 1.076258, 0.420678
6, 564, 1, 0, 1, 1, 1, 0, 0.419337, 0.166628
6, 565, 1, 6, 1, 1, 1, -1, 0.440582, 0.141478
6, 566, 1, 0, 1, 1, 1, 0, 0.352750, 0.027421
6, 567, 4, 5, 0, 1, 1, 1, 0.716685, 1.462373
6, 568, 1, 1, 1, 1, 1, 1, 0.499325, 0.014239
6, 569, 2, 0, 1, 1, 1, 0, 0.405552, 0.000000
6, 570, 4, 2, 1, 1, 1, 1, 1.062461, 0.140384
6, 571, 2, 0, 1, 1, 1, 0, 0.703842, 0.253480
6, 572, 5, 2, 1, 1, 1, -1, 1.128716, 0.417681
6, 573, 3, 2, 1, 1, 1, 1, 0.956407, 0.180636
6, 574, 3, 6, 1, 1, -1, -1, 0.896691, 0.034177
6, 575, 6, 0, 1, 3, -1, 0, 0.532992, 0.813926
6, 576, 4, 0, 1, 1, 1, 0, 0.592655, 0.073931
6, 577, 1, 4, 1, 1, 1, -1, 0.485358, 0.054267
6, 578, 3, 4, 1, 1, -1, -1, 0.718553, 0.081083
6, 579, 3, 5, 1, 1, -1, -1, 0.532032, 0.067114
6, 580, 4, 6, 0, 1, 1, 1, 0.651822, 0.708943
6, 581, 4, 2, 1, 1, -1, -1, 0.857456, 0.073684
6, 582, 2, 6, 1, 1, 1, 1, 0.609565, 0.067153
6, 583, 6, 2, 1, 1, 1, 1, 0.942312, 0.080556
