observer, trial, targLoc, distLoc, targDiscrim, thoughtNoAttCap, tc, dc, RT, TrialTypeRT
8, 2, 5, 4, 1, 1, -1, 1, 0.671787, 2.180445
8, 3, 4, 0, 1, 3, 1, 0, 0.733070, 0.000000
8, 4, 6, 0, 1, 1, 1, 0, 0.764735, 0.932777
8, 5, 3, 3, 1, 1, -1, -1, 1.121146, 9.135357
8, 6, 2, 0, 1, 1, -1, 0, 0.871589, 0.800964
8, 7, 6, 0, 1, 1, -1, 0, 0.704410, 1.109364
8, 8, 1, 4, 1, 1, -1, 1, 0.629647, 1.168496
8, 9, 1, 3, 1, 3, 1, -1, 0.911716, 0.000000
8, 10, 3, 0, 1, 1, -1, 0, 1.151531, 0.925637
8, 11, 6, 0, 1, 1, -1, 0, 0.672078, 0.717122
8, 12, 6, 0, 1, 3, 1, 0, 0.800157, 0.000000
8, 13, 1, 0, 1, 1, 1, 0, 0.691200, 0.405657
8, 14, 5, 6, 1, 1, 1, -1, 0.899718, 0.851640
8, 15, 5, 1, 1, 1, 1, -1, 1.021709, 0.630425
8, 16, 3, 6, 1, 1, 1, -1, 0.934037, 0.584625
8, 17, 3, 0, 1, 1, 1, 0, 0.894253, 0.884540
8, 18, 5, 0, 1, 3, -1, 0, 0.878627, 0.000000
8, 19, 5, 0, 1, 1, 1, 0, 0.905604, 0.530406
8, 20, 4, 3, 1, 1, 1, -1, 0.951495, 0.819361
8, 21, 6, 0, 1, 1, 1, 0, 0.772116, 0.573391
8, 22, 2, 3, 1, 1, 1, -1, 0.910203, 0.486644
8, 23, 3, 1, 1, 1, 1, 1, 1.248972, 0.946768
8, 24, 2, 0, 1, 1, 1, 0, 0.932345, 0.518683
8, 25, 1, 1, 1, 1, 1, -1, 1.076998, 0.591609
8, 26, 1, 6, 1, 3, 1, -1, 1.107862, 0.000000
8, 27, 4, 1, 1, 1, 1, -1, 1.253377, 0.676894
8, 28, 4, 2, 1, 1, 1, 1, 1.322802, 0.685166
8, 29, 5, 5, 1, 1, -1, 1, 1.265945, 0.823542
8, 31, 4, 5, 0, -1, 1, -1, 0.632331, 1.312839
8, 32, 4, 1, 1, 1, -1, -1, 1.146507, 1.045353
8, 33, 5, 0, 1, 1, 1, 0, 0.818571, 0.668155
8, 34, 3, 2, 1, 1, 1, 1, 0.970035, 0.568389
8, 35, 2, 3, 1, 1, -1, -1, 1.182879, 0.599476
8, 36, 6, 0, 1, 1, -1, 0, 0.895461, 0.721175
8, 37, 2, 0, 1, 1, 1, 0, 1.304145, 0.656957
8, 38, 3, 2, 1, 3, -1, -1, 1.323160, 0.000000
8, 39, 5, 5, 1, 1, 1, 1, 1.229015, 0.400764
8, 40, 4, 0, 1, 1, -1, 0, 1.123345, 0.558902
8, 41, 2, 0, 1, 1, -1, 0, 0.724537, 0.414340
8, 42, 4, 0, 1, 1, -1, 0, 0.579444, 0.918636
8, 43, 4, 0, 1, 1, 1, 0, 0.856206, 0.614267
8, 44, 6, 0, 1, 1, -1, 0, 1.002061, 0.994296
8, 45, 5, 0, 1, 1, -1, 0, 0.926969, 0.725612
8, 46, 3, 0, 1, 1, -1, 0, 1.118681, 0.770439
8, 47, 2, 3, 1, 1, 1, 1, 0.918022, 0.981206
8, 48, 3, 4, 1, 3, 1, -1, 1.268810, 0.000000
8, 49, 6, 0, 1, 1, 1, 0, 0.922606, 0.498136
8, 50, 4, 0, 1, 1, 1, 0, 0.902134, 1.089093
8, 51, 6, 6, 1, 1, -1, 1, 0.955013, 0.451307
8, 52, 3, 0, 1, 1, 1, 0, 0.844345, 0.705942
8, 53, 2, 0, 1, 1, -1, 0, 0.583922, 0.372280
8, 54, 4, 0, 1, 1, -1, 0, 0.783189, 0.365379
8, 55, 2, 0, 1, 1, 1, 0, 0.573987, 0.319504
8, 56, 6, 5, 1, 1, 1, 1, 0.852594, 0.281178
8, 57, 3, 1, 1, 1, -1, 1, 0.870292, 0.400670
8, 58, 4, 3, 1, 1, -1, -1, 1.366097, 0.571284
8, 59, 1, 0, 1, 1, -1, 0, 0.877468, 0.847678
8, 60, 4, 0, 1, 1, -1, 0, 0.606078, 0.100878
8, 61, 5, 2, 1, 1, 1, 1, 0.963410, 0.636462
8, 62, 1, 5, 1, 1, 1, -1, 0.786354, 0.688658
8, 63, 2, 1, 1, 1, -1, -1, 1.120053, 0.608115
8, 64, 3, 0, 1, 1, -1, 0, 1.071639, 0.586565
8, 65, 1, 0, 1, 3, 1, 0, 1.287750, 0.000000
8, 66, 3, 0, 1, 1, 1, 0, 1.071084, 0.954120
8, 67, 1, 0, 1, 1, -1, 0, 1.224255, 0.885124
8, 69, 2, 0, 1, 1, -1, 0, 0.616476, 0.629833
8, 70, 1, 6, 1, 1, -1, -1, 0.559807, 0.154621
8, 71, 2, 5, 1, 3, 1, 1, 0.758488, 0.000000
8, 72, 1, 6, 1, 1, 1, 1, 0.617772, 0.252997
8, 73, 3, 5, 1, 1, -1, -1, 1.035191, 0.577154
8, 74, 1, 0, 1, 1, -1, 0, 0.872006, 0.353640
8, 75, 3, 0, 1, 1, -1, 0, 0.872853, 0.333810
8, 76, 5, 0, 1, 1, 1, 0, 0.857176, 0.467483
8, 77, 2, 0, 1, 1, 1, 0, 0.809700, 0.385017
8, 78, 4, 0, 1, 1, -1, 0, 0.718572, 0.287449
8, 79, 2, 0, 1, 1, -1, 0, 0.897561, 0.443234
8, 80, 5, 2, 1, 1, -1, 1, 0.914387, 0.178885
8, 81, 6, 1, 1, 1, -1, -1, 0.949829, 0.642981
8, 82, 5, 2, 1, 1, -1, 1, 1.140311, 0.779286
8, 83, 4, 0, 1, 1, 1, 0, 0.983087, 0.410525
8, 84, 5, 0, 1, 1, 1, 0, 0.935138, 0.376668
8, 85, 5, 3, 1, 1, 1, -1, 1.207458, 0.312463
8, 86, 5, 0, 1, 1, -1, 0, 0.857989, 0.326954
8, 87, 5, 1, 1, 1, -1, 1, 1.312535, 0.146465
8, 88, 4, 0, 0, -1, 1, 0, 0.107064, 2.621358
8, 89, 5, 6, 1, 1, -1, -1, 0.991877, 0.590658
8, 90, 3, 1, 1, 1, 1, -1, 1.076820, 0.521899
8, 91, 4, 5, 1, 1, -1, -1, 1.022059, 0.545435
8, 92, 4, 2, 1, 1, 1, -1, 1.367651, 0.446642
8, 93, 3, 3, 1, 3, 1, -1, 0.738743, 0.000000
8, 94, 6, 0, 1, 1, -1, 0, 0.876058, 0.390998
8, 95, 2, 6, 1, 1, 1, -1, 0.864586, 0.633204
8, 96, 1, 0, 1, 3, 1, 0, 1.088273, 0.000000
8, 97, 1, 2, 1, 1, -1, 1, 0.876213, 0.511214
8, 98, 2, 1, 1, 1, -1, 1, 1.084655, 0.468231
8, 99, 1, 0, 1, 1, -1, 0, 1.035431, 0.585085
8, 100, 5, 0, 1, 1, 1, 0, 0.989601, 0.493367
8, 101, 5, 0, 1, 1, 1, 0, 0.931126, 0.425331
8, 102, 2, 0, 1, 1, 1, 0, 0.918460, 0.560152
8, 103, 6, 3, 1, 1, 1, 1, 1.134628, 0.714098
8, 104, 1, 5, 1, 1, -1, -1, 1.068964, 0.491520
8, 105, 4, 0, 1, 3, 1, 0, 1.015404, 0.000000
8, 106, 2, 2, 1, 1, 1, -1, 1.235991, 0.618331
8, 107, 5, 4, 1, 1, 1, 1, 1.001862, 0.404940
8, 108, 5, 0, 1, 1, 1, 0, 1.309179, 0.443898
8, 109, 3, 0, 1, 1, -1, 0, 0.751052, 0.445297
8, 110, 4, 5, 1, 1, 1, 1, 0.924281, 0.300131
8, 111, 1, 0, 1, 1, -1, 0, 1.071372, 0.512869
8, 112, 4, 2, 1, 1, -1, 1, 1.108744, 0.520173
8, 113, 6, 4, 1, 1, -1, -1, 0.988133, 0.458530
8, 114, 5, 0, 1, 1, -1, 0, 1.035321, 0.650564
8, 115, 1, 3, 1, 1, 1, -1, 1.256369, 0.452609
8, 116, 5, 0, 1, 1, -1, 0, 1.168711, 0.458342
8, 117, 6, 0, 1, 1, 1, 0, 0.926430, 0.610351
8, 118, 1, 4, 1, 3, -1, 1, 1.073388, 0.000000
8, 119, 2, 4, 1, 1, 1, -1, 0.770985, 0.510079
8, 120, 5, 0, 1, 1, 1, 0, 1.118614, 0.592053
8, 121, 4, 3, 1, 1, -1, 1, 1.209781, 0.537294
8, 122, 2, 2, 1, 1, 1, 1, 1.196712, 0.731441
8, 123, 6, 0, 1, 1, 1, 0, 1.336571, 0.564558
8, 124, 6, 0, 1, 1, -1, 0, 1.160341, 0.569941
8, 125, 6, 6, 1, 1, -1, -1, 0.934581, 0.734714
8, 126, 1, 4, 1, 3, 1, 1, 1.321350, 0.000000
8, 127, 3, 0, 1, 1, 1, 0, 1.202184, 0.564696
8, 128, 3, 2, 1, 1, -1, 1, 1.176159, 0.513648
8, 129, 2, 6, 1, 1, -1, -1, 0.814397, 0.635933
8, 130, 1, 0, 1, 1, 1, 0, 1.197272, 0.466763
8, 131, 5, 6, 1, 1, -1, 1, 0.814892, 0.584359
8, 132, 6, 0, 1, 1, 1, 0, 1.138200, 0.787776
8, 133, 3, 5, 1, 1, -1, 1, 1.230563, 0.539972
8, 134, 1, 1, 1, 1, 1, -1, 1.412777, 0.464609
8, 135, 6, 0, 1, 1, -1, 0, 0.759997, 0.393166
8, 136, 2, 5, 1, 3, 1, -1, 0.872730, 0.799306
8, 137, 6, 0, 1, 1, -1, 0, 0.869902, 0.458882
8, 138, 5, 4, 1, 1, -1, -1, 0.757481, 0.554166
8, 139, 5, 2, 1, 1, 1, -1, 1.011717, 0.419833
8, 140, 3, 5, 1, 1, -1, 1, 1.138043, 1.044866
8, 141, 1, 4, 1, 1, -1, -1, 1.206212, 0.510390
8, 142, 1, 4, 1, 3, -1, -1, 0.998729, 0.000000
8, 143, 1, 0, 1, 1, 1, 0, 1.202557, 0.440699
8, 144, 6, 0, 1, 1, -1, 0, 0.963085, 0.393432
8, 145, 6, 0, 1, 1, 1, 0, 0.941983, 0.532723
8, 146, 5, 0, 1, 1, 1, 0, 0.995580, 0.385581
8, 147, 4, 0, 1, 1, -1, 0, 0.776169, 0.868311
8, 148, 4, 0, 1, 1, 1, 0, 0.756059, 0.306904
8, 149, 2, 0, 1, 1, 1, 0, 0.901578, 0.361082
8, 150, 1, 0, 1, 1, 1, 0, 0.742316, 0.238994
8, 151, 6, 0, 1, 1, 1, 0, 0.712870, 0.280611
8, 152, 6, 0, 1, 1, 1, 0, 0.691863, 0.126977
8, 153, 2, 0, 1, 1, 1, 0, 0.662280, 0.105248
8, 154, 4, 0, 1, 1, 1, 0, 0.904717, 0.120721
8, 155, 2, 4, 1, 1, 1, 1, 0.761927, 0.226811
8, 156, 5, 5, 1, 1, -1, -1, 1.160603, 0.265505
8, 157, 1, 4, 1, 1, 1, -1, 1.092649, 0.160183
8, 158, 4, 0, 1, 1, -1, 0, 0.657349, 0.126231
8, 159, 5, 5, 1, 1, -1, -1, 0.906494, 0.219613
8, 160, 2, 0, 1, 1, 1, 0, 0.805473, 0.187466
8, 161, 5, 0, 1, 1, 1, 0, 0.868638, 0.544329
8, 162, 5, 0, 1, 1, 1, 0, 0.697475, 0.073883
8, 163, 1, 5, 1, 1, -1, 1, 0.869011, 0.226440
8, 164, 2, 6, 1, 1, -1, 1, 0.737749, 0.179773
8, 165, 2, 0, 1, 1, 1, 0, 0.996012, 0.120137
8, 166, 6, 4, 1, 1, -1, 1, 0.771470, 0.221087
8, 167, 3, 0, 1, 1, 1, 0, 0.876040, 0.280079
8, 168, 5, 5, 1, 1, 1, -1, 1.123726, 0.148176
8, 169, 1, 0, 1, 1, -1, 0, 0.543378, 0.046650
8, 170, 3, 4, 1, 1, -1, -1, 1.096189, 0.133354
8, 171, 1, 0, 1, 1, 1, 0, 0.744519, 0.087195
8, 172, 4, 1, 1, 1, 1, -1, 1.058619, 0.127827
8, 173, 4, 0, 1, 1, 1, 0, 0.711356, 0.093801
8, 174, 5, 3, 1, 1, -1, 1, 0.744317, 0.066709
8, 175, 2, 2, 1, 1, -1, -1, 0.822456, 0.273268
8, 176, 6, 4, 1, 1, -1, -1, 0.764780, 0.167517
8, 177, 3, 6, 1, 1, 1, 1, 1.073388, 0.087328
8, 178, 2, 6, 1, 1, 1, 1, 0.792037, 0.206087
8, 179, 2, 0, 1, 1, -1, 0, 0.880655, 0.186268
8, 180, 1, 0, 1, 1, -1, 0, 0.677214, 0.199722
8, 181, 3, 0, 1, 1, 1, 0, 0.877293, 0.140345
8, 182, 1, 1, 1, 3, -1, 1, 1.000255, 0.000000
8, 184, 2, 5, 1, 1, 1, -1, 0.543799, 0.074123
8, 185, 4, 0, 1, 1, -1, 0, 0.829752, 0.099865
8, 186, 2, 2, 1, 1, 1, 1, 0.749522, 0.167013
8, 187, 6, 1, 1, 3, 1, 1, 1.031208, 0.000000
8, 188, 4, 2, 1, 1, 1, 1, 0.975577, 0.134519
8, 189, 2, 1, 1, 1, 1, 1, 0.925874, 0.147187
8, 190, 2, 2, 1, 3, -1, 1, 0.969255, 0.000000
8, 191, 3, 0, 1, 1, 1, 0, 0.692505, 0.279973
8, 192, 3, 1, 1, 1, -1, -1, 0.823765, 0.802379
8, 193, 4, 0, 1, 1, -1, 0, 1.116439, 0.586362
8, 194, 4, 5, 1, 1, -1, -1, 0.902745, 0.414081
8, 195, 1, 0, 1, 3, 1, 0, 0.889807, 0.000000
8, 196, 3, 0, 1, 3, 1, 0, 0.810593, 0.571170
8, 197, 6, 0, 1, 1, -1, 0, 0.755144, 0.272770
8, 198, 1, 5, 1, 1, 1, 1, 0.790164, 0.319658
8, 199, 1, 2, 1, 1, 1, -1, 1.042896, 0.292529
8, 200, 3, 0, 1, 1, -1, 0, 0.831926, 0.301430
8, 201, 6, 5, 1, 1, -1, -1, 0.797162, 0.227271
8, 202, 2, 0, 0, 1, -1, 0, 0.935235, 0.812473
8, 203, 3, 2, 1, 1, 1, 1, 0.891821, 0.313187
8, 204, 4, 0, 1, 1, 1, 0, 1.078444, 0.321417
8, 205, 3, 0, 1, 1, 1, 0, 0.842107, 0.339990
8, 206, 3, 0, 1, 1, -1, 0, 0.712271, 0.274353
8, 207, 5, 0, 1, 1, 1, 0, 0.796900, 0.225989
8, 208, 6, 3, 1, 1, 1, -1, 0.976820, 0.186808
8, 209, 4, 6, 1, 1, -1, 1, 0.726167, 0.187288
8, 210, 1, 2, 1, 1, 1, 1, 1.167682, 0.312400
8, 211, 4, 3, 1, 1, -1, -1, 0.797346, 0.253067
8, 212, 1, 0, 1, 1, 1, 0, 1.443576, 0.379404
8, 213, 3, 6, 1, 1, 1, 1, 0.932668, 0.161157
8, 214, 6, 0, 1, 1, -1, 0, 0.663715, 0.172459
8, 215, 1, 0, 1, 1, 1, 0, 0.653954, 0.167146
8, 216, 5, 0, 1, 1, 1, 0, 0.990653, 0.292481
8, 217, 5, 5, 1, 1, -1, 1, 0.878614, 0.253192
8, 218, 5, 2, 1, 1, 1, -1, 1.165793, 0.194319
8, 219, 4, 3, 1, 1, 1, -1, 1.187966, 0.239429
8, 220, 5, 0, 1, 1, 1, 0, 0.930827, 0.259792
8, 221, 6, 2, 1, 1, 1, -1, 1.109617, 0.348059
8, 222, 5, 6, 1, 1, 1, 1, 1.064259, 0.317823
8, 223, 3, 0, 1, 1, 1, 0, 1.330507, 0.744820
8, 224, 4, 0, 1, 1, -1, 0, 0.604674, 0.439133
8, 225, 3, 3, 1, 1, 1, 1, 1.048569, 0.431257
8, 226, 3, 1, 1, 1, 1, 1, 0.799030, 0.381559
8, 227, 1, 0, 1, 1, 1, 0, 0.967837, 0.316839
8, 228, 5, 3, 1, 1, 1, -1, 1.022286, 0.273792
8, 229, 4, 0, 1, 1, -1, 0, 0.831354, 0.277692
8, 230, 1, 2, 1, 3, 1, -1, 0.973831, 0.000000
8, 231, 3, 0, 1, 1, 1, 0, 0.962129, 0.707880
8, 232, 5, 0, 1, 1, -1, 0, 0.816916, 0.359773
8, 233, 3, 6, 1, 1, -1, -1, 0.803695, 0.226555
8, 234, 3, 0, 1, 1, -1, 0, 0.672414, 0.127120
8, 235, 1, 2, 1, 1, 1, 1, 0.969038, 0.280310
8, 236, 4, 1, 1, 1, -1, 1, 0.950015, 0.220140
8, 237, 6, 0, 1, 1, -1, 0, 1.103508, 0.173115
8, 238, 1, 0, 1, 1, -1, 0, 0.882896, 0.153554
8, 239, 3, 6, 1, 1, -1, 1, 1.252498, 0.160368
8, 240, 2, 0, 1, 1, -1, 0, 0.948784, 0.240665
8, 241, 4, 6, 1, 1, -1, -1, 0.702498, 0.246881
8, 242, 3, 5, 1, 1, 1, -1, 1.083113, 0.424487
8, 243, 3, 0, 1, 1, -1, 0, 1.098266, 0.353302
8, 244, 4, 0, 1, 1, -1, 0, 1.133419, 0.458652
8, 245, 1, 5, 1, 3, -1, 1, 0.996244, 0.000000
8, 246, 1, 6, 1, 1, 1, -1, 0.908591, 0.259300
8, 247, 2, 0, 1, 1, 1, 0, 0.744104, 0.152966
8, 248, 5, 6, 1, 1, -1, 1, 0.816840, 0.179934
8, 249, 6, 4, 1, 1, -1, 1, 0.788949, 0.198026
8, 250, 3, 3, 1, 1, -1, -1, 1.059359, 0.154583
8, 251, 6, 6, 1, 1, -1, -1, 0.550170, 0.093869
8, 252, 1, 1, 1, 1, 1, 1, 0.624937, 0.113432
8, 253, 6, 2, 1, 1, 1, 1, 1.054603, 0.160259
8, 254, 4, 0, 1, 1, 1, 0, 0.785988, 0.126992
8, 255, 6, 1, 1, 3, 1, 1, 0.823906, 0.000000
8, 256, 3, 4, 1, 1, 1, -1, 0.759075, 0.074028
8, 257, 2, 6, 1, 1, 1, -1, 0.876301, 0.079613
8, 258, 6, 4, 1, 1, 1, -1, 0.817258, 0.046937
8, 259, 5, 0, 1, 1, 1, 0, 0.649234, 0.059889
8, 260, 2, 5, 1, 1, 1, 1, 0.825032, 0.007602
8, 261, 5, 0, 1, 1, 1, 0, 0.652596, 0.087210
8, 262, 3, 2, 1, 1, 1, -1, 0.873658, 0.126839
8, 263, 5, 0, 1, 1, -1, 0, 0.813269, 0.167800
8, 264, 4, 3, 1, 1, 1, 1, 1.186775, 0.205731
8, 265, 6, 6, 1, 1, 1, 1, 0.777153, 0.060273
8, 266, 5, 0, 1, 1, 1, 0, 0.902083, 0.087579
8, 267, 2, 6, 1, 1, -1, 1, 0.590332, 0.134227
8, 268, 4, 0, 1, 1, -1, 0, 0.778378, 0.067614
8, 269, 5, 3, 1, 1, -1, -1, 1.138453, 0.313546
8, 270, 1, 0, 1, 1, 1, 0, 0.893008, 0.174238
8, 271, 1, 0, 1, 1, 1, 0, 0.842694, 0.120412
8, 272, 5, 2, 1, 1, 1, 1, 0.705460, 0.114276
8, 273, 2, 1, 1, 1, -1, -1, 1.033866, 0.631572
8, 274, 6, 0, 1, 1, 1, 0, 0.998461, 0.054311
8, 275, 2, 0, 1, 1, -1, 0, 0.902252, 0.053663
8, 276, 4, 5, 1, 1, -1, 1, 0.887149, 0.153285
8, 277, 6, 0, 1, 1, -1, 0, 0.650667, 0.120547
8, 278, 2, 1, 1, 1, -1, 1, 0.730739, 0.159544
8, 279, 1, 6, 1, 1, -1, 1, 1.004109, 0.167369
8, 280, 2, 0, 1, 1, 1, 0, 0.697757, 0.173088
8, 281, 6, 0, 1, 1, -1, 0, 0.725561, 0.107502
8, 282, 5, 0, 1, 1, 1, 0, 0.638137, 0.134251
8, 283, 4, 0, 1, 1, -1, 0, 0.630334, 0.133724
8, 284, 1, 4, 1, 1, 1, 1, 0.737319, 0.120257
8, 285, 2, 0, 1, 1, 1, 0, 0.789779, 0.213260
8, 286, 5, 3, 1, 1, 1, 1, 0.691704, 0.154474
8, 287, 5, 4, 1, 1, -1, -1, 0.881541, 0.179359
8, 288, 6, 0, 1, 1, 1, 0, 1.051463, 0.127171
8, 289, 5, 2, 1, 1, -1, -1, 0.697510, 0.154341
8, 290, 2, 0, 1, 1, -1, 0, 0.637574, 0.073962
8, 291, 5, 4, 1, 1, 1, -1, 0.785114, 0.119697
8, 292, 4, 3, 1, 1, -1, 1, 0.632524, 0.080655
8, 293, 2, 0, 1, 1, -1, 0, 0.550741, 0.067114
8, 294, 6, 0, 1, 1, 1, 0, 0.811063, 0.060787
8, 295, 3, 0, 1, 1, -1, 0, 0.685067, 0.146841
8, 296, 4, 0, 1, 1, -1, 0, 0.704471, 0.107400
8, 297, 4, 0, 1, 3, -1, 0, 0.769957, 0.000000
8, 298, 3, 0, 1, 1, -1, 0, 0.682640, 0.218733
8, 299, 3, 0, 1, 1, -1, 0, 0.532050, 0.167522
8, 300, 6, 1, 1, 1, -1, -1, 0.644758, 0.352497
8, 301, 5, 0, 1, 1, -1, 0, 0.612739, 0.027434
8, 302, 2, 6, 1, 1, -1, -1, 0.936166, 0.027465
8, 303, 4, 4, 1, 1, 1, -1, 0.863218, 0.007738
8, 304, 6, 1, 1, 1, -1, 1, 0.605192, 0.027682
8, 305, 2, 0, 1, 1, 1, 0, 0.676376, 0.014245
8, 306, 5, 0, 1, 1, -1, 0, 0.546176, 0.034281
8, 307, 6, 0, 1, 1, 1, 0, 0.640320, 0.027811
8, 308, 1, 0, 1, 1, -1, 0, 0.572086, 0.021044
8, 309, 4, 0, 1, 1, -1, 0, 0.652375, 0.000000
8, 310, 5, 0, 1, 1, -1, 0, 0.791174, 0.033808
8, 311, 1, 3, 1, 1, 1, 1, 0.907047, 0.067626
8, 312, 6, 2, 1, 1, 1, -1, 0.797306, 0.040716
8, 313, 1, 3, 1, 1, 1, 1, 0.680023, 0.040991
8, 314, 3, 0, 1, 1, -1, 0, 0.962788, 0.007577
8, 315, 6, 6, 1, 1, 1, -1, 0.639985, 0.027482
8, 316, 3, 0, 1, 1, 1, 0, 0.850390, 0.040897
8, 317, 2, 0, 1, 1, -1, 0, 0.851842, 0.154132
8, 318, 3, 0, 1, 1, -1, 0, 0.824231, 0.145675
8, 319, 5, 0, 1, 3, -1, 0, 0.570109, 0.000000
8, 320, 6, 4, 1, 1, 1, 1, 0.887264, 0.233160
8, 321, 6, 2, 1, 1, -1, 1, 1.206225, 0.367758
8, 322, 1, 0, 1, 1, 1, 0, 0.900257, 0.328010
8, 323, 2, 0, 1, 1, 1, 0, 1.159967, 0.754021
8, 324, 2, 0, 1, 1, 1, 0, 0.975933, 0.278445
8, 325, 6, 5, 1, 1, 1, -1, 1.074781, 0.207081
8, 326, 5, 1, 1, 1, 1, 1, 1.163600, 0.260391
8, 328, 1, 6, 1, 1, 1, 1, 0.586354, 0.000000
8, 329, 6, 3, 1, 1, -1, 1, 0.722597, 0.034104
8, 330, 4, 0, 1, 1, -1, 0, 0.751867, 0.000000
8, 331, 5, 6, 1, 1, 1, -1, 0.840305, 0.074149
8, 332, 6, 5, 1, 1, -1, -1, 0.678633, 0.033402
8, 333, 1, 5, 1, 1, 1, 1, 0.816185, 0.054343
8, 334, 6, 2, 1, 1, -1, -1, 0.833315, 0.054283
8, 335, 6, 1, 1, 1, -1, 1, 0.741118, 0.954969
8, 336, 2, 3, 1, 1, -1, 1, 0.636025, 0.093571
8, 337, 5, 0, 1, 1, -1, 0, 0.646052, 0.034368
8, 338, 3, 5, 1, 3, 1, 1, 0.903850, 0.000000
8, 339, 6, 1, 1, 1, 1, -1, 0.832527, 0.281153
8, 340, 5, 0, 1, 1, 1, 0, 1.183726, 0.292925
8, 341, 2, 4, 1, 3, -1, 1, 0.974607, 0.000000
8, 342, 4, 6, 1, 1, 1, 1, 0.739641, 0.074540
8, 343, 5, 0, 1, 1, -1, 0, 0.510252, 0.080871
8, 344, 1, 0, 1, 1, -1, 0, 0.557946, 0.020890
8, 345, 4, 4, 1, 1, 1, -1, 0.865905, 0.127763
8, 346, 6, 0, 1, 1, 1, 0, 1.400713, 1.424989
8, 347, 6, 5, 1, 1, 1, 1, 1.186030, 0.304556
8, 349, 5, 3, 1, 1, -1, -1, 0.809274, 0.311178
8, 350, 5, 5, 1, 1, 1, -1, 0.883309, 0.134094
8, 351, 4, 0, 1, 1, 1, 0, 0.616820, 0.087089
8, 352, 4, 4, 1, 1, -1, 1, 0.517935, 0.000000
8, 353, 2, 0, 1, 1, 1, 0, 0.696997, 0.020889
8, 354, 5, 0, 1, 1, -1, 0, 0.484236, 0.067150
8, 355, 5, 6, 1, 1, -1, -1, 0.885340, 0.047162
8, 356, 2, 0, 1, 1, -1, 0, 0.505351, 0.027318
8, 357, 3, 4, 1, 1, -1, -1, 0.977650, 0.254546
8, 358, 2, 1, 1, 3, 1, -1, 1.075753, 0.000000
8, 359, 3, 0, 1, 1, 1, 0, 1.022076, 0.265890
8, 360, 1, 0, 1, 1, 1, 0, 0.551754, 0.100828
8, 361, 6, 0, 1, 1, 1, 0, 0.697153, 0.060159
8, 362, 4, 6, 1, 1, 1, -1, 0.917814, 0.446341
8, 363, 2, 0, 1, 1, 1, 0, 1.398127, 0.181361
8, 364, 2, 2, 1, 1, -1, 1, 1.196648, 0.473167
8, 365, 6, 0, 1, 1, -1, 0, 0.765304, 0.067479
8, 366, 3, 0, 0, 1, 1, 0, 0.656826, 1.499658
8, 367, 2, 0, 1, 1, -1, 0, 0.609364, 0.166479
8, 368, 5, 0, 1, 1, 1, 0, 0.729764, 0.140141
8, 369, 3, 0, 1, 1, 1, 0, 0.759004, 0.054389
8, 370, 1, 0, 1, 1, 1, 0, 0.446730, 0.113432
8, 371, 4, 0, 1, 1, 1, 0, 0.895667, 0.007548
8, 372, 5, 0, 1, 1, -1, 0, 0.544883, 0.000981
8, 373, 4, 5, 1, 1, -1, 1, 0.552745, 0.000000
8, 375, 3, 0, 1, 1, -1, 0, 0.577417, 0.000000
8, 376, 5, 2, 1, 1, -1, -1, 0.557959, 0.000000
8, 377, 2, 3, 1, 1, -1, -1, 0.735533, 0.020834
8, 378, 5, 3, 1, 1, -1, 1, 0.612714, 0.000000
8, 379, 4, 0, 1, 1, 1, 0, 0.644861, 0.000000
8, 380, 2, 2, 1, 1, -1, -1, 0.683763, 0.073467
8, 381, 3, 0, 1, 1, -1, 0, 0.902452, 0.106981
8, 382, 5, 1, 1, 1, -1, -1, 0.976839, 0.093959
8, 383, 3, 1, 1, 1, 1, -1, 1.044334, 0.267236
8, 384, 1, 2, 1, 1, -1, -1, 0.971905, 0.152901
8, 385, 4, 4, 1, 1, -1, 1, 0.776474, 0.100177
8, 386, 6, 0, 1, 1, -1, 0, 0.625311, 0.027509
8, 387, 3, 2, 1, 1, -1, 1, 0.692128, 0.073893
8, 388, 6, 0, 1, 1, 1, 0, 0.799350, 0.007729
8, 389, 3, 6, 1, 1, -1, 1, 0.917471, 0.352308
8, 390, 2, 4, 1, 1, -1, -1, 0.896504, 0.291029
8, 391, 3, 2, 1, 1, 1, -1, 1.241831, 0.371641
8, 392, 4, 6, 1, 1, -1, -1, 0.798215, 0.127521
8, 393, 6, 0, 1, 1, 1, 0, 0.739558, 0.140928
8, 394, 2, 0, 1, 1, -1, 0, 0.578344, 0.047485
8, 395, 4, 0, 1, 1, -1, 0, 0.518518, 0.100683
8, 396, 3, 0, 1, 1, -1, 0, 0.679155, 0.207618
8, 397, 6, 1, 1, 1, 1, -1, 0.870598, 0.265531
8, 398, 5, 0, 1, 1, 1, 0, 0.748919, 0.099769
8, 399, 1, 3, 1, 1, -1, 1, 1.078046, 0.207308
8, 400, 2, 0, 1, 1, -1, 0, 0.545002, 0.140307
8, 401, 6, 2, 1, 1, -1, 1, 0.542652, 0.007627
8, 402, 1, 6, 1, 1, -1, -1, 0.633225, 0.127491
8, 403, 4, 0, 1, 1, 1, 0, 0.782476, 0.020214
8, 404, 2, 5, 1, 1, -1, 1, 0.829751, 0.146357
8, 405, 5, 4, 1, 1, 1, -1, 0.790649, 0.187169
8, 406, 3, 3, 1, 1, -1, 1, 0.881540, 0.100952
8, 407, 4, 2, 1, 3, -1, -1, 0.631285, 0.000000
8, 408, 5, 6, 1, 1, 1, 1, 0.710196, 0.040502
8, 409, 2, 3, 1, 1, 1, 1, 0.850981, 0.086844
8, 410, 4, 0, 1, 1, 1, 0, 0.697883, 0.173553
8, 411, 5, 0, 1, 1, 1, 0, 0.730760, 0.060435
8, 412, 5, 0, 1, 1, -1, 0, 0.685340, 0.173660
8, 413, 1, 6, 1, 1, -1, 1, 0.923376, 0.100819
8, 414, 1, 5, 1, 1, -1, -1, 0.803558, 0.126600
8, 415, 1, 0, 1, 1, -1, 0, 0.864222, 0.086021
8, 416, 3, 4, 1, 3, -1, 1, 0.810256, 0.000000
8, 417, 4, 0, 1, 3, 1, 0, 0.839432, 0.000000
8, 418, 4, 0, 1, 1, 1, 0, 0.557599, 0.225055
8, 419, 1, 0, 1, 1, 1, 0, 0.604125, 0.173596
8, 420, 1, 0, 1, 1, -1, 0, 1.007744, 0.166364
8, 421, 6, 0, 1, 1, -1, 0, 0.776656, 0.450346
8, 422, 2, 0, 1, 1, -1, 0, 0.844002, 0.126139
8, 423, 2, 0, 1, 3, 1, 0, 0.757424, 0.000000
8, 424, 4, 4, 1, 1, -1, -1, 0.636717, 0.126299
8, 425, 3, 0, 1, 1, -1, 0, 0.683828, 0.331573
8, 426, 3, 3, 1, 1, 1, -1, 0.824107, 0.139039
8, 427, 1, 2, 1, 1, -1, 1, 0.733766, 0.146522
8, 428, 6, 6, 1, 3, 1, 1, 1.067403, 0.000000
8, 429, 4, 0, 1, 1, 1, 0, 0.699357, 0.201049
8, 430, 3, 0, 1, 1, 1, 0, 0.733694, 0.213073
8, 431, 2, 0, 1, 1, -1, 0, 0.989515, 0.147084
8, 432, 1, 0, 1, 1, -1, 0, 0.696958, 0.394037
8, 434, 3, 0, 1, 1, 1, 0, 0.705654, 0.114197
8, 435, 3, 0, 1, 1, -1, 0, 0.551391, 0.073230
8, 436, 3, 0, 1, 1, -1, 0, 0.679045, 0.014286
8, 437, 5, 3, 1, 1, 1, 1, 0.875576, 0.080261
8, 438, 4, 0, 1, 1, -1, 0, 0.490822, 0.047393
8, 439, 3, 5, 1, 1, -1, -1, 0.824424, 0.027657
8, 440, 6, 3, 1, 1, 1, 1, 0.796657, 0.074056
8, 441, 2, 0, 1, 1, 1, 0, 0.586866, 0.000000
8, 442, 3, 6, 1, 1, -1, -1, 0.598424, 0.000000
8, 443, 3, 1, 1, 1, -1, -1, 0.889148, 0.152484
8, 444, 4, 0, 1, 1, 1, 0, 0.713519, 0.107319
8, 445, 1, 0, 1, 1, 1, 0, 0.752994, 0.107300
8, 446, 6, 2, 1, 1, -1, -1, 0.970512, 0.087626
8, 447, 2, 5, 1, 1, -1, -1, 0.638228, 0.020893
8, 448, 5, 1, 1, 1, 1, 1, 0.643426, 0.000000
8, 449, 6, 0, 1, 1, 1, 0, 0.676930, 0.000000
8, 450, 2, 0, 1, 1, 1, 0, 0.595737, 0.014306
8, 451, 2, 4, 1, 1, -1, 1, 0.680006, 0.067375
8, 452, 3, 4, 1, 1, 1, 1, 0.898288, 0.067332
8, 453, 6, 5, 1, 1, -1, 1, 1.023274, 0.384743
8, 454, 4, 0, 1, 1, 1, 0, 0.817125, 0.087320
8, 455, 3, 2, 1, 1, -1, -1, 0.611318, 0.173096
8, 456, 3, 5, 1, 1, 1, -1, 0.812978, 0.107246
8, 457, 5, 0, 1, 1, -1, 0, 0.860034, 0.154542
8, 458, 6, 3, 1, 1, -1, -1, 0.845087, 0.094171
8, 459, 1, 0, 1, 1, -1, 0, 0.835795, 0.093830
8, 460, 6, 4, 1, 1, 1, -1, 1.022753, 0.159881
8, 461, 5, 0, 1, 1, -1, 0, 0.491600, 0.067850
8, 462, 1, 0, 1, 1, 1, 0, 0.704282, 0.147187
8, 463, 2, 3, 1, 1, 1, -1, 0.737505, 0.093084
8, 464, 3, 0, 1, 1, -1, 0, 0.687015, 0.074081
8, 465, 4, 0, 1, 1, -1, 0, 0.606552, 0.199662
8, 466, 4, 4, 1, 1, 1, 1, 0.770570, 0.146236
8, 467, 4, 5, 1, 1, 1, -1, 1.200054, 0.425646
8, 468, 1, 3, 1, 1, -1, -1, 0.804876, 0.180851
8, 469, 3, 0, 1, 3, 1, 0, 0.625193, 0.000000
8, 470, 6, 4, 1, 1, 1, 1, 0.644510, 0.040758
8, 471, 4, 1, 1, 1, 1, 1, 0.570890, 0.181234
8, 472, 4, 2, 1, 1, -1, -1, 1.022965, 0.200648
8, 473, 6, 3, 1, 3, 1, -1, 0.848370, 0.000000
8, 474, 4, 0, 1, 1, 1, 0, 0.639650, 0.187459
8, 475, 2, 0, 1, 1, 1, 0, 0.532068, 0.286310
8, 476, 2, 5, 1, 1, -1, 1, 0.505653, 0.220721
8, 477, 1, 0, 1, 1, -1, 0, 0.816826, 0.107307
8, 478, 3, 4, 1, 1, -1, 1, 0.901831, 0.100176
8, 479, 1, 4, 1, 1, 1, -1, 0.943044, 0.199078
8, 480, 1, 0, 1, 1, -1, 0, 0.672623, 0.378982
8, 481, 2, 0, 1, 1, -1, 0, 0.764072, 0.100625
8, 482, 2, 6, 1, 1, 1, 1, 1.012313, 0.246865
8, 483, 4, 0, 1, 1, -1, 0, 0.959994, 0.100410
8, 484, 6, 0, 1, 1, -1, 0, 0.894593, 0.166559
8, 485, 5, 1, 1, 1, 1, -1, 1.235396, 0.589302
8, 486, 1, 0, 1, 1, -1, 0, 0.783043, 0.120852
8, 487, 6, 3, 1, 1, -1, -1, 0.699388, 0.160206
8, 488, 6, 0, 1, 1, 1, 0, 0.711028, 0.153869
8, 489, 1, 1, 1, 1, -1, 1, 0.817148, 0.173633
8, 490, 6, 0, 1, 1, 1, 0, 1.062434, 0.173708
8, 491, 5, 0, 1, 1, -1, 0, 1.100220, 0.438322
8, 492, 3, 0, 1, 1, -1, 0, 1.016145, 0.372301
8, 493, 6, 0, 1, 1, 1, 0, 0.596324, 0.233612
8, 494, 6, 6, 1, 1, -1, 1, 0.989926, 0.180398
8, 495, 2, 0, 1, 1, -1, 0, 0.771769, 0.181190
8, 496, 3, 3, 1, 1, -1, 1, 1.068338, 0.319126
8, 497, 1, 0, 1, 1, -1, 0, 0.430133, 0.034241
8, 498, 2, 1, 1, 1, 1, -1, 0.724908, 0.027457
8, 499, 4, 6, 1, 1, -1, 1, 0.732864, 0.041085
8, 500, 6, 0, 1, 1, -1, 0, 0.584051, 0.034299
8, 501, 1, 1, 1, 1, -1, -1, 0.684120, 0.060618
8, 502, 4, 0, 1, 1, 1, 0, 0.764524, 0.047466
8, 503, 6, 5, 1, 1, -1, 1, 0.929040, 0.080729
8, 504, 1, 3, 1, 1, -1, 1, 0.844636, 0.114268
8, 505, 2, 0, 1, 1, -1, 0, 1.021206, 0.277884
8, 506, 5, 0, 1, 1, -1, 0, 0.985196, 0.126391
8, 507, 3, 0, 1, 3, -1, 0, 0.970138, 0.000000
8, 508, 1, 0, 1, 1, 1, 0, 0.597145, 0.093826
8, 509, 3, 0, 1, 1, 1, 0, 0.637688, 0.067475
8, 510, 6, 0, 1, 1, 1, 0, 0.680069, 0.067646
8, 511, 1, 0, 1, 1, 1, 0, 0.612276, 0.080680
8, 512, 6, 0, 1, 1, 1, 0, 0.739716, 0.093902
8, 513, 4, 2, 1, 1, -1, 1, 1.007430, 0.127011
8, 514, 6, 0, 1, 1, -1, 0, 0.593923, 0.094601
8, 515, 3, 0, 1, 1, 1, 0, 1.043144, 0.126289
8, 516, 4, 2, 1, 1, 1, -1, 1.012490, 0.100895
8, 517, 5, 4, 1, 1, -1, 1, 1.045843, 0.113736
8, 518, 3, 0, 1, 1, 1, 0, 1.001960, 0.139968
8, 519, 2, 5, 1, 1, -1, -1, 0.798861, 0.214215
8, 520, 2, 4, 1, 1, -1, -1, 1.029740, 0.093696
8, 521, 3, 6, 1, 1, 1, -1, 0.789520, 0.166195
8, 522, 2, 2, 1, 3, 1, -1, 0.956296, 0.000000
8, 523, 1, 0, 1, 1, 1, 0, 0.818090, 0.112975
8, 524, 3, 0, 1, 1, 1, 0, 0.605313, 0.340394
8, 525, 5, 0, 1, 1, -1, 0, 0.664394, 0.107159
8, 526, 4, 4, 1, 1, 1, 1, 0.971240, 0.194682
8, 527, 1, 2, 1, 1, -1, -1, 0.625178, 0.160044
8, 528, 1, 0, 1, 1, -1, 0, 0.732029, 0.140257
8, 529, 1, 0, 1, 1, -1, 0, 0.810695, 0.093897
8, 530, 2, 0, 1, 1, -1, 0, 1.023228, 0.678924
8, 531, 5, 0, 1, 1, -1, 0, 0.470611, 0.093937
8, 532, 5, 0, 1, 1, -1, 0, 0.532455, 0.107128
8, 533, 6, 5, 1, 1, 1, -1, 0.970715, 0.232036
8, 534, 2, 0, 1, 1, 1, 0, 0.771310, 0.126596
8, 535, 2, 3, 1, 1, -1, 1, 0.611191, 0.073793
8, 536, 1, 0, 1, 1, -1, 0, 0.658321, 0.087204
8, 537, 1, 0, 1, 1, 1, 0, 0.864038, 0.081100
8, 538, 4, 1, 1, 1, -1, -1, 0.952118, 0.161308
8, 539, 3, 5, 1, 1, 1, 1, 1.202924, 0.314028
8, 540, 2, 0, 1, 1, -1, 0, 0.837156, 0.326503
8, 541, 2, 0, 1, 1, -1, 0, 0.773691, 0.286144
8, 542, 5, 4, 1, 1, 1, 1, 1.039535, 0.293810
8, 543, 4, 4, 1, 1, -1, -1, 0.598956, 0.158824
8, 544, 6, 0, 1, 1, -1, 0, 0.564959, 0.226898
8, 545, 3, 4, 1, 1, 1, 1, 0.830908, 0.292376
8, 546, 5, 5, 1, 1, 1, 1, 0.683979, 0.160265
8, 547, 2, 4, 1, 3, 1, -1, 1.163557, 0.000000
8, 548, 4, 0, 1, 1, 1, 0, 0.812527, 0.352090
8, 549, 5, 0, 1, 1, 1, 0, 0.839690, 0.260264
8, 550, 5, 0, 1, 3, 1, 0, 0.511055, 0.000000
8, 551, 4, 6, 1, 1, 1, -1, 0.922933, 0.317816
8, 552, 1, 3, 1, 1, -1, -1, 1.057344, 0.233995
8, 553, 4, 3, 1, 1, 1, 1, 1.236945, 0.372928
8, 554, 6, 0, 1, 1, -1, 0, 1.227308, 0.280515
8, 555, 2, 1, 1, 1, 1, 1, 0.995021, 0.340248
8, 556, 6, 0, 1, 1, -1, 0, 0.857672, 0.246716
8, 557, 1, 0, 1, 1, 1, 0, 1.135476, 0.324528
8, 558, 4, 1, 1, 1, 1, 1, 1.216171, 0.300456
8, 559, 2, 0, 1, 1, 1, 0, 1.249398, 0.367597
8, 560, 3, 0, 1, 1, 1, 0, 1.091694, 0.327708
8, 561, 4, 0, 1, 1, -1, 0, 1.081846, 0.339764
8, 562, 6, 3, 1, 1, -1, 1, 0.794623, 0.273763
8, 563, 1, 0, 1, 1, -1, 0, 0.985586, 0.287478
8, 564, 5, 1, 1, 1, -1, -1, 1.090971, 0.346902
8, 565, 5, 0, 1, 1, -1, 0, 0.548589, 0.479174
8, 566, 2, 4, 1, 1, 1, 1, 0.961391, 0.340116
8, 567, 3, 1, 1, 1, -1, 1, 0.995264, 0.293515
8, 568, 3, 0, 1, 1, 1, 0, 1.166927, 0.359398
8, 569, 4, 5, 1, 1, 1, 1, 1.207891, 0.404854
8, 570, 4, 1, 1, 1, -1, 1, 1.136226, 0.280428
8, 571, 1, 0, 1, 1, -1, 0, 1.249203, 0.646014
8, 572, 5, 1, 1, 1, -1, 1, 0.929712, 0.371348
8, 573, 1, 1, 1, 1, 1, 1, 1.406379, 0.477525
8, 574, 1, 1, 1, 1, -1, -1, 1.181241, 0.531307
8, 575, 6, 6, 1, 3, 1, -1, 1.354227, 0.616104
8, 576, 3, 0, 1, 1, -1, 0, 1.112876, 0.364507
8, 577, 4, 0, 1, 1, -1, 0, 1.148293, 0.331322
8, 578, 4, 6, 1, 1, 1, 1, 1.149687, 0.445958
8, 579, 1, 0, 1, 1, -1, 0, 1.015647, 0.410706
8, 580, 2, 0, 1, 1, 1, 0, 0.929614, 0.390501
8, 581, 1, 5, 1, 1, 1, -1, 1.042534, 0.450904
8, 582, 6, 0, 1, 1, -1, 0, 0.862586, 0.530666
8, 583, 3, 3, 1, 1, 1, 1, 0.915907, 0.311623
8, 584, 6, 2, 1, 1, 1, 1, 1.296200, 0.397675
