observer, trial, targLoc, distLoc, targDiscrim, thoughtNoAttCap, tc, dc, RT, TrialTypeRT
1, 1, 1, 0, 1, 1, 1, 0, 0.898917, 1.678538
1, 3, 3, 0, 0, 1, -1, 0, 0.605112, 1.851691
1, 4, 1, 6, 1, 1, 1, -1, 0.894325, 1.118238
1, 5, 6, 0, 1, 1, -1, 0, 0.650962, 1.015662
1, 6, 5, 2, 0, -1, 1, -1, 1.106026, 2.030011
1, 7, 1, 4, 1, 1, 1, -1, 0.768623, 1.012599
1, 8, 4, 0, 1, 1, -1, 0, 0.577761, 1.127721
1, 9, 1, 0, 1, 1, 1, 0, 0.530222, 1.164144
1, 10, 5, 6, 1, 1, -1, -1, 0.788115, 0.880468
1, 11, 3, 5, 1, 1, -1, -1, 0.646564, 1.115716
1, 12, 5, 0, 1, 1, 1, 0, 0.582875, 0.782415
1, 13, 1, 0, 1, 1, -1, 0, 0.550525, 0.826386
1, 14, 2, 3, 1, 1, -1, -1, 0.806498, 1.120590
1, 15, 3, 5, 1, 1, -1, 1, 0.740262, 1.005709
1, 16, 4, 0, 1, 1, 1, 0, 0.531759, 0.760725
1, 17, 6, 0, 1, 1, -1, 0, 0.607831, 0.892642
1, 18, 2, 4, 1, 1, 1, -1, 0.722072, 0.841994
1, 19, 6, 0, 1, 1, -1, 0, 0.517108, 0.768758
1, 20, 5, 0, 1, 1, 1, 0, 0.574886, 0.863799
1, 21, 5, 0, 1, 1, -1, 0, 0.530688, 0.840119
1, 22, 1, 0, 1, 1, -1, 0, 0.523560, 0.775551
1, 23, 4, 6, 1, 1, 1, 1, 0.676756, 0.841541
1, 24, 5, 3, 1, 1, -1, -1, 0.524860, 0.839081
1, 25, 5, 0, 1, 1, -1, 0, 0.523263, 0.733804
1, 26, 1, 6, 1, 1, -1, 1, 0.813135, 0.655641
1, 27, 4, 5, 1, 1, 1, -1, 0.939316, 0.911201
1, 28, 2, 0, 1, 1, 1, 0, 0.583307, 0.681232
1, 29, 3, 4, 1, 3, -1, 1, 0.908310, 1.767617
1, 30, 6, 1, 1, 1, -1, 1, 0.610108, 1.131748
1, 31, 5, 0, 1, 1, -1, 0, 0.589199, 1.037952
1, 32, 2, 0, 1, 1, -1, 0, 0.590698, 0.668579
1, 33, 4, 2, 1, -1, 1, -1, 1.372346, 0.867419
1, 34, 4, 1, 1, -1, -1, 1, 1.059301, 1.907420
1, 35, 2, 4, 1, 1, -1, -1, 0.834471, 0.867080
1, 36, 6, 0, 1, 1, 1, 0, 0.687499, 0.569931
1, 37, 1, 0, 1, 1, 1, 0, 0.518414, 0.595259
1, 38, 3, 0, 1, 1, 1, 0, 0.628385, 0.628081
1, 39, 1, 0, 1, 1, 1, 0, 0.470091, 0.509688
1, 40, 6, 0, 1, 1, 1, 0, 0.503723, 0.543648
1, 41, 5, 2, 1, -1, 1, 1, 0.979011, 1.897615
1, 42, 3, 1, 1, 1, -1, -1, 0.667551, 0.849008
1, 43, 3, 0, 1, 1, -1, 0, 0.608833, 0.603055
1, 44, 1, 3, 1, 1, -1, -1, 0.583947, 0.580764
1, 45, 6, 5, 1, 1, -1, 1, 0.457243, 0.920292
1, 46, 2, 6, 1, 1, -1, -1, 0.780811, 0.555921
1, 47, 4, 6, 1, 1, 1, -1, 0.704045, 0.590811
1, 48, 4, 1, 1, 1, -1, 1, 0.577156, 0.356994
1, 49, 3, 5, 1, 1, 1, -1, 0.729644, 0.636467
1, 50, 4, 0, 1, 1, 1, 0, 0.477039, 0.531503
1, 51, 6, 0, 1, 1, -1, 0, 0.525638, 0.544555
1, 52, 1, 2, 1, 1, 1, 1, 1.123933, 0.411164
1, 53, 2, 5, 1, 1, 1, -1, 0.662509, 0.385677
1, 54, 1, 1, 0, -1, 1, -1, 0.558653, 1.621670
1, 55, 6, 0, 1, 1, -1, 0, 0.547758, 0.417780
1, 56, 1, 4, 1, 1, 1, 1, 0.574008, 0.699125
1, 57, 5, 0, 1, 1, -1, 0, 0.583486, 0.423834
1, 58, 3, 0, 1, 1, 1, 0, 0.608723, 0.436852
1, 59, 6, 3, 1, 1, 1, -1, 0.636729, 0.391371
1, 60, 1, 0, 1, 1, 1, 0, 0.496348, 0.332072
1, 61, 2, 5, 1, 1, -1, -1, 0.575901, 0.398335
1, 62, 3, 1, 1, 1, 1, 1, 0.670087, 0.484394
1, 63, 5, 3, 1, 1, 1, 1, 0.697026, 0.768496
1, 64, 3, 6, 1, 1, 1, 1, 0.714059, 0.503255
1, 65, 6, 0, 1, 1, 1, 0, 0.564971, 0.378464
1, 66, 4, 3, 1, 1, 1, 1, 0.569738, 0.358286
1, 67, 1, 0, 1, 1, 1, 0, 0.516575, 0.277332
1, 68, 5, 0, 1, 1, -1, 0, 0.562894, 0.395520
1, 69, 3, 0, 1, 1, 1, 0, 0.516112, 0.372544
1, 70, 6, 0, 1, 1, -1, 0, 0.602204, 0.712701
1, 71, 2, 1, 1, 1, -1, 1, 0.866240, 0.352279
1, 72, 3, 0, 1, 1, 1, 0, 0.537473, 0.251776
1, 73, 6, 6, 1, 1, -1, 1, 0.529067, 0.595983
1, 74, 5, 3, 1, 1, -1, 1, 0.607786, 0.440478
1, 75, 4, 6, 1, 1, -1, 1, 0.655803, 0.648108
1, 76, 5, 0, 1, 1, -1, 0, 0.524197, 0.392875
1, 77, 1, 2, 1, 1, 1, -1, 0.616425, 0.498022
1, 78, 6, 4, 1, 1, 1, -1, 0.714502, 0.225621
1, 79, 5, 0, 1, 1, 1, 0, 0.542490, 0.198875
1, 80, 5, 2, 1, 1, -1, -1, 0.596850, 0.670457
1, 81, 1, 1, 1, 1, -1, -1, 0.548975, 0.484553
1, 82, 6, 5, 1, 1, 1, -1, 0.656384, 0.278387
1, 83, 1, 4, 1, 1, -1, 1, 0.509285, 0.297999
1, 84, 6, 4, 1, 1, -1, 1, 0.482541, 0.258149
1, 85, 4, 0, 1, 1, -1, 0, 0.504233, 0.180792
1, 86, 6, 6, 1, 1, 1, 1, 0.541861, 0.206468
1, 87, 4, 0, 1, 1, -1, 0, 0.463504, 0.139983
1, 88, 1, 0, 1, 1, -1, 0, 0.445360, 0.192088
1, 89, 2, 1, 1, 1, 1, 1, 0.703500, 0.173685
1, 90, 1, 0, 1, 1, -1, 0, 0.522960, 0.490870
1, 91, 6, 0, 1, 1, -1, 0, 0.483440, 0.213094
1, 92, 4, 1, 1, 1, 1, 1, 0.580450, 0.178177
1, 93, 2, 0, 1, 1, 1, 0, 0.536989, 0.253439
1, 94, 5, 4, 1, 1, 1, 1, 0.563326, 0.239203
1, 95, 1, 0, 1, 1, 1, 0, 0.489778, 0.270804
1, 96, 3, 1, 0, -1, 1, -1, 0.549205, 1.031889
1, 97, 4, 0, 1, 1, 1, 0, 0.490964, 0.273032
1, 98, 2, 3, 1, 1, 1, -1, 0.614921, 0.205770
1, 99, 2, 0, 1, 1, 1, 0, 0.489263, 0.226063
1, 100, 2, 0, 1, 1, -1, 0, 0.503699, 0.250995
1, 101, 2, 0, 1, 1, 1, 0, 0.611167, 0.650503
1, 102, 1, 0, 1, 1, -1, 0, 0.608526, 0.795220
1, 103, 3, 0, 1, 3, -1, 0, 0.531031, 0.240230
1, 104, 3, 0, 1, 1, 1, 0, 0.522293, 0.132032
1, 105, 4, 0, 1, 1, -1, 0, 0.569059, 0.231393
1, 106, 3, 0, 1, 1, 1, 0, 0.529919, 0.133304
1, 107, 6, 3, 1, -1, 1, -1, 1.452305, 2.012360
1, 108, 2, 0, 1, 1, -1, 0, 0.550256, 0.206181
1, 109, 6, 6, 1, 1, 1, -1, 0.582903, 0.226325
1, 110, 1, 0, 1, 1, -1, 0, 0.574117, 0.239490
1, 111, 1, 6, 1, 1, 1, 1, 0.497074, 0.186342
1, 112, 3, 0, 1, 1, -1, 0, 0.524611, 0.167290
1, 113, 1, 0, 1, 1, -1, 0, 0.498096, 0.140265
1, 114, 1, 1, 1, 1, 1, 1, 0.504010, 0.199229
1, 115, 2, 1, 1, 1, 1, -1, 0.562937, 0.133210
1, 116, 2, 2, 1, 1, -1, 1, 0.596161, 0.271664
1, 117, 3, 0, 1, 1, 1, 0, 0.504148, 0.166578
1, 118, 4, 1, 1, 1, 1, -1, 0.561518, 0.152591
1, 119, 2, 0, 1, 1, 1, 0, 0.488793, 0.153749
1, 120, 2, 2, 1, 1, 1, 1, 0.550472, 0.139664
1, 121, 6, 0, 1, 1, -1, 0, 0.523535, 0.158281
1, 122, 1, 4, 1, 1, 1, -1, 0.563825, 0.118992
1, 123, 2, 6, 1, 1, -1, 1, 0.629515, 0.120168
1, 124, 2, 0, 1, 1, 1, 0, 0.495248, 0.100325
1, 125, 3, 0, 1, 1, 1, 0, 0.476934, 0.086955
1, 126, 4, 0, 1, 1, 1, 0, 0.490679, 0.126217
1, 127, 5, 0, 1, 1, 1, 0, 0.499384, 0.106631
1, 128, 3, 1, 1, 1, -1, 1, 0.597578, 0.113795
1, 129, 4, 4, 1, 1, -1, -1, 0.549463, 0.139854
1, 130, 4, 5, 1, 1, -1, 1, 0.571184, 0.252573
1, 131, 4, 3, 1, 1, 1, 1, 0.589769, 0.211601
1, 132, 2, 2, 1, 1, 1, 1, 0.696172, 0.120127
1, 133, 1, 0, 1, 1, 1, 0, 0.550912, 0.166224
1, 134, 6, 4, 1, 1, 1, -1, 0.663221, 0.126663
1, 135, 6, 2, 1, 1, 1, -1, 0.545173, 0.145660
1, 136, 1, 4, 1, 1, -1, -1, 0.569763, 0.165830
1, 137, 6, 0, 1, 1, -1, 0, 0.543045, 0.119937
1, 139, 5, 0, 1, 1, 1, 0, 0.553646, 0.125862
1, 140, 2, 6, 1, 1, -1, 1, 0.654587, 0.402272
1, 141, 2, 0, 1, 1, 1, 0, 0.536899, 0.100096
1, 142, 1, 0, 1, 1, -1, 0, 0.543132, 0.087209
1, 143, 5, 0, 1, 1, -1, 0, 0.537607, 0.146428
1, 144, 6, 0, 1, 1, 1, 0, 0.478771, 0.080259
1, 145, 3, 0, 1, 1, -1, 0, 0.518756, 0.087334
1, 146, 3, 1, 1, 1, 1, 1, 0.605749, 0.034139
1, 147, 3, 0, 1, 1, 1, 0, 0.464354, 0.074217
1, 148, 1, 5, 1, 1, 1, -1, 0.564667, 0.060575
1, 149, 6, 3, 1, 1, -1, -1, 0.696049, 0.132864
1, 150, 6, 0, 1, 1, 1, 0, 0.443982, 0.060526
1, 151, 3, 0, 1, 1, 1, 0, 0.479027, 0.100060
1, 152, 6, 0, 1, 1, 1, 0, 0.536172, 0.059574
1, 153, 4, 0, 1, 1, 1, 0, 0.495746, 0.034008
1, 154, 3, 0, 1, 1, -1, 0, 0.529332, 0.093611
1, 155, 4, 5, 1, 1, 1, -1, 0.621892, 0.067427
1, 156, 3, 2, 1, 1, 1, -1, 0.602500, 0.020737
1, 157, 3, 4, 1, 1, 1, -1, 0.555879, 0.040862
1, 158, 5, 0, 1, 1, 1, 0, 0.464407, 0.034337
1, 159, 3, 6, 1, 1, 1, -1, 0.581425, 0.080659
1, 160, 4, 6, 1, 1, -1, 1, 0.700143, 0.060523
1, 161, 2, 0, 1, 1, -1, 0, 0.576957, 0.086472
1, 162, 6, 2, 1, 1, -1, -1, 0.712376, 0.093261
1, 163, 5, 4, 1, 1, -1, 1, 0.660192, 0.179456
1, 164, 4, 1, 1, 1, 1, 1, 0.723816, 0.053928
1, 165, 4, 1, 1, 1, -1, -1, 0.630708, 0.213421
1, 166, 2, 0, 1, 1, -1, 0, 0.531820, 0.159854
1, 167, 5, 0, 1, 1, 1, 0, 0.530855, 0.047285
1, 168, 5, 1, 1, 1, 1, -1, 0.469852, 0.119840
1, 169, 4, 6, 1, 1, 1, 1, 0.509827, 0.080265
1, 170, 3, 3, 1, -1, -1, 1, 1.044536, 0.647751
1, 171, 1, 0, 1, 1, -1, 0, 0.536462, 0.086303
1, 172, 1, 0, 1, 1, 1, 0, 0.535515, 0.007521
1, 173, 3, 4, 1, 1, 1, -1, 0.551263, 0.047590
1, 174, 5, 4, 1, 1, 1, -1, 0.549570, 0.074211
1, 175, 2, 4, 1, 1, 1, 1, 0.602726, 0.040603
1, 176, 5, 0, 1, 1, -1, 0, 0.510571, 0.100221
1, 177, 2, 5, 1, 1, 1, 1, 0.536186, 0.073596
1, 178, 6, 5, 1, 1, 1, -1, 1.027700, 0.139922
1, 179, 4, 0, 1, 1, 1, 0, 0.611873, 0.014259
1, 180, 3, 0, 1, 1, -1, 0, 0.534227, 0.139828
1, 181, 3, 6, 1, 1, 1, 1, 0.582613, 0.027604
1, 182, 3, 0, 1, 1, 1, 0, 0.525124, 0.167133
1, 183, 5, 2, 1, 1, -1, -1, 0.690833, 0.173853
1, 184, 4, 2, 1, 1, -1, -1, 0.624843, 0.073637
1, 185, 5, 0, 1, 1, -1, 0, 0.450102, 0.079946
1, 186, 5, 0, 1, 1, 1, 0, 0.477222, 0.060475
1, 187, 5, 0, 1, 1, 1, 0, 0.452552, 0.040812
1, 188, 3, 0, 1, 1, -1, 0, 0.511326, 0.134595
1, 189, 1, 0, 1, 1, -1, 0, 0.502938, 0.080071
1, 190, 4, 5, 1, 1, -1, -1, 0.555872, 0.098980
1, 191, 5, 2, 1, 1, -1, 1, 0.451942, 0.100491
1, 192, 1, 1, 1, 1, 1, 1, 0.531231, 0.047591
1, 193, 6, 0, 0, -1, -1, 0, 0.544347, 1.780807
1, 194, 1, 3, 1, 1, -1, -1, 0.642229, 0.804800
1, 195, 2, 1, 1, 1, 1, 1, 0.653909, 0.086212
1, 196, 6, 2, 1, 1, 1, 1, 0.723184, 0.074158
1, 197, 1, 2, 1, 1, 1, 1, 0.490546, 0.080585
1, 198, 1, 0, 1, 1, -1, 0, 0.476804, 0.145716
1, 199, 1, 6, 1, 1, -1, 1, 0.511640, 0.113699
1, 200, 1, 2, 1, 1, -1, -1, 0.463978, 0.067147
1, 201, 3, 6, 1, 1, -1, -1, 0.577973, 0.153925
1, 202, 1, 5, 1, 1, -1, 1, 0.568563, 0.092941
1, 203, 3, 2, 1, 1, -1, 1, 0.545025, 0.099699
1, 204, 2, 0, 1, 1, -1, 0, 0.589370, 0.146506
1, 205, 4, 0, 1, 1, 1, 0, 0.557786, 0.080005
1, 206, 3, 6, 1, 1, 1, -1, 0.602409, 0.034122
1, 207, 6, 0, 1, 1, 1, 0, 0.531167, 0.073807
1, 208, 3, 0, 1, 1, -1, 0, 0.516722, 0.080471
1, 209, 4, 0, 1, 1, -1, 0, 0.557422, 0.093728
1, 210, 1, 3, 1, 1, 1, 1, 0.502767, 0.027546
1, 211, 3, 0, 1, 1, 1, 0, 0.485390, 0.040229
1, 212, 4, 0, 1, 1, -1, 0, 0.539012, 0.120047
1, 213, 5, 0, 1, 1, -1, 0, 0.468141, 0.099817
1, 214, 6, 0, 1, 1, -1, 0, 0.463984, 0.060782
1, 215, 6, 0, 1, 1, 1, 0, 0.483350, 0.000000
1, 216, 6, 3, 1, 1, -1, 1, 0.470278, 0.146732
1, 217, 6, 1, 1, 1, 1, -1, 0.523643, 0.034191
1, 218, 1, 3, 1, 1, 1, 1, 0.569203, 0.040597
1, 219, 1, 0, 1, 1, -1, 0, 0.508664, 0.053680
1, 220, 3, 0, 1, 1, 1, 0, 0.484190, 0.053238
1, 221, 5, 1, 1, 1, -1, -1, 0.706743, 0.060034
1, 222, 1, 0, 1, 1, 1, 0, 0.492362, 0.020821
1, 223, 2, 5, 1, 1, -1, 1, 0.641907, 0.119794
1, 224, 5, 0, 1, 1, -1, 0, 0.530757, 0.074041
1, 225, 1, 0, 1, 1, -1, 0, 0.437914, 0.093270
1, 226, 6, 0, 1, 1, 1, 0, 0.484750, 0.020818
1, 227, 6, 0, 1, 1, 1, 0, 0.450582, 0.040114
1, 228, 3, 3, 1, 1, 1, 1, 0.543090, 0.034079
1, 229, 1, 0, 1, 1, 1, 0, 0.451657, 0.080502
1, 230, 2, 0, 1, 1, 1, 0, 0.427989, 0.040572
1, 231, 1, 5, 1, 1, 1, 1, 0.463677, 0.106626
1, 232, 3, 2, 1, 1, -1, -1, 0.602627, 0.060267
1, 233, 3, 2, 1, 1, 1, 1, 0.571744, 0.000000
1, 234, 6, 0, 1, 1, 1, 0, 0.423726, 0.092766
1, 235, 6, 0, 1, 1, -1, 0, 0.511423, 0.100658
1, 236, 2, 0, 1, 1, -1, 0, 0.470863, 0.047601
1, 237, 5, 0, 1, 1, -1, 0, 0.496719, 0.033904
1, 238, 5, 4, 1, 1, -1, 1, 0.491241, 0.087187
1, 239, 5, 4, 1, 1, -1, -1, 0.451080, 0.060590
1, 240, 4, 0, 1, 1, 1, 0, 0.470931, 0.034269
1, 241, 2, 5, 1, 1, -1, -1, 0.536257, 0.034061
1, 242, 2, 3, 1, 1, -1, 1, 0.530351, 0.067468
1, 243, 6, 4, 1, 1, 1, 1, 0.523500, 0.060544
1, 244, 4, 4, 1, 1, 1, 1, 0.518039, 0.100382
1, 245, 6, 0, 0, -1, -1, 0, 0.359258, 0.734391
1, 246, 2, 3, 1, 1, -1, 1, 0.569326, 0.093834
1, 247, 6, 6, 1, 1, -1, 1, 0.583825, 0.066539
1, 248, 5, 0, 1, 1, -1, 0, 0.484905, 0.239296
1, 249, 3, 0, 1, 1, -1, 0, 0.542979, 0.080402
1, 250, 6, 5, 1, 1, -1, 1, 0.544593, 0.047162
1, 251, 5, 0, 1, 1, 1, 0, 0.503861, 0.087058
1, 252, 3, 0, 1, 1, -1, 0, 0.555877, 0.186981
1, 253, 4, 0, 1, 1, -1, 0, 0.464751, 0.079595
1, 254, 6, 0, 1, 1, -1, 0, 0.498868, 0.034194
1, 255, 2, 0, 1, 1, -1, 0, 0.463912, 0.067595
1, 256, 5, 0, 1, 1, -1, 0, 0.476428, 0.046719
1, 257, 4, 3, 0, -1, -1, 1, 0.445648, 1.057029
1, 258, 1, 0, 1, 1, 1, 0, 0.528076, 0.034106
1, 259, 2, 0, 1, 1, 1, 0, 0.498525, 0.047418
1, 260, 4, 0, 1, 1, -1, 0, 0.477834, 0.047561
1, 261, 1, 0, 1, 1, 1, 0, 0.490541, 0.040628
1, 262, 3, 4, 1, 1, -1, -1, 0.515064, 0.053294
1, 263, 4, 0, 1, 1, 1, 0, 0.483772, 0.007499
1, 264, 1, 0, 1, 1, 1, 0, 0.437275, 0.040931
1, 265, 6, 1, 1, 1, -1, -1, 0.568424, 0.066863
1, 266, 6, 0, 1, 1, 1, 0, 0.497269, 0.020795
1, 267, 2, 6, 1, 1, 1, -1, 0.483098, 0.054141
1, 268, 2, 1, 1, 1, -1, -1, 0.531800, 0.093377
1, 269, 5, 1, 1, 1, 1, 1, 0.517239, 0.080154
1, 270, 4, 0, 1, 1, -1, 0, 0.533366, 0.080131
1, 271, 2, 0, 1, 1, 1, 0, 0.442303, 0.067252
1, 272, 1, 6, 1, 1, -1, -1, 0.521894, 0.065971
1, 273, 3, 0, 1, 1, 1, 0, 0.484231, 0.034257
1, 274, 5, 0, 1, 1, -1, 0, 0.458397, 0.080125
1, 275, 6, 6, 1, 1, 1, -1, 0.621640, 0.013896
1, 276, 3, 0, 1, 1, -1, 0, 0.629789, 0.239034
1, 277, 4, 0, 1, 1, -1, 0, 0.595530, 0.140093
1, 278, 4, 0, 1, 1, 1, 0, 0.463117, 0.000000
1, 279, 6, 2, 1, 1, 1, 1, 0.589049, 0.053890
1, 280, 4, 0, 1, 1, 1, 0, 0.562626, 0.020719
1, 281, 5, 5, 1, -1, 1, -1, 1.313578, 0.458125
1, 282, 1, 0, 1, 1, 1, 0, 0.489331, 0.503017
1, 283, 2, 0, 1, 1, -1, 0, 0.511776, 0.146866
1, 284, 5, 4, 1, 1, -1, -1, 0.470308, 0.086545
1, 285, 4, 4, 1, 1, 1, 1, 0.392047, 0.159708
1, 286, 4, 6, 1, 1, 1, -1, 0.475811, 0.066454
1, 287, 4, 6, 1, 1, -1, -1, 0.563452, 0.034403
1, 288, 4, 3, 1, 1, 1, -1, 0.470066, 0.060025
1, 289, 1, 3, 1, 1, -1, 1, 0.470953, 0.113624
1, 290, 3, 0, 1, 1, -1, 0, 0.503435, 0.060679
1, 291, 6, 5, 1, 1, -1, -1, 0.524721, 0.073837
1, 292, 3, 4, 1, 1, 1, 1, 0.463812, 0.067191
1, 293, 4, 0, 1, 1, 1, 0, 0.496569, 0.020738
1, 294, 6, 0, 1, 1, 1, 0, 0.451552, 0.093591
1, 295, 5, 0, 1, 1, 1, 0, 0.377938, 0.073215
1, 296, 1, 5, 1, 1, 1, -1, 0.582051, 0.053985
1, 297, 1, 4, 1, 1, 1, 1, 0.424664, 0.073742
1, 298, 5, 0, 1, 1, -1, 0, 0.436428, 0.080784
1, 299, 4, 0, 1, 1, -1, 0, 0.450764, 0.027541
1, 300, 1, 0, 1, 1, -1, 0, 0.471947, 0.080555
1, 301, 4, 0, 1, 1, 1, 0, 0.412595, 0.120300
1, 302, 1, 2, 1, 1, -1, 1, 0.456359, 0.093357
1, 303, 2, 0, 1, 1, -1, 0, 0.430085, 0.059901
1, 304, 6, 0, 1, 1, 1, 0, 0.439182, 0.067491
1, 305, 3, 1, 1, 1, 1, -1, 0.631436, 0.020440
1, 306, 5, 1, 1, 1, -1, 1, 0.621627, 0.053415
1, 307, 6, 3, 1, 1, -1, 1, 0.636184, 0.179386
1, 308, 5, 4, 1, 1, 1, -1, 0.544094, 0.027409
1, 309, 5, 0, 1, 1, 1, 0, 0.503831, 0.099880
1, 310, 2, 0, 1, 1, 1, 0, 0.535970, 0.033400
1, 311, 1, 0, 1, 1, 1, 0, 0.488809, 0.034062
1, 312, 6, 0, 1, 1, -1, 0, 0.475779, 0.086896
1, 313, 1, 3, 1, 1, 1, -1, 0.558521, 0.120785
1, 314, 3, 0, 1, 1, 1, 0, 0.437736, 0.349908
1, 315, 1, 0, 1, 1, 1, 0, 0.424167, 0.020816
1, 316, 2, 0, 1, 1, 1, 0, 0.418558, 0.100483
1, 317, 2, 0, 1, 1, -1, 0, 0.456518, 0.073998
1, 318, 1, 0, 1, 1, 1, 0, 0.496755, 0.139472
1, 319, 3, 0, 1, 1, -1, 0, 0.504043, 0.133468
1, 320, 5, 3, 1, 1, 1, 1, 0.478395, 0.034203
1, 321, 1, 1, 1, 1, -1, -1, 0.432701, 0.120182
1, 322, 4, 0, 1, 1, -1, 0, 0.530464, 0.033001
1, 323, 5, 3, 1, 1, 1, -1, 0.358006, 0.067442
1, 324, 3, 0, 1, 1, -1, 0, 0.489569, 0.059999
1, 325, 2, 4, 1, 1, -1, 1, 0.458011, 0.066948
1, 326, 6, 6, 1, 1, -1, -1, 0.430354, 0.125317
1, 327, 3, 0, 1, 1, 1, 0, 0.474130, 0.060647
1, 328, 2, 0, 1, 1, 1, 0, 0.418973, 0.086787
1, 329, 2, 4, 1, 1, -1, 1, 0.534345, 0.093825
1, 330, 1, 5, 1, 1, -1, -1, 0.417539, 0.106738
1, 331, 5, 5, 1, 1, -1, 1, 0.436220, 0.086673
1, 332, 6, 4, 1, 1, 1, 1, 0.563250, 0.053362
1, 333, 4, 2, 1, 1, -1, -1, 0.601425, 0.278764
1, 334, 5, 5, 1, 1, 1, 1, 0.523062, 0.073503
1, 335, 2, 3, 1, 1, 1, 1, 0.616517, 0.020865
1, 336, 3, 5, 1, 1, -1, 1, 0.601661, 0.060643
1, 337, 2, 4, 1, 1, -1, -1, 0.591436, 0.060805
1, 338, 2, 0, 1, 1, -1, 0, 0.525141, 0.080658
1, 339, 2, 3, 1, 1, -1, -1, 0.601504, 0.140105
1, 340, 2, 2, 1, 1, -1, -1, 0.602249, 0.327193
1, 341, 6, 0, 1, 1, 1, 0, 0.528649, 0.073327
1, 342, 4, 0, 1, 1, -1, 0, 0.508952, 0.067007
1, 343, 3, 0, 1, 1, 1, 0, 0.497182, 0.040825
1, 344, 1, 0, 1, 1, -1, 0, 0.489980, 0.086983
1, 345, 5, 6, 1, 1, 1, 1, 0.575787, 0.343905
1, 346, 3, 0, 1, 1, -1, 0, 0.617441, 0.073600
1, 347, 3, 4, 1, 1, 1, 1, 0.483098, 0.033922
1, 348, 5, 1, 1, 1, 1, -1, 0.469739, 0.033923
1, 349, 3, 0, 1, 1, -1, 0, 0.537188, 0.054080
1, 350, 1, 3, 1, 1, 1, -1, 0.510047, 0.026865
1, 351, 2, 1, 1, 1, 1, -1, 0.562384, 0.146554
1, 352, 2, 0, 1, 1, -1, 0, 0.504292, 0.100116
1, 353, 4, 0, 1, 1, 1, 0, 0.403612, 0.067227
1, 354, 5, 3, 1, 1, -1, -1, 0.468738, 0.073391
1, 355, 2, 2, 1, 1, 1, -1, 0.509368, 0.007540
1, 356, 3, 4, 1, 1, -1, 1, 0.769609, 0.073361
1, 357, 1, 4, 1, 1, -1, 1, 0.628354, 0.078949
1, 358, 5, 6, 1, 1, -1, 1, 0.595022, 0.033752
1, 359, 4, 0, 1, 1, -1, 0, 0.544435, 0.053715
1, 360, 5, 0, 1, 1, 1, 0, 0.517732, 0.047484
1, 361, 4, 0, 1, 1, 1, 0, 0.490730, 0.020803
1, 362, 6, 1, 1, 1, 1, 1, 0.583918, 0.054204
1, 363, 3, 2, 1, 1, -1, -1, 0.643678, 0.186552
1, 364, 5, 0, 1, 1, -1, 0, 0.457583, 0.093854
1, 365, 1, 0, 1, 1, -1, 0, 0.530318, 0.066465
1, 366, 4, 2, 1, 1, 1, -1, 0.476337, 0.027458
1, 367, 5, 6, 1, 1, 1, -1, 0.643785, 0.094035
1, 368, 6, 0, 1, 1, -1, 0, 0.562653, 0.106107
1, 369, 6, 4, 1, 1, -1, -1, 0.617171, 0.054236
1, 370, 5, 4, 1, 1, 1, 1, 0.462875, 0.053962
1, 371, 4, 0, 1, 1, 1, 0, 0.444966, 0.046888
1, 372, 6, 1, 1, 1, -1, -1, 0.459048, 0.073754
1, 373, 2, 0, 1, 1, -1, 0, 0.471945, 0.060708
1, 374, 6, 1, 1, 1, 1, 1, 0.430155, 0.027059
1, 375, 1, 5, 1, 1, -1, -1, 0.773652, 0.133236
1, 376, 3, 3, 1, 1, -1, -1, 0.861099, 0.153502
1, 377, 3, 3, 1, 1, 1, -1, 0.793591, 0.013777
1, 378, 2, 0, 1, 1, 1, 0, 0.602366, 0.067097
1, 379, 5, 0, 1, 1, -1, 0, 0.520628, 0.053926
1, 380, 6, 0, 1, 1, -1, 0, 0.475924, 0.020943
1, 381, 6, 5, 1, 1, -1, -1, 0.472092, 0.060262
1, 382, 5, 0, 1, 1, -1, 0, 0.524454, 0.053316
1, 383, 5, 6, 1, 1, -1, -1, 0.472290, 0.027235
1, 384, 5, 0, 1, 1, 1, 0, 0.491548, 0.000000
1, 385, 3, 3, 1, 1, -1, -1, 0.484277, 0.007656
1, 386, 1, 6, 1, 1, 1, 1, 0.484043, 0.034206
1, 387, 4, 0, 1, 1, 1, 0, 0.418350, 0.080324
1, 388, 6, 0, 1, 1, -1, 0, 0.422499, 0.080143
1, 389, 2, 0, 1, 1, 1, 0, 0.431026, 0.133301
1, 390, 5, 0, 1, 1, 1, 0, 0.366050, 0.199394
1, 391, 4, 0, 1, 1, -1, 0, 0.517199, 0.093892
1, 392, 2, 1, 1, 1, -1, 1, 0.496980, 0.047347
1, 393, 3, 5, 1, 1, 1, 1, 0.675725, 0.126544
1, 394, 2, 6, 1, 1, 1, 1, 0.516201, 0.106802
1, 395, 2, 0, 1, 1, -1, 0, 0.550258, 0.034151
1, 396, 6, 0, 1, 1, 1, 0, 0.498456, 0.020877
1, 397, 5, 0, 1, 1, -1, 0, 0.437579, 0.053386
1, 398, 4, 0, 1, 1, -1, 0, 0.536961, 0.026764
1, 399, 4, 6, 1, 1, -1, -1, 0.484049, 0.337847
1, 400, 5, 6, 1, 1, 1, 1, 0.531224, 0.074062
1, 401, 1, 0, 1, 1, -1, 0, 0.509452, 0.270471
1, 402, 5, 5, 1, 1, 1, 1, 0.492384, 0.034253
1, 403, 4, 2, 1, 1, -1, 1, 0.590200, 0.046633
1, 404, 2, 5, 1, 1, 1, -1, 0.531375, 0.020449
1, 405, 4, 5, 1, 1, -1, 1, 0.568078, 0.040785
1, 406, 1, 0, 1, 1, 1, 0, 0.470791, 0.020848
1, 407, 4, 3, 1, 1, 1, -1, 0.517230, 0.060591
1, 408, 1, 0, 1, 1, 1, 0, 0.429411, 0.054033
1, 409, 1, 2, 1, 1, -1, 1, 0.450550, 0.066835
1, 410, 3, 0, 1, 1, 1, 0, 0.525011, 0.027324
1, 411, 4, 0, 1, 1, -1, 0, 0.591201, 0.034336
1, 412, 6, 0, 1, 1, 1, 0, 0.477170, 0.040515
1, 413, 2, 6, 1, 1, 1, -1, 0.636797, 0.047184
1, 414, 1, 0, 1, 1, 1, 0, 0.405252, 0.047331
1, 415, 5, 0, 1, 1, 1, 0, 0.518092, 0.033888
1, 416, 1, 6, 1, 1, 1, -1, 0.430590, 0.053636
1, 417, 3, 2, 1, 1, 1, -1, 0.523018, 0.020993
1, 418, 2, 0, 1, 1, -1, 0, 0.477285, 0.053889
1, 419, 6, 4, 1, 1, -1, 1, 0.637749, 0.067421
1, 420, 6, 2, 1, 1, -1, 1, 0.496763, 0.053725
1, 421, 4, 0, 1, 1, 1, 0, 0.451528, 0.047451
1, 422, 4, 0, 1, 1, -1, 0, 0.490616, 0.034147
1, 423, 4, 3, 1, 1, -1, -1, 0.496686, 0.080449
1, 424, 4, 0, 1, 1, 1, 0, 0.429403, 0.034001
1, 425, 3, 0, 1, 1, -1, 0, 0.628671, 0.040393
1, 426, 1, 1, 1, 1, -1, 1, 1.148153, 1.444785
1, 427, 1, 5, 1, 1, -1, 1, 0.569818, 0.059882
1, 428, 4, 2, 1, 1, 1, 1, 0.741606, 0.099501
1, 429, 4, 0, 1, 1, 1, 0, 0.477847, 0.020760
1, 430, 4, 3, 1, 1, -1, 1, 0.640907, 0.206029
1, 431, 6, 2, 1, 1, -1, 1, 0.697745, 0.325497
1, 432, 5, 0, 1, 1, -1, 0, 0.510148, 0.034087
1, 433, 4, 5, 1, 1, -1, -1, 0.577936, 0.054031
1, 434, 4, 2, 1, 1, -1, 1, 0.516139, 0.372978
1, 435, 4, 1, 1, 1, -1, -1, 0.840725, 0.033785
1, 436, 5, 1, 0, -1, -1, 1, 0.596625, 0.882368
1, 437, 3, 0, 1, 1, -1, 0, 0.549604, 0.087185
1, 438, 5, 1, 1, 1, -1, -1, 0.548985, 0.093781
1, 439, 6, 0, 1, 1, 1, 0, 0.491018, 0.054026
1, 440, 1, 0, 1, 1, 1, 0, 0.531154, 0.020916
1, 441, 5, 0, 1, 1, 1, 0, 0.463898, 0.245740
1, 442, 1, 1, 1, 1, 1, -1, 0.490368, 0.047315
1, 443, 6, 5, 1, 1, 1, 1, 0.557120, 0.041133
1, 444, 4, 5, 1, 1, 1, 1, 0.471676, 0.034061
1, 445, 3, 0, 1, 1, -1, 0, 0.476757, 0.054261
1, 446, 4, 2, 1, 1, 1, 1, 0.444153, 0.034009
1, 447, 2, 0, 1, 1, 1, 0, 0.490929, 0.040745
1, 448, 6, 3, 1, 1, 1, 1, 0.655621, 0.047104
1, 449, 6, 0, 1, 1, -1, 0, 0.458004, 0.067297
1, 450, 2, 0, 1, 1, -1, 0, 0.437643, 0.033957
1, 451, 3, 2, 1, 1, -1, 1, 0.551927, 0.134007
1, 452, 6, 0, 1, 1, 1, 0, 0.510171, 0.053877
1, 453, 6, 0, 1, 1, -1, 0, 0.423884, 0.040083
1, 454, 2, 3, 1, 1, 1, 1, 0.626777, 0.034214
1, 455, 6, 6, 1, 1, -1, -1, 0.574261, 0.073424
1, 456, 5, 0, 1, 1, -1, 0, 0.482844, 0.019799
1, 457, 1, 0, 1, 1, 1, 0, 0.483806, 0.040975
1, 458, 4, 0, 1, 1, -1, 0, 0.503474, 0.034187
1, 459, 4, 0, 1, 1, 1, 0, 0.550415, 0.007627
1, 460, 6, 0, 1, 1, -1, 0, 0.438310, 0.034187
1, 461, 2, 6, 1, 1, -1, -1, 0.476953, 0.020823
1, 462, 1, 0, 1, 1, -1, 0, 0.415425, 0.026806
1, 463, 1, 2, 1, 1, -1, -1, 0.412247, 0.026971
1, 464, 5, 5, 1, 1, -1, -1, 0.485792, 0.026979
1, 465, 2, 0, 1, 1, 1, 0, 0.497303, 0.000000
1, 466, 3, 0, 1, 1, 1, 0, 0.510411, 0.014145
1, 467, 1, 0, 1, 1, -1, 0, 0.482967, 0.007528
1, 468, 2, 0, 1, 1, -1, 0, 0.469362, 0.047292
1, 469, 3, 3, 1, 1, 1, -1, 0.551857, 0.000000
1, 470, 5, 5, 1, 1, -1, 1, 0.576499, 0.047124
1, 471, 3, 1, 1, 1, -1, -1, 0.484177, 0.034125
1, 472, 5, 1, 1, 1, 1, 1, 0.418362, 0.034186
1, 473, 1, 0, 1, 1, -1, 0, 0.444049, 0.027395
1, 474, 4, 0, 1, 1, -1, 0, 0.530836, 0.020890
1, 475, 2, 2, 1, 1, 1, -1, 0.563856, 0.014375
1, 476, 6, 3, 1, 1, -1, -1, 0.466130, 0.027242
1, 477, 4, 0, 1, 1, 1, 0, 0.451558, 0.033702
1, 478, 5, 2, 1, 1, -1, 1, 0.549843, 0.026809
1, 479, 3, 6, 1, 1, -1, 1, 0.569283, 0.047264
1, 480, 6, 0, 1, 1, 1, 0, 0.458570, 0.080214
1, 481, 5, 0, 1, 1, 1, 0, 0.458158, 0.074228
1, 482, 2, 0, 1, 1, -1, 0, 0.497092, 0.027315
1, 483, 5, 3, 1, 1, -1, 1, 0.485181, 0.325880
1, 484, 2, 0, 1, 1, 1, 0, 0.431709, 0.007535
1, 485, 3, 2, 1, 1, 1, 1, 0.589184, 0.027400
1, 486, 5, 2, 1, 1, 1, 1, 0.397544, 0.093928
1, 487, 6, 4, 1, 1, -1, -1, 0.503937, 0.087143
1, 488, 4, 4, 1, 1, -1, -1, 0.614137, 0.053613
1, 489, 6, 2, 1, 1, -1, -1, 0.485087, 0.020993
1, 490, 5, 0, 1, 1, 1, 0, 0.464810, 0.080353
1, 491, 5, 0, 1, 1, -1, 0, 0.482964, 0.040918
1, 492, 2, 0, 1, 1, -1, 0, 0.484311, 0.053745
1, 493, 6, 1, 1, 1, -1, 1, 0.476866, 0.053853
1, 494, 5, 0, 1, 1, -1, 0, 0.410989, 0.067134
1, 495, 5, 0, 1, 1, 1, 0, 0.395547, 0.047186
1, 496, 5, 0, 1, 1, 1, 0, 0.397244, 0.060681
1, 497, 2, 0, 1, 1, 1, 0, 0.430413, 0.007486
1, 498, 3, 0, 1, 1, 1, 0, 0.445024, 0.146570
1, 499, 2, 0, 1, 1, 1, 0, 0.456272, 0.125905
1, 500, 3, 0, 1, 1, 1, 0, 0.463856, 0.113586
1, 501, 1, 6, 1, 1, -1, -1, 0.584055, 0.132594
1, 502, 6, 0, 1, 1, -1, 0, 0.509000, 0.073646
1, 503, 1, 3, 1, 1, -1, 1, 0.563885, 0.067613
1, 504, 3, 1, 1, 1, -1, 1, 0.495589, 0.040261
1, 505, 4, 4, 1, 1, 1, -1, 0.517033, 0.020840
1, 506, 3, 0, 1, 1, -1, 0, 0.477249, 0.040677
1, 507, 3, 0, 1, 1, 1, 0, 0.432230, 0.007443
1, 508, 2, 0, 1, 1, -1, 0, 0.416926, 0.093615
1, 509, 1, 0, 1, 1, -1, 0, 0.377507, 0.033936
1, 510, 2, 2, 1, 1, -1, -1, 0.505571, 0.060429
1, 511, 3, 0, 1, 1, -1, 0, 0.529830, 0.020970
1, 512, 6, 5, 1, 1, 1, 1, 0.549505, 0.054046
1, 513, 6, 0, 1, 1, -1, 0, 0.537081, 0.027169
1, 514, 1, 0, 1, 1, 1, 0, 0.497559, 0.106882
1, 515, 2, 0, 1, 1, -1, 0, 0.429617, 0.027520
1, 516, 2, 0, 1, 1, 1, 0, 0.452902, 0.000000
1, 517, 2, 3, 1, 1, 1, -1, 0.464039, 0.041038
1, 518, 5, 0, 1, 1, 1, 0, 0.502398, 0.987370
1, 519, 3, 3, 1, 1, -1, 1, 0.550005, 0.086961
1, 520, 4, 5, 1, 1, 1, 1, 0.477818, 0.040709
1, 521, 3, 0, 1, 1, 1, 0, 0.510154, 0.040169
1, 522, 2, 6, 1, 1, 1, 1, 0.557530, 0.112891
1, 523, 4, 0, 1, 1, 1, 0, 0.409361, 0.073121
1, 524, 6, 0, 1, 1, -1, 0, 0.510681, 0.112846
1, 525, 2, 0, 1, 1, 1, 0, 0.503621, 0.067199
1, 526, 5, 5, 1, 1, 1, -1, 0.482623, 0.087046
1, 527, 2, 5, 1, 1, 1, 1, 0.477129, 0.027467
1, 528, 5, 6, 0, -1, 1, -1, 0.528972, 1.413610
1, 529, 3, 4, 1, 1, -1, -1, 0.644695, 0.047714
1, 530, 6, 0, 1, 1, 1, 0, 0.445261, 0.114039
1, 531, 6, 1, 1, 1, 1, -1, 0.531445, 0.034042
1, 532, 4, 4, 1, 1, -1, 1, 0.551579, 0.007592
1, 533, 4, 4, 1, 1, 1, -1, 0.589351, 0.066774
1, 534, 6, 0, 1, 1, 1, 0, 0.458464, 0.066924
1, 535, 1, 0, 1, 1, -1, 0, 0.509980, 0.060509
1, 536, 3, 6, 1, 1, -1, 1, 0.602400, 0.060522
1, 537, 6, 0, 1, 1, 1, 0, 0.454822, 0.040522
1, 538, 5, 0, 1, 1, 1, 0, 0.438588, 0.073852
1, 539, 4, 0, 1, 1, -1, 0, 0.550209, 0.027386
1, 540, 6, 0, 1, 1, 1, 0, 0.439008, 0.053976
1, 541, 4, 1, 1, 1, 1, -1, 0.596134, 0.014227
1, 542, 1, 4, 1, 1, -1, -1, 0.549365, 0.040199
1, 543, 6, 3, 1, 1, 1, 1, 0.491026, 0.100172
1, 544, 4, 4, 1, 1, -1, 1, 0.616149, 0.027503
1, 545, 1, 0, 1, 1, -1, 0, 0.485197, 0.034201
1, 546, 5, 2, 1, 1, 1, -1, 0.430425, 0.007587
1, 547, 2, 2, 1, 1, -1, 1, 0.596721, 0.244968
1, 548, 5, 0, 1, 1, 1, 0, 0.445676, 0.074005
1, 549, 5, 3, 1, 1, 1, -1, 0.413185, 0.047392
1, 550, 2, 0, 1, 1, 1, 0, 0.529523, 0.099556
1, 551, 3, 3, 1, 1, 1, 1, 0.552226, 0.207016
1, 552, 4, 0, 1, 1, -1, 0, 0.610388, 0.272156
1, 553, 6, 2, 1, 1, 1, -1, 1.146899, 0.034136
1, 554, 2, 0, 1, 1, -1, 0, 0.596670, 0.014056
1, 555, 1, 2, 1, 1, 1, -1, 0.657010, 0.020766
1, 556, 2, 4, 1, 1, 1, 1, 0.582518, 0.047528
1, 557, 5, 6, 1, 1, -1, 1, 0.598048, 0.060493
1, 558, 2, 0, 1, 1, 1, 0, 0.496870, 0.186421
1, 559, 3, 0, 1, 1, -1, 0, 0.510798, 0.027398
1, 560, 4, 0, 1, 1, -1, 0, 0.541972, 0.020722
1, 561, 5, 5, 1, 1, -1, -1, 0.510038, 0.060713
1, 562, 1, 0, 1, 1, -1, 0, 0.488576, 0.040277
1, 563, 3, 0, 1, 1, -1, 0, 0.523311, 0.133150
1, 564, 2, 1, 1, 1, -1, -1, 0.548703, 0.027279
1, 565, 3, 6, 1, 1, -1, -1, 0.530049, 0.027448
1, 566, 3, 5, 1, 1, 1, -1, 0.517012, 0.040733
1, 567, 1, 5, 1, 1, 1, 1, 0.510807, 0.014413
1, 568, 4, 3, 1, 1, -1, -1, 0.584540, 0.014168
1, 569, 3, 0, 1, 1, 1, 0, 0.404310, 0.033746
1, 570, 4, 0, 1, 1, 1, 0, 0.370776, 0.060846
1, 571, 2, 5, 1, 1, -1, 1, 0.485738, 0.014222
1, 572, 2, 4, 1, 1, 1, -1, 0.516132, 0.000000
1, 573, 6, 6, 1, 1, 1, 1, 0.470123, 0.000000
1, 574, 1, 1, 1, 1, -1, 1, 0.569558, 0.033877
1, 575, 2, 0, 1, 1, -1, 0, 0.498424, 0.007599
1, 576, 4, 0, 1, 1, -1, 0, 0.489566, 0.033971
1, 577, 3, 5, 1, 1, -1, -1, 0.727920, 0.080236
1, 578, 3, 5, 1, 1, 1, 1, 0.504617, 0.047494
