observer, trial, targLoc, distLoc, targDiscrim, thoughtNoAttCap, tc, dc, RT, TrialTypeRT
11, 1, 3, 0, 1, 1, 1, 0, 7.656200, 3.486908
11, 2, 2, 0, 1, 1, 1, 0, 2.787966, 1.581204
11, 3, 2, 0, 1, 1, 1, 0, 2.535170, 1.327997
11, 4, 1, 1, 1, 1, 1, 1, 6.425130, 1.188725
11, 5, 3, 4, 1, -1, 1, 1, 2.772550, 1.132130
11, 6, 4, 0, 1, 1, -1, 0, 3.773705, 1.409128
11, 7, 1, 1, 1, 1, -1, 1, 2.854101, 0.450130
11, 8, 1, 0, 1, 1, 1, 0, 2.348086, 0.724599
11, 9, 2, 0, 1, 1, 1, 0, 2.108206, 0.963650
11, 10, 5, 3, 1, -1, 1, 1, 3.076939, 0.920471
11, 11, 4, 0, 1, 1, 1, 0, 2.343982, 1.010174
11, 12, 2, 0, 1, 1, -1, 0, 2.043886, 0.592802
11, 13, 1, 0, 1, 1, 1, 0, 2.423360, 0.924929
11, 14, 5, 1, 1, 1, 1, -1, 2.193433, 1.146849
11, 15, 1, 1, 1, -1, 1, 1, 2.715923, 0.898517
11, 16, 1, 0, 1, 1, -1, 0, 2.330899, 1.619195
11, 17, 1, 0, 1, 1, 1, 0, 1.827957, 0.918294
11, 18, 4, 0, 1, 1, -1, 0, 2.434154, 0.549215
11, 19, 3, 0, 1, 1, 1, 0, 1.882996, 0.565574
11, 20, 5, 0, 1, 1, -1, 0, 2.340773, 1.073160
11, 21, 1, 4, 1, 1, 1, -1, 2.807386, 0.631184
11, 22, 6, 1, 1, 1, 1, -1, 2.520484, 1.678005
11, 23, 2, 0, 1, 1, 1, 0, 2.001438, 1.088690
11, 24, 3, 5, 1, -1, 1, -1, 2.190429, 0.631574
11, 25, 3, 0, 1, 1, 1, 0, 1.677955, 0.320550
11, 26, 3, 0, 1, 1, 1, 0, 1.945032, 0.525950
11, 27, 2, 3, 1, 1, 1, -1, 1.746181, 0.467421
11, 28, 2, 0, 1, 1, 1, 0, 1.845536, 0.260075
11, 29, 3, 0, 1, 1, 1, 0, 1.565850, 0.333249
11, 30, 6, 0, 1, 1, 1, 0, 1.596905, 0.445580
11, 31, 2, 0, 1, 1, -1, 0, 2.016203, 0.400250
11, 32, 5, 0, 1, 1, -1, 0, 1.772954, 0.121317
11, 33, 5, 2, 1, 1, 1, 1, 2.709082, 0.573357
11, 34, 4, 0, 1, 1, 1, 0, 1.976382, 0.791041
11, 35, 5, 3, 1, -1, 1, -1, 2.076463, 0.426903
11, 36, 2, 0, 1, 1, 1, 0, 1.767640, 0.411529
11, 37, 5, 5, 1, 1, 1, -1, 2.059825, 0.460477
11, 38, 4, 1, 1, -1, 1, 1, 3.032535, 1.421465
11, 39, 4, 3, 1, 1, 1, 1, 2.153636, 0.414209
11, 40, 6, 3, 0, 1, -1, -1, 2.149394, 0.324331
11, 41, 1, 0, 1, 1, -1, 0, 2.354277, 0.619747
11, 42, 2, 3, 1, -1, 1, 1, 3.019585, 0.398600
11, 43, 6, 0, 1, 1, 1, 0, 2.461615, 0.313014
11, 44, 4, 0, 1, 1, 1, 0, 1.883752, 0.113800
11, 45, 3, 0, 1, 1, 1, 0, 1.515741, 0.119976
11, 46, 3, 6, 0, 1, -1, 1, 1.967067, 0.281504
11, 47, 1, 0, 1, 1, 1, 0, 1.439376, 0.266261
11, 48, 2, 0, 1, 1, 1, 0, 1.613507, 0.160394
11, 49, 3, 4, 0, 1, -1, 1, 1.689085, 0.101160
11, 50, 5, 0, 1, 1, -1, 0, 2.265970, 0.340039
11, 51, 1, 0, 1, 1, 1, 0, 1.760521, 0.306975
11, 52, 5, 0, 1, 1, 1, 0, 1.401961, 0.100061
11, 53, 1, 0, 1, 1, -1, 0, 1.621440, 0.054340
11, 54, 3, 0, 1, 1, -1, 0, 1.408694, 0.020404
11, 55, 5, 0, 1, 1, -1, 0, 2.243826, 0.034379
11, 56, 2, 0, 1, 1, -1, 0, 1.552106, 0.021030
11, 57, 6, 0, 1, 1, -1, 0, 1.472211, 0.074584
11, 58, 1, 6, 1, -1, 1, 1, 3.830168, 0.154587
11, 59, 1, 4, 1, -1, -1, 1, 2.418760, 0.087271
11, 60, 3, 0, 1, 1, 1, 0, 1.563204, 0.259038
11, 61, 6, 3, 1, -1, 1, 1, 3.126148, 0.392174
11, 62, 6, 5, 1, -1, 1, -1, 2.307178, 0.490963
11, 63, 3, 0, 1, 1, -1, 0, 1.855068, 0.041262
11, 64, 5, 0, 1, 1, -1, 0, 2.171323, 0.054108
11, 65, 2, 0, 1, 1, 1, 0, 2.688017, 0.127249
11, 66, 6, 1, 1, 1, 1, 1, 3.062686, 0.094086
11, 67, 1, 6, 1, 1, 1, 1, 1.884855, 0.061115
11, 68, 1, 0, 1, 1, 1, 0, 1.162882, 0.126605
11, 69, 5, 6, 1, -1, -1, 1, 2.186370, 0.001059
11, 70, 5, 0, 1, 1, -1, 0, 1.679150, 0.094705
11, 71, 5, 1, 1, 1, 1, -1, 2.897287, 0.134635
11, 72, 2, 1, 0, 1, -1, -1, 3.359725, 0.792463
11, 73, 4, 5, 1, -1, 1, -1, 2.479305, 0.286046
11, 74, 6, 6, 1, 1, 1, -1, 2.027429, 0.180196
11, 75, 2, 2, 1, 1, 1, -1, 1.946458, 0.101449
11, 76, 6, 0, 1, 1, -1, 0, 2.022453, 0.001051
11, 77, 1, 0, 1, 1, 1, 0, 1.566250, 0.054338
11, 78, 3, 0, 1, 1, -1, 0, 1.650557, 0.047693
11, 79, 6, 1, 1, -1, 1, -1, 1.923284, 0.067453
11, 80, 6, 3, 1, -1, 1, -1, 2.143472, 0.287586
11, 81, 1, 0, 1, -1, -1, 0, 2.361685, 0.817367
11, 82, 1, 0, 1, 1, 1, 0, 2.067644, 0.294013
11, 83, 2, 2, 1, 1, -1, 1, 2.158043, 0.021089
11, 84, 3, 0, 1, 1, -1, 0, 2.159719, 0.060344
11, 85, 2, 2, 1, 1, 1, 1, 1.598999, 0.014363
11, 86, 5, 3, 1, 1, -1, 1, 2.596990, 0.047822
11, 87, 5, 2, 1, 1, 1, -1, 2.314351, 0.060818
11, 88, 4, 4, 1, 1, -1, 1, 3.088708, 0.953080
11, 89, 2, 0, 1, 1, 1, 0, 1.494327, 0.021079
11, 90, 4, 4, 1, -1, 1, 1, 2.302709, 0.067039
11, 91, 5, 0, 1, 1, 1, 0, 1.501925, 0.033923
11, 92, 2, 0, 1, 1, -1, 0, 1.575206, 0.001050
11, 93, 4, 2, 1, -1, -1, -1, 2.234656, 0.040707
11, 94, 4, 5, 1, -1, 1, -1, 2.305468, 0.173538
11, 95, 4, 4, 1, 1, -1, -1, 2.089120, 0.252656
11, 96, 1, 0, 1, 1, -1, 0, 1.746256, 0.120225
11, 97, 6, 0, 1, 1, -1, 0, 1.384361, 0.001075
11, 98, 4, 1, 1, -1, 1, -1, 2.094490, 0.067297
11, 99, 1, 0, 1, 1, 1, 0, 1.359189, 0.054806
11, 100, 3, 0, 1, 1, -1, 0, 2.581183, 0.014375
11, 101, 1, 0, 1, 1, 1, 0, 1.251300, 0.473815
11, 102, 1, 4, 1, 1, -1, -1, 2.035602, 0.007698
11, 103, 4, 2, 1, 1, 1, -1, 1.895536, 0.041041
11, 104, 4, 0, 1, 1, -1, 0, 1.468561, 0.007733
11, 105, 4, 0, 1, 1, 1, 0, 1.258478, 0.001068
11, 106, 6, 1, 1, 1, -1, 1, 2.206280, 0.001037
11, 107, 2, 3, 1, 1, -1, 1, 1.680165, 0.001078
11, 108, 2, 0, 1, 1, -1, 0, 1.394685, 0.001277
11, 109, 6, 0, 1, 1, 1, 0, 1.703899, 0.021016
11, 110, 4, 6, 1, 1, -1, -1, 1.733216, 0.630706
11, 111, 1, 0, 1, 1, -1, 0, 1.516611, 0.027486
11, 112, 2, 6, 1, -1, -1, -1, 3.417213, 0.007720
11, 113, 6, 2, 1, -1, -1, -1, 2.198771, 0.001023
11, 114, 6, 0, 1, -1, -1, 0, 1.369234, 0.000995
11, 115, 6, 0, 1, 1, -1, 0, 1.360331, 0.054123
11, 116, 5, 6, 1, 1, -1, 1, 2.371293, 0.001109
11, 117, 5, 6, 0, 1, 1, -1, 2.386490, 0.027743
11, 118, 3, 0, 1, 1, -1, 0, 1.885553, 0.014431
11, 119, 2, 0, 1, 1, -1, 0, 1.805341, 0.001070
11, 120, 6, 2, 1, 1, 1, -1, 2.109357, 0.040469
11, 121, 6, 0, 1, 1, 1, 0, 2.043043, 0.067290
11, 122, 1, 0, 1, 1, -1, 0, 2.107255, 0.014416
11, 123, 6, 6, 1, 1, -1, 1, 1.863374, 0.000991
11, 124, 6, 4, 1, 1, 1, -1, 2.144684, 0.014372
11, 125, 2, 0, 1, 1, -1, 0, 2.075454, 0.027142
11, 126, 2, 0, 1, 1, 1, 0, 1.557992, 0.007608
11, 127, 1, 1, 1, 1, -1, -1, 2.169381, 0.047058
11, 128, 1, 2, 1, 1, 1, -1, 1.733465, 0.027409
11, 129, 6, 5, 1, 1, -1, -1, 1.767590, 0.047791
11, 130, 6, 0, 1, 1, -1, 0, 2.156197, 0.001041
11, 131, 4, 0, 1, 1, 1, 0, 1.822833, 0.014319
11, 132, 1, 1, 1, 1, -1, -1, 2.691222, 0.001098
11, 133, 1, 4, 1, -1, 1, 1, 2.507914, 0.764805
11, 134, 3, 4, 1, -1, 1, -1, 2.023473, 0.094274
11, 135, 4, 0, 1, 1, 1, 0, 1.448356, 0.001036
11, 136, 2, 2, 1, -1, 1, -1, 1.761352, 0.678694
11, 137, 5, 0, 1, 1, 1, 0, 2.358354, 0.094183
11, 138, 3, 0, 1, 1, -1, 0, 1.725628, 0.100790
11, 139, 4, 0, 1, 1, -1, 0, 1.621073, 0.054332
11, 140, 5, 0, 1, 1, 1, 0, 1.331378, 0.027944
11, 141, 4, 0, 1, 1, -1, 0, 1.189297, 0.034113
11, 142, 4, 0, 1, 1, -1, 0, 1.257404, 0.001035
11, 143, 3, 4, 1, -1, -1, -1, 1.981027, 0.001033
11, 144, 1, 2, 1, -1, -1, -1, 1.680593, 0.001043
11, 145, 4, 5, 1, 1, 1, 1, 2.850911, 0.007687
11, 146, 2, 1, 1, 1, -1, -1, 2.960742, 0.060686
11, 147, 4, 0, 1, 1, 1, 0, 1.605935, 0.001059
11, 148, 4, 5, 1, 1, -1, -1, 2.716020, 0.020525
11, 149, 2, 4, 1, -1, 1, 1, 2.477145, 0.127210
11, 150, 4, 0, 1, 1, 1, 0, 1.495742, 0.007666
11, 151, 1, 0, 1, 1, 1, 0, 1.210936, 0.001047
11, 152, 1, 3, 1, 1, 1, 1, 1.453557, 0.007758
11, 153, 1, 5, 1, -1, -1, -1, 1.882100, 0.001025
11, 154, 6, 6, 1, 1, 1, 1, 1.656210, 0.001039
11, 155, 3, 3, 1, 1, -1, -1, 2.328001, 0.001025
11, 156, 4, 6, 1, 1, -1, 1, 2.063544, 0.027009
11, 157, 4, 4, 1, 1, 1, 1, 2.006677, 0.345470
11, 158, 4, 3, 1, 1, 1, -1, 1.507951, 0.732998
11, 159, 4, 0, 1, 1, 1, 0, 1.167758, 0.001034
11, 160, 2, 0, 1, 1, -1, 0, 1.271226, 0.127317
11, 161, 3, 0, 1, 1, -1, 0, 2.351113, 0.001073
11, 162, 1, 2, 1, 1, -1, 1, 2.284893, 0.001026
11, 163, 2, 0, 1, 1, -1, 0, 1.181824, 0.001057
11, 164, 5, 0, 1, 1, 1, 0, 1.405337, 0.001057
11, 165, 4, 6, 1, 1, 1, -1, 1.516846, 0.061033
11, 166, 5, 5, 1, -1, 1, 1, 2.148223, 0.001064
11, 167, 3, 0, 1, 1, -1, 0, 1.942864, 0.001110
11, 168, 3, 5, 1, 1, -1, 1, 1.342848, 0.027552
11, 169, 3, 2, 1, 1, -1, 1, 2.055633, 0.001039
11, 170, 6, 1, 1, -1, -1, -1, 2.131038, 0.001031
11, 171, 4, 3, 1, 1, -1, 1, 2.440591, 0.001027
11, 172, 4, 2, 1, 1, -1, -1, 1.399332, 0.060296
11, 173, 3, 0, 1, 1, 1, 0, 1.584417, 0.001050
11, 174, 6, 0, 1, 1, -1, 0, 1.175690, 0.001004
11, 175, 5, 5, 1, 1, -1, -1, 1.860383, 0.001026
11, 176, 3, 3, 1, 1, -1, -1, 1.311148, 0.001383
11, 177, 2, 1, 1, 1, 1, 1, 1.994152, 0.040785
11, 178, 6, 5, 1, 1, 1, 1, 1.485589, 0.007203
11, 179, 3, 0, 1, 1, -1, 0, 3.065115, 0.001025
11, 180, 2, 6, 1, 1, 1, 1, 1.955345, 0.047918
11, 181, 3, 0, 1, 1, -1, 0, 1.161157, 0.027584
11, 182, 4, 2, 1, -1, 1, 1, 1.729780, 0.027589
11, 183, 5, 0, 1, 1, 1, 0, 1.433934, 0.001082
11, 184, 4, 3, 1, 1, 1, 1, 1.623920, 0.001045
11, 185, 3, 6, 1, 1, -1, -1, 1.911857, 0.001032
11, 186, 3, 1, 1, 1, -1, -1, 2.033885, 0.001032
11, 187, 6, 5, 1, -1, 1, 1, 2.204821, 0.040725
11, 188, 2, 5, 1, 1, -1, 1, 2.106079, 0.001061
11, 189, 1, 0, 1, 1, -1, 0, 2.084809, 0.001039
11, 190, 6, 3, 1, -1, -1, -1, 2.295550, 0.001021
11, 191, 4, 0, 1, 1, 1, 0, 1.346815, 0.001045
11, 192, 5, 0, 1, 1, -1, 0, 1.599364, 0.001069
11, 193, 5, 0, 1, 1, 1, 0, 1.097506, 0.001018
11, 194, 4, 0, 1, 1, -1, 0, 1.199374, 0.001069
11, 195, 2, 5, 1, 1, 1, 1, 1.568065, 0.001041
11, 196, 4, 0, 1, 1, -1, 0, 1.271437, 0.001269
11, 197, 3, 4, 1, 1, -1, -1, 1.450568, 0.001087
11, 198, 3, 4, 1, 1, -1, 1, 1.251924, 0.000988
11, 199, 6, 0, 1, 1, 1, 0, 1.713246, 0.001045
11, 200, 4, 6, 1, 1, 1, -1, 1.470001, 0.001034
11, 201, 3, 5, 1, -1, -1, -1, 1.559873, 0.001041
11, 202, 2, 3, 1, 1, 1, -1, 1.347842, 0.001018
11, 203, 3, 0, 1, 1, 1, 0, 1.520523, 1.006444
11, 204, 1, 3, 1, -1, 1, -1, 2.508001, 0.001026
11, 205, 6, 0, 1, 1, 1, 0, 1.120960, 1.349374
11, 206, 3, 2, 1, -1, -1, -1, 1.619629, 0.001072
11, 207, 3, 5, 1, 1, -1, -1, 1.731131, 0.014423
11, 208, 3, 3, 1, 1, 1, -1, 1.676461, 0.001055
11, 209, 5, 0, 1, 1, 1, 0, 1.395648, 0.001048
11, 210, 4, 0, 1, 1, 1, 0, 1.105042, 0.001068
11, 211, 1, 0, 1, 1, 1, 0, 1.209544, 0.160961
11, 212, 4, 0, 1, 1, 1, 0, 1.004568, 0.253496
11, 213, 1, 0, 1, 1, -1, 0, 1.063204, 0.274131
11, 214, 6, 0, 1, 1, -1, 0, 1.907362, 0.001026
11, 215, 2, 0, 1, 1, -1, 0, 1.038631, 0.007716
11, 216, 1, 0, 1, 1, 1, 0, 1.445055, 0.001071
11, 217, 1, 5, 1, -1, -1, -1, 1.885138, 0.001046
11, 218, 6, 4, 1, -1, -1, -1, 2.347867, 0.518807
11, 219, 2, 1, 1, 1, 1, -1, 2.109293, 0.001024
11, 220, 6, 0, 1, 1, -1, 0, 1.291073, 0.021126
11, 221, 1, 0, 1, 1, -1, 0, 1.658036, 0.001085
11, 222, 5, 4, 1, 1, -1, -1, 1.257483, 0.014376
11, 223, 4, 3, 1, -1, 1, -1, 1.835740, 0.113292
11, 224, 6, 0, 1, 1, -1, 0, 1.540329, 0.227840
11, 225, 4, 0, 1, 1, 1, 0, 1.495672, 0.001041
11, 226, 4, 6, 1, 1, -1, 1, 1.575469, 0.173697
11, 227, 2, 6, 1, 1, 1, -1, 1.735071, 0.054667
11, 228, 4, 3, 1, -1, -1, -1, 2.119491, 0.033676
11, 229, 5, 0, 1, 1, -1, 0, 1.076530, 0.047609
11, 230, 6, 0, 1, 1, 1, 0, 1.314458, 0.001067
11, 231, 3, 1, 1, 1, 1, 1, 1.491907, 0.001066
11, 232, 6, 0, 1, 1, -1, 0, 1.895654, 0.001031
11, 233, 2, 1, 1, -1, 1, 1, 1.898470, 0.001041
11, 234, 2, 5, 1, -1, -1, 1, 2.316574, 0.358688
11, 235, 5, 1, 1, -1, -1, -1, 1.523155, 0.214005
11, 236, 2, 0, 1, 1, -1, 0, 1.269012, 0.001031
11, 237, 4, 5, 1, -1, -1, 1, 1.626842, 0.206630
11, 238, 2, 0, 1, 1, -1, 0, 1.223816, 0.060923
11, 239, 1, 6, 1, -1, -1, 1, 1.320661, 0.073892
11, 240, 3, 0, 1, 1, 1, 0, 1.329646, 0.001064
11, 241, 5, 0, 1, 1, 1, 0, 1.078053, 0.001033
11, 242, 1, 0, 1, 1, 1, 0, 1.082940, 0.001045
11, 243, 6, 1, 1, 1, -1, 1, 1.839073, 0.001064
11, 244, 5, 2, 1, -1, 1, -1, 2.482224, 0.047453
11, 245, 2, 3, 1, -1, -1, -1, 1.452831, 0.001047
11, 246, 3, 1, 1, 1, -1, -1, 1.422826, 0.001075
11, 247, 1, 3, 1, 1, -1, -1, 1.052611, 0.001069
11, 248, 4, 2, 1, -1, -1, 1, 1.813561, 1.844446
11, 249, 2, 6, 1, -1, -1, -1, 1.727032, 0.001042
11, 250, 5, 0, 1, 1, 1, 0, 1.269503, 0.081094
11, 251, 5, 0, 1, 1, 1, 0, 1.091899, 0.001046
11, 252, 5, 3, 1, 1, 1, -1, 1.397997, 0.001028
11, 253, 2, 6, 1, -1, -1, 1, 1.575853, 0.001036
11, 254, 3, 3, 1, -1, -1, 1, 1.958799, 0.001026
11, 255, 4, 6, 1, 1, 1, 1, 1.297544, 0.001057
11, 256, 3, 0, 1, 1, -1, 0, 1.126816, 0.034475
11, 257, 6, 6, 1, 1, -1, -1, 1.313290, 0.001063
11, 258, 2, 0, 1, 1, 1, 0, 1.025671, 0.001037
11, 259, 2, 0, 1, 1, -1, 0, 1.192978, 0.067875
11, 260, 2, 0, 1, 1, -1, 0, 0.902930, 0.001024
11, 261, 5, 1, 1, 1, -1, 1, 1.988940, 0.001069
11, 262, 3, 1, 1, 1, 1, 1, 1.364510, 0.001033
11, 263, 2, 4, 1, -1, -1, 1, 1.598578, 0.034287
11, 264, 5, 2, 1, 1, -1, 1, 1.601109, 0.001019
11, 265, 3, 0, 1, 1, 1, 0, 1.027746, 0.001043
11, 266, 1, 3, 1, -1, -1, 1, 2.328719, 0.001051
11, 267, 2, 6, 1, 1, 1, -1, 1.357650, 0.001042
11, 268, 4, 0, 1, 1, 1, 0, 1.352873, 1.027045
11, 269, 4, 0, 1, 1, -1, 0, 0.991430, 0.001065
11, 270, 5, 0, 1, 1, -1, 0, 1.612372, 0.001036
11, 271, 6, 2, 1, 1, -1, 1, 1.416602, 0.001058
11, 272, 4, 0, 1, 1, -1, 0, 1.019488, 0.001040
11, 273, 6, 0, 1, 1, 1, 0, 1.231429, 0.001049
11, 274, 1, 0, 1, 1, -1, 0, 0.864675, 0.001084
11, 275, 2, 0, 1, 1, 1, 0, 0.964315, 0.666907
11, 276, 1, 0, 1, 1, 1, 0, 1.010966, 0.041093
11, 277, 3, 5, 0, -1, 1, 1, 1.325709, 3.274884
11, 278, 4, 1, 1, -1, -1, 1, 2.170318, 0.001020
11, 279, 2, 0, 1, 1, -1, 0, 1.474725, 0.001029
11, 280, 1, 6, 1, 1, -1, -1, 1.150317, 0.087845
11, 281, 5, 6, 1, 1, 1, 1, 1.152252, 0.001062
11, 282, 2, 0, 1, 1, -1, 0, 2.211288, 0.001047
11, 283, 2, 0, 1, 1, -1, 0, 1.009039, 0.001020
11, 284, 3, 0, 1, 1, 1, 0, 1.081790, 0.001025
11, 285, 3, 0, 1, 1, 1, 0, 0.915367, 0.001032
11, 286, 5, 4, 1, 1, -1, -1, 1.283507, 0.001089
11, 287, 1, 2, 1, 1, -1, -1, 1.988726, 0.001015
11, 288, 4, 6, 1, 1, -1, -1, 1.336543, 0.001065
11, 289, 1, 0, 1, 1, 1, 0, 1.623664, 0.001013
11, 290, 1, 2, 1, 1, 1, 1, 1.184987, 0.001102
11, 291, 1, 3, 1, 1, -1, -1, 1.059264, 0.001063
11, 292, 2, 0, 1, 1, 1, 0, 0.948724, 0.001026
11, 293, 5, 0, 1, 1, -1, 0, 1.089400, 0.001058
11, 294, 4, 1, 1, 1, -1, -1, 1.202451, 0.027157
11, 295, 6, 1, 1, 1, -1, -1, 1.101192, 0.080742
11, 296, 5, 0, 1, 1, -1, 0, 1.012633, 0.001105
11, 297, 2, 0, 1, 1, -1, 0, 0.815599, 0.172037
11, 298, 4, 0, 1, 1, -1, 0, 0.930867, 0.001046
11, 299, 2, 0, 1, 1, -1, 0, 0.877005, 0.014383
11, 300, 1, 0, 1, 1, 1, 0, 1.035751, 0.001067
11, 301, 5, 4, 1, 1, 1, 1, 1.835572, 1.467966
11, 302, 6, 3, 1, -1, -1, 1, 1.815924, 0.001066
11, 303, 5, 3, 1, -1, -1, -1, 2.786133, 0.001068
11, 304, 5, 0, 1, 1, -1, 0, 1.210583, 0.001066
11, 305, 5, 6, 1, 1, -1, -1, 1.276877, 0.060325
11, 306, 1, 0, 1, 1, 1, 0, 1.253135, 0.001027
11, 307, 6, 2, 1, 1, 1, -1, 1.755648, 0.001026
11, 308, 2, 5, 1, -1, 1, -1, 2.103521, 0.001046
11, 309, 6, 0, 1, 1, 1, 0, 1.050185, 0.001071
11, 310, 6, 0, 1, 1, 1, 0, 0.910557, 0.001020
11, 311, 5, 0, 1, 1, -1, 0, 1.794341, 0.001026
11, 312, 4, 3, 1, 1, -1, 1, 2.719575, 0.001038
11, 313, 5, 1, 1, 1, 1, 1, 1.368680, 1.571031
11, 314, 2, 0, 1, 1, 1, 0, 0.938315, 0.001041
11, 315, 2, 0, 1, 1, 1, 0, 1.629018, 0.911577
11, 316, 6, 5, 1, -1, -1, 1, 1.631462, 0.001032
11, 317, 1, 0, 1, 1, -1, 0, 0.943855, 0.053686
11, 318, 6, 0, 1, 1, -1, 0, 1.789595, 0.033962
11, 319, 1, 0, 1, 1, -1, 0, 0.919155, 0.254059
11, 320, 4, 0, 1, 1, -1, 0, 1.004250, 0.001063
11, 321, 3, 0, 1, 1, -1, 0, 1.010974, 0.313882
11, 322, 5, 2, 1, -1, -1, 1, 4.926126, 0.463696
11, 323, 5, 0, 1, 1, 1, 0, 1.150628, 0.001308
11, 324, 2, 1, 1, 1, -1, 1, 2.054204, 0.333953
11, 325, 3, 5, 1, 1, 1, 1, 0.986646, 0.001013
11, 326, 4, 5, 1, -1, -1, -1, 1.376233, 0.001042
11, 327, 1, 5, 1, 1, 1, -1, 1.059648, 0.001012
11, 328, 6, 0, 1, 1, -1, 0, 1.865058, 0.001053
11, 329, 5, 2, 1, -1, -1, -1, 1.262210, 0.001068
11, 330, 5, 0, 1, 1, 1, 0, 0.992462, 0.001051
11, 331, 6, 5, 1, -1, -1, -1, 1.039547, 0.001070
11, 332, 3, 0, 1, 1, -1, 0, 1.145862, 0.001081
11, 333, 5, 6, 1, 1, 1, -1, 1.490138, 1.148177
11, 334, 2, 6, 1, 1, -1, 1, 1.338967, 0.007657
11, 335, 5, 4, 1, 1, 1, -1, 1.069300, 0.001025
11, 336, 3, 0, 1, 1, -1, 0, 0.997162, 0.041051
11, 337, 6, 5, 1, -1, -1, 1, 1.422167, 0.001026
11, 338, 2, 0, 1, 1, 1, 0, 1.430614, 1.478122
11, 339, 4, 4, 1, 1, -1, -1, 1.635821, 0.001040
11, 340, 3, 0, 1, 1, -1, 0, 1.087098, 0.114631
11, 341, 3, 0, 1, 1, -1, 0, 0.758041, 0.014348
11, 342, 6, 0, 1, 1, -1, 0, 0.780488, 0.001040
11, 343, 6, 3, 1, -1, -1, 1, 1.757961, 1.010888
11, 344, 1, 3, 1, 1, -1, 1, 1.365096, 0.001077
11, 345, 6, 0, 1, 1, -1, 0, 1.077626, 0.074348
11, 346, 6, 0, 0, 1, 1, 0, 0.903585, 0.007628
11, 347, 3, 0, 1, 1, 1, 0, 1.122993, 0.001039
11, 348, 6, 0, 1, 1, 1, 0, 0.904700, 0.001099
11, 349, 6, 4, 1, 1, 1, -1, 1.403952, 0.001040
11, 350, 6, 4, 1, 1, -1, -1, 0.936396, 0.001076
11, 351, 3, 4, 1, -1, 1, 1, 1.911513, 0.001013
11, 352, 6, 0, 1, 1, 1, 0, 0.912096, 0.001042
11, 353, 3, 3, 1, 1, 1, 1, 1.689838, 0.001051
11, 354, 6, 0, 1, 1, -1, 0, 0.903987, 0.054311
11, 355, 1, 0, 1, 1, -1, 0, 1.360368, 0.001059
11, 356, 3, 0, 1, 1, 1, 0, 0.811502, 0.007720
11, 357, 5, 0, 1, 1, 1, 0, 0.949871, 0.001302
11, 358, 1, 1, 1, 1, -1, 1, 1.546498, 0.034002
11, 359, 4, 0, 1, 1, 1, 0, 0.893449, 0.001025
11, 360, 1, 4, 1, 1, -1, 1, 1.356354, 0.087433
11, 361, 1, 0, 1, 1, -1, 0, 0.784651, 0.007659
11, 362, 4, 0, 1, 1, -1, 0, 0.924759, 0.001025
11, 363, 4, 0, 1, 1, -1, 0, 1.083075, 0.001060
11, 364, 3, 5, 1, 1, -1, 1, 1.731987, 0.001031
11, 365, 4, 1, 1, 1, -1, 1, 1.245170, 0.021132
11, 366, 5, 0, 1, 1, 1, 0, 1.026359, 0.001086
11, 367, 4, 1, 1, -1, 1, 1, 1.427102, 0.007800
11, 368, 2, 0, 1, 1, 1, 0, 1.255849, 0.001024
11, 369, 1, 0, 1, 1, 1, 0, 1.904783, 0.001024
11, 370, 3, 0, 1, 1, -1, 0, 1.279469, 0.374018
11, 371, 2, 4, 1, 1, 1, -1, 1.045150, 0.001016
11, 372, 1, 6, 1, 1, -1, 1, 1.555589, 0.027877
11, 373, 6, 3, 1, 1, 1, 1, 1.385897, 0.001063
11, 374, 5, 5, 1, 1, -1, 1, 1.446684, 0.001021
11, 375, 3, 2, 1, -1, -1, -1, 1.602328, 0.001031
11, 376, 3, 0, 1, 1, 1, 0, 1.129819, 0.001019
11, 377, 2, 0, 1, 1, 1, 0, 1.192142, 0.440344
11, 378, 2, 1, 1, -1, -1, 1, 2.801651, 0.001057
11, 379, 5, 0, 1, 1, -1, 0, 3.375263, 0.340909
11, 380, 1, 2, 1, 1, 1, 1, 1.986884, 0.001020
11, 381, 6, 1, 1, 1, 1, 1, 1.538448, 1.591638
11, 382, 1, 0, 1, 1, 1, 0, 1.075372, 0.001022
11, 383, 6, 0, 1, 1, 1, 0, 1.129354, 0.657292
11, 384, 3, 2, 1, 1, 1, -1, 1.266905, 0.001062
11, 385, 4, 0, 1, 1, 1, 0, 0.921079, 0.001032
11, 386, 4, 0, 1, 1, -1, 0, 1.151782, 0.007748
11, 387, 3, 0, 1, 1, -1, 0, 0.819292, 0.034453
11, 388, 2, 5, 1, -1, -1, -1, 1.796339, 1.352853
11, 389, 1, 5, 1, 1, 1, 1, 1.511548, 0.001064
11, 390, 6, 0, 1, 1, -1, 0, 1.992005, 0.420499
11, 391, 1, 6, 1, -1, -1, -1, 1.586844, 0.725023
11, 392, 3, 3, 1, 1, 1, -1, 1.012032, 0.001024
11, 393, 2, 0, 1, 1, 1, 0, 0.918382, 0.001042
11, 394, 4, 5, 0, -1, -1, 1, 2.156959, 1.974823
11, 395, 1, 0, 1, 1, 1, 0, 4.488567, 2.250674
11, 396, 5, 0, 1, 1, 1, 0, 1.934094, 1.279449
11, 397, 5, 0, 1, 1, -1, 0, 1.315051, 0.476833
11, 398, 3, 0, 1, 1, 1, 0, 1.460552, 0.001069
11, 399, 3, 1, 1, 1, 1, -1, 2.084754, 0.001027
11, 400, 5, 0, 1, 1, -1, 0, 1.601918, 0.001032
11, 401, 5, 5, 1, 1, 1, -1, 1.636997, 0.027709
11, 402, 1, 5, 1, -1, 1, -1, 2.159345, 0.001064
11, 403, 3, 0, 1, 1, 1, 0, 0.967103, 0.086986
11, 404, 2, 2, 1, -1, -1, 1, 1.416100, 0.047487
11, 405, 4, 0, 1, 1, -1, 0, 1.017143, 0.001054
11, 406, 3, 1, 1, -1, -1, 1, 3.317946, 0.001042
11, 407, 1, 0, 1, 1, -1, 0, 1.091172, 0.001025
11, 408, 5, 6, 1, -1, 1, 1, 1.734968, 0.060257
11, 409, 2, 2, 1, 1, 1, 1, 1.070351, 0.001014
11, 410, 3, 4, 1, -1, 1, -1, 1.563294, 0.047765
11, 411, 1, 3, 1, 1, 1, -1, 1.050348, 0.001052
11, 412, 2, 0, 1, 1, 1, 0, 0.936357, 0.001023
11, 413, 4, 0, 1, 1, 1, 0, 0.879276, 0.001073
11, 414, 4, 0, 1, 1, -1, 0, 0.831590, 0.206594
11, 415, 3, 2, 1, -1, 1, 1, 1.593800, 0.013954
11, 416, 5, 3, 1, 1, 1, 1, 1.108194, 0.001026
11, 417, 3, 0, 1, 1, 1, 0, 1.232002, 0.139710
11, 418, 1, 0, 1, 1, 1, 0, 1.543667, 0.001071
11, 419, 3, 3, 1, -1, 1, 1, 1.562174, 0.001014
11, 420, 6, 0, 1, 1, 1, 0, 0.918393, 0.001020
11, 421, 5, 0, 1, 1, -1, 0, 0.880361, 0.850219
11, 422, 1, 0, 1, 1, 1, 0, 0.918150, 0.001049
11, 423, 1, 5, 1, 1, 1, 1, 1.169897, 0.001011
11, 424, 5, 1, 1, 1, 1, 1, 0.997855, 0.001073
11, 425, 2, 0, 1, 1, -1, 0, 0.999802, 0.001075
11, 426, 6, 0, 1, 1, 1, 0, 0.929929, 0.014424
11, 427, 1, 6, 1, 1, 1, -1, 1.129684, 0.001014
11, 428, 6, 6, 1, 1, 1, 1, 0.984390, 0.001019
11, 429, 1, 5, 1, 1, -1, 1, 1.050514, 0.001027
11, 430, 5, 1, 1, 1, -1, 1, 1.177870, 0.347082
11, 431, 4, 0, 1, 1, -1, 0, 1.335247, 0.000991
11, 432, 5, 0, 1, 1, 1, 0, 1.217727, 0.001063
11, 433, 1, 4, 1, 1, 1, -1, 1.491832, 0.001020
11, 434, 2, 3, 1, 1, -1, 1, 0.958042, 0.001023
11, 435, 5, 5, 1, 1, 1, 1, 1.131167, 0.001028
11, 436, 5, 1, 1, 1, -1, -1, 1.062040, 0.644649
11, 437, 6, 2, 1, -1, -1, -1, 1.718018, 0.001073
11, 438, 2, 5, 1, 1, -1, -1, 1.707330, 0.001035
11, 439, 2, 3, 1, 1, 1, 1, 1.176167, 0.001016
11, 440, 1, 2, 1, -1, -1, 1, 1.417072, 0.001040
11, 441, 5, 0, 1, 1, -1, 0, 1.118931, 0.001029
11, 442, 3, 0, 1, 1, 1, 0, 1.752059, 0.001087
11, 443, 6, 0, 1, 1, 1, 0, 0.879180, 0.001041
11, 444, 6, 0, 1, 1, -1, 0, 1.311047, 0.001330
11, 445, 3, 0, 1, 1, -1, 0, 0.851130, 0.014230
11, 446, 2, 5, 1, -1, 1, -1, 1.692096, 0.047376
11, 447, 2, 4, 1, -1, -1, 1, 1.862907, 0.001083
11, 448, 3, 0, 1, 1, 1, 0, 0.938682, 0.001059
11, 449, 5, 0, 1, 1, 1, 0, 1.377980, 0.001078
11, 450, 3, 0, 1, 1, 1, 0, 0.964689, 0.001070
11, 451, 5, 4, 1, -1, 1, 1, 1.856812, 0.001063
11, 452, 6, 0, 1, 1, -1, 0, 3.554756, 1.277847
11, 453, 6, 5, 1, 1, 1, -1, 1.779314, 0.001069
11, 454, 4, 0, 1, 1, -1, 0, 1.492663, 0.001028
11, 455, 4, 0, 1, 1, 1, 0, 1.178839, 0.007811
11, 456, 4, 5, 1, 1, 1, 1, 1.538158, 0.001067
11, 457, 4, 4, 1, 1, 1, -1, 1.151415, 0.007747
11, 458, 2, 0, 1, 1, 1, 0, 1.091373, 0.001116
11, 459, 1, 5, 1, 1, -1, 1, 1.956099, 0.047513
11, 460, 5, 0, 1, 1, 1, 0, 0.816546, 0.001030
11, 461, 6, 3, 1, 1, 1, -1, 1.851082, 0.001056
11, 462, 2, 0, 1, 1, -1, 0, 0.991641, 0.001311
11, 463, 6, 0, 1, 1, 1, 0, 1.386423, 0.001032
11, 464, 4, 0, 1, 1, 1, 0, 1.145863, 0.001009
11, 465, 5, 0, 1, 1, -1, 0, 1.168313, 0.001066
11, 466, 5, 2, 1, 1, -1, -1, 1.373806, 0.007580
11, 467, 6, 0, 1, 1, 1, 0, 1.075972, 0.001019
11, 468, 2, 0, 1, 1, -1, 0, 1.200806, 0.001075
11, 469, 6, 0, 1, 1, 1, 0, 1.696128, 0.001072
11, 470, 6, 2, 1, 1, 1, 1, 1.211038, 0.001033
11, 471, 6, 6, 1, 1, -1, 1, 1.142740, 0.001024
11, 472, 5, 4, 1, -1, 1, -1, 1.856283, 0.094321
11, 473, 4, 0, 1, 1, 1, 0, 1.040096, 0.034089
11, 474, 1, 0, 1, 1, -1, 0, 1.153717, 0.001065
11, 475, 4, 0, 1, 1, 1, 0, 0.844249, 0.034519
11, 476, 2, 4, 1, 1, 1, 1, 1.145799, 0.001209
11, 477, 4, 2, 1, -1, 1, 1, 1.696467, 0.020898
11, 478, 6, 0, 1, 1, -1, 0, 1.086239, 0.081217
11, 479, 6, 0, 1, 1, 1, 0, 1.016297, 0.001024
11, 480, 5, 0, 1, 1, -1, 0, 1.238831, 0.001063
11, 481, 4, 2, 1, 1, -1, 1, 1.740294, 0.007694
11, 482, 4, 0, 1, 1, -1, 0, 1.711406, 0.001067
11, 483, 3, 6, 1, 1, 1, -1, 1.870185, 0.001061
11, 484, 2, 0, 1, 1, -1, 0, 1.809437, 0.374354
11, 485, 4, 4, 1, -1, 1, -1, 1.863761, 0.253512
11, 486, 4, 3, 1, 1, -1, -1, 1.511320, 0.001049
11, 487, 5, 5, 1, 1, -1, 1, 1.406971, 0.001032
11, 488, 1, 1, 1, 1, 1, -1, 2.034889, 0.001056
11, 489, 3, 1, 1, 1, -1, 1, 1.129195, 0.014207
11, 490, 2, 0, 1, 1, 1, 0, 0.911537, 0.001015
11, 491, 3, 2, 1, -1, 1, 1, 1.595492, 0.200537
11, 492, 1, 4, 1, 1, 1, 1, 1.022383, 0.001055
11, 493, 1, 0, 1, 1, -1, 0, 1.287597, 0.001045
11, 494, 1, 4, 1, 1, -1, -1, 1.277403, 0.001038
11, 495, 2, 0, 1, 1, 1, 0, 1.214284, 1.372835
11, 496, 6, 4, 1, 1, -1, 1, 1.091111, 0.001012
11, 497, 5, 0, 1, 1, -1, 0, 1.332978, 0.001053
11, 498, 6, 0, 1, 1, 1, 0, 0.843930, 0.001034
11, 499, 5, 0, 1, 1, 1, 0, 0.863570, 0.001044
11, 500, 2, 2, 1, 1, -1, -1, 1.377273, 0.001067
11, 501, 6, 6, 1, 1, -1, -1, 1.638647, 0.007646
11, 502, 4, 0, 1, 1, -1, 0, 0.917118, 0.034501
11, 503, 5, 0, 1, 1, -1, 0, 1.219300, 0.001054
11, 504, 2, 0, 1, 1, -1, 0, 1.091378, 0.001070
11, 505, 5, 0, 1, 1, 1, 0, 1.217730, 0.001068
11, 506, 3, 6, 1, 1, 1, 1, 1.137334, 0.001056
11, 507, 5, 0, 1, 1, -1, 0, 0.819422, 0.001053
11, 508, 2, 3, 1, 1, -1, -1, 1.451523, 0.001046
11, 509, 5, 5, 1, 1, -1, -1, 1.364405, 0.001036
11, 510, 4, 0, 1, 1, -1, 0, 0.852778, 0.001046
11, 511, 3, 0, 1, 1, 1, 0, 0.945058, 0.001065
11, 512, 4, 1, 1, 1, -1, -1, 1.090215, 0.041126
11, 513, 3, 6, 1, 1, 1, -1, 1.320663, 0.054076
11, 514, 5, 6, 1, 1, -1, -1, 1.262318, 0.000994
11, 515, 3, 0, 1, 1, -1, 0, 0.903856, 0.001024
11, 516, 4, 0, 1, 1, -1, 0, 1.051217, 0.001025
11, 517, 2, 0, 1, 1, 1, 0, 0.943313, 0.000988
11, 518, 5, 0, 1, 1, 1, 0, 0.890620, 0.001074
11, 519, 6, 0, 1, 1, 1, 0, 1.392880, 0.001014
11, 520, 6, 6, 1, 1, 1, -1, 1.709052, 0.001067
11, 521, 2, 5, 1, -1, 1, 1, 1.882170, 0.001069
11, 522, 4, 6, 1, 1, 1, 1, 1.328346, 0.001019
11, 523, 1, 0, 1, 1, -1, 0, 1.003665, 0.001039
11, 524, 4, 4, 1, 1, -1, 1, 1.276698, 0.000995
11, 525, 4, 0, 1, 1, 1, 0, 1.037735, 0.001046
11, 526, 6, 0, 1, 1, -1, 0, 0.883558, 0.001020
11, 527, 3, 0, 1, 1, 1, 0, 1.076772, 0.001019
11, 528, 3, 5, 1, 1, 1, -1, 1.112778, 0.001035
11, 529, 5, 0, 1, 1, -1, 0, 0.992259, 0.001061
11, 530, 3, 0, 1, 1, -1, 0, 0.885401, 0.001076
11, 531, 1, 0, 1, 1, 1, 0, 0.980565, 0.040946
11, 532, 6, 0, 1, 1, -1, 0, 0.942727, 0.001026
11, 533, 6, 4, 1, 1, -1, 1, 1.378486, 0.001057
11, 534, 5, 4, 1, 1, -1, 1, 1.417391, 0.001018
11, 535, 6, 0, 1, 1, 1, 0, 1.220625, 0.001018
11, 536, 6, 2, 1, 1, 1, 1, 1.182322, 0.001026
11, 537, 3, 0, 1, 1, -1, 0, 1.202221, 0.001019
11, 538, 4, 1, 1, -1, 1, -1, 1.646761, 0.001065
11, 539, 3, 1, 1, 1, 1, -1, 1.301585, 0.001032
11, 540, 1, 0, 1, 1, -1, 0, 2.169631, 0.427111
11, 541, 2, 4, 1, 1, -1, -1, 1.634705, 1.751896
11, 542, 1, 3, 1, 1, 1, 1, 0.950132, 0.007667
11, 543, 3, 6, 1, 1, -1, 1, 1.282517, 0.001060
11, 544, 1, 0, 1, 1, -1, 0, 1.039333, 0.001049
11, 545, 3, 2, 1, -1, 1, -1, 1.863542, 0.014523
11, 546, 5, 4, 1, -1, -1, 1, 2.211284, 0.001104
11, 547, 2, 6, 1, 1, 1, 1, 1.328666, 0.001087
11, 548, 3, 6, 1, 1, 1, 1, 1.044478, 0.001050
11, 549, 1, 0, 1, 1, -1, 0, 1.250126, 0.001062
11, 550, 2, 2, 1, -1, -1, -1, 2.005983, 1.058630
11, 551, 4, 0, 1, 1, 1, 0, 1.315864, 0.001033
11, 552, 5, 0, 1, 1, 1, 0, 0.896849, 0.007721
11, 553, 1, 0, 1, 1, -1, 0, 0.864490, 0.146436
11, 554, 1, 1, 1, 1, 1, -1, 1.569072, 0.001035
11, 555, 5, 0, 1, 1, 1, 0, 0.946564, 0.001046
11, 556, 6, 4, 1, 1, 1, 1, 1.678813, 0.053956
11, 557, 6, 2, 1, 1, -1, 1, 1.928557, 0.001035
11, 558, 1, 0, 1, 1, -1, 0, 0.924659, 0.014013
11, 559, 4, 2, 1, -1, 1, -1, 1.566331, 0.067548
11, 560, 1, 6, 1, -1, 1, -1, 1.612405, 0.041010
11, 561, 3, 0, 1, -1, -1, 0, 1.492591, 0.001025
11, 562, 1, 2, 1, -1, 1, -1, 1.344729, 0.061276
11, 563, 6, 4, 1, 1, 1, 1, 1.405900, 0.001046
11, 564, 5, 3, 1, 1, -1, 1, 2.037762, 0.001038
11, 565, 4, 0, 1, 1, -1, 0, 1.368280, 0.047621
11, 566, 3, 2, 1, -1, -1, 1, 1.308946, 0.001022
11, 567, 5, 2, 1, -1, 1, 1, 1.406567, 0.001049
11, 568, 2, 4, 1, 1, 1, -1, 0.983884, 0.001068
11, 569, 3, 6, 1, 1, -1, -1, 1.704183, 0.001121
11, 570, 4, 0, 1, 1, 1, 0, 0.962028, 0.001060
11, 571, 2, 1, 1, -1, 1, -1, 1.279285, 0.001044
11, 572, 6, 0, 1, -1, -1, 0, 1.012027, 0.001039
11, 573, 5, 3, 1, 1, -1, -1, 1.550888, 0.001051
11, 574, 6, 0, 1, 1, -1, 0, 1.141006, 0.007706
11, 575, 3, 3, 1, -1, -1, 1, 1.858873, 1.071398
11, 576, 2, 4, 1, 1, -1, -1, 1.735648, 0.001076
