observer, trial, targLoc, distLoc, targDiscrim, thoughtNoAttCap, tc, dc, RT, TrialTypeRT
4, 2, 1, 2, 1, -1, 1, 1, 0.754661, 2.871915
4, 3, 6, 0, 1, 1, -1, 0, 0.379182, 1.638258
4, 4, 2, 5, 1, -1, -1, -1, 1.025980, 1.331464
4, 5, 2, 0, 0, 1, 1, 0, 0.554731, 2.921705
4, 6, 4, 0, 1, 1, -1, 0, 0.749651, 1.549015
4, 7, 5, 1, 1, -1, -1, 1, 1.329502, 3.405847
4, 8, 3, 6, 1, 1, -1, -1, 0.544851, 1.405415
4, 10, 5, 2, 1, 1, 1, -1, 1.250584, 1.373537
4, 11, 4, 6, 1, 1, -1, -1, 0.548168, 1.164835
4, 12, 6, 4, 1, 1, 1, 1, 0.835090, 0.959271
4, 13, 3, 0, 1, 1, 1, 0, 0.713299, 1.024587
4, 14, 4, 0, 1, 1, 1, 0, 0.584293, 0.384444
4, 15, 3, 0, 1, 1, 1, 0, 0.555881, 0.351052
4, 16, 3, 0, 1, 1, 1, 0, 0.484168, 0.688253
4, 17, 5, 3, 0, 1, -1, 1, 0.549505, 3.972398
4, 18, 4, 0, 1, 1, -1, 0, 0.344896, 1.010352
4, 19, 3, 5, 1, 1, -1, -1, 0.478157, 1.117769
4, 20, 5, 0, 1, 1, -1, 0, 0.423666, 0.798803
4, 21, 1, 4, 1, -1, -1, -1, 1.313251, 0.676056
4, 22, 2, 5, 1, -1, -1, -1, 1.059626, 0.364432
4, 23, 4, 0, 1, -1, -1, 0, 0.370936, 0.722762
4, 24, 2, 1, 0, -1, 1, 1, 0.497561, 1.078875
4, 25, 1, 3, 1, -1, -1, 1, 1.240890, 0.594447
4, 26, 5, 4, 1, 1, 1, -1, 0.826872, 1.390923
4, 27, 6, 6, 1, -1, 1, -1, 1.165711, 1.057926
4, 28, 1, 6, 1, 1, 1, 1, 0.688403, 1.619259
4, 29, 4, 0, 0, 3, -1, 0, 0.636640, 0.160163
4, 30, 5, 1, 1, 1, -1, -1, 0.511014, 1.764033
4, 31, 6, 0, 1, 1, 1, 0, 0.921404, 1.133253
4, 32, 2, 0, 1, 1, -1, 0, 0.582469, 0.810587
4, 33, 4, 0, 0, 1, 1, 0, 0.551284, 1.906196
4, 34, 2, 0, 1, 1, -1, 0, 0.475650, 0.770038
4, 35, 1, 0, 1, 1, -1, 0, 0.669234, 0.836379
4, 36, 4, 1, 1, -1, -1, 1, 1.215247, 0.793462
4, 37, 5, 1, 1, 1, -1, -1, 0.655255, 2.146548
4, 38, 3, 0, 1, 1, -1, 0, 0.484225, 0.966898
4, 39, 3, 4, 1, 1, 1, 1, 0.939964, 1.055187
4, 40, 1, 1, 0, 1, 1, -1, 0.405483, 1.602448
4, 41, 6, 0, 1, 1, 1, 0, 0.597522, 0.870816
4, 42, 3, 0, 1, 1, 1, 0, 0.484061, 0.960988
4, 43, 5, 0, 1, 1, -1, 0, 0.359442, 0.752608
4, 44, 5, 0, 0, 1, 1, 0, 0.423889, 0.677480
4, 45, 5, 0, 1, 1, -1, 0, 0.458625, 0.780874
4, 46, 3, 0, 1, 1, -1, 0, 0.570252, 0.817033
4, 47, 3, 0, 1, 1, -1, 0, 0.477560, 0.689236
4, 48, 6, 6, 1, 1, -1, 1, 0.565089, 1.324926
4, 49, 3, 5, 1, 1, -1, 1, 0.698152, 0.783719
4, 50, 6, 2, 1, 1, 1, 1, 1.091513, 0.715523
4, 51, 3, 0, 1, 1, 1, 0, 0.683195, 0.722563
4, 52, 1, 5, 1, 1, 1, -1, 0.735838, 0.965941
4, 53, 6, 4, 1, -1, -1, 1, 0.715636, 0.865071
4, 54, 3, 0, 0, 1, 1, 0, 0.504152, 1.701022
4, 55, 6, 0, 1, 1, -1, 0, 0.497753, 0.815949
4, 56, 3, 2, 1, -1, -1, -1, 1.046928, 0.788504
4, 57, 4, 5, 1, 1, -1, 1, 0.616493, 0.807386
4, 58, 5, 2, 1, 1, -1, -1, 0.582093, 0.667461
4, 59, 3, 4, 1, 3, 1, 1, 0.557436, 0.542698
4, 60, 1, 0, 1, 1, 1, 0, 0.641684, 0.689222
4, 61, 1, 4, 1, 1, -1, 1, 0.671051, 1.794837
4, 62, 6, 4, 1, -1, -1, -1, 0.630134, 1.187133
4, 63, 5, 5, 1, 1, -1, -1, 0.491140, 1.849028
4, 64, 2, 6, 1, -1, 1, 1, 0.676539, 4.053534
4, 65, 6, 6, 1, -1, -1, -1, 0.758519, 1.005362
4, 66, 4, 0, 1, 1, 1, 0, 0.530954, 0.556819
4, 67, 2, 3, 1, -1, 1, 1, 0.563675, 0.527737
4, 68, 5, 2, 1, 1, -1, 1, 0.458319, 1.708727
4, 69, 2, 0, 1, 1, -1, 0, 0.503906, 1.067212
4, 70, 4, 4, 1, 1, -1, 1, 0.491037, 0.389152
4, 71, 2, 0, 1, 1, -1, 0, 0.464003, 0.524100
4, 72, 1, 0, 0, 1, 1, 0, 0.859893, 0.270711
4, 73, 6, 0, 1, 3, 1, 0, 0.594505, 0.292573
4, 74, 4, 0, 1, 1, -1, 0, 0.589787, 0.605056
4, 75, 2, 2, 1, -1, -1, -1, 0.940360, 0.601206
4, 76, 1, 5, 1, 1, 1, -1, 0.497264, 1.157158
4, 77, 1, 0, 1, 1, -1, 0, 0.498858, 0.820596
4, 78, 3, 0, 1, 1, -1, 0, 0.417727, 1.020431
4, 79, 3, 0, 1, 1, -1, 0, 0.399377, 0.511599
4, 80, 1, 2, 1, 1, 1, -1, 0.538068, 1.470710
4, 81, 4, 1, 1, 1, -1, -1, 0.584205, 0.862102
4, 82, 6, 0, 1, 1, 1, 0, 0.689964, 1.881897
4, 83, 4, 0, 1, 1, -1, 0, 0.564730, 0.751010
4, 84, 2, 2, 1, 1, -1, 1, 0.516457, 1.103903
4, 85, 1, 3, 1, 1, 1, 1, 0.701497, 0.859455
4, 86, 3, 2, 1, -1, 1, -1, 0.671739, 0.595863
4, 87, 5, 6, 0, -1, 1, -1, 0.663106, 0.976863
4, 88, 3, 0, 0, 1, -1, 0, 0.591486, 1.703749
4, 89, 3, 5, 1, 1, 1, 1, 0.496482, 0.727333
4, 90, 4, 4, 1, 1, 1, 1, 0.549892, 0.456301
4, 91, 2, 0, 1, 1, 1, 0, 0.472320, 1.152465
4, 92, 5, 2, 1, 1, 1, -1, 0.391314, 0.927086
4, 93, 4, 0, 1, 1, -1, 0, 0.609137, 0.859795
4, 94, 3, 0, 1, 1, 1, 0, 0.570807, 0.567455
4, 95, 6, 1, 0, 3, -1, 1, 0.635961, 0.550604
4, 96, 3, 0, 1, 1, 1, 0, 0.570762, 0.392058
4, 97, 4, 5, 1, 1, -1, 1, 0.615639, 1.188873
4, 98, 2, 2, 0, -1, 1, -1, 0.610862, 0.987250
4, 99, 3, 6, 1, 1, -1, -1, 0.923338, 1.280175
4, 100, 4, 2, 1, -1, 1, 1, 1.254479, 0.841587
4, 101, 2, 0, 0, 3, -1, 0, 0.378792, 0.589742
4, 102, 1, 0, 1, 1, 1, 0, 0.582279, 0.337733
4, 103, 6, 2, 0, 1, -1, 1, 0.489945, 0.842176
4, 104, 5, 2, 1, 1, 1, 1, 0.582594, 0.515644
4, 105, 5, 0, 1, 1, 1, 0, 0.479038, 0.979679
4, 106, 5, 0, 0, 1, -1, 0, 0.505580, 0.650556
4, 107, 2, 6, 0, 1, -1, 1, 0.668003, 0.542735
4, 108, 6, 6, 0, 1, 1, -1, 0.556119, 1.308229
4, 109, 6, 0, 1, 1, -1, 0, 0.559090, 0.840901
4, 110, 5, 0, 1, 1, 1, 0, 0.538563, 0.710274
4, 111, 5, 0, 0, 1, 1, 0, 0.769750, 1.061139
4, 112, 4, 5, 1, 1, -1, -1, 0.522916, 1.140076
4, 113, 2, 0, 1, 1, 1, 0, 0.497256, 0.774264
4, 114, 1, 6, 1, 1, 1, 1, 0.647789, 0.693794
4, 115, 5, 0, 1, 1, -1, 0, 0.430346, 0.614328
4, 116, 6, 1, 0, 1, 1, -1, 0.590878, 1.152294
4, 117, 1, 0, 1, 1, 1, 0, 0.372627, 0.806818
4, 118, 5, 6, 1, 1, -1, -1, 0.456375, 0.635420
4, 119, 3, 3, 1, -1, 1, -1, 0.635636, 0.943933
4, 120, 4, 0, 1, 1, 1, 0, 0.530643, 0.757938
4, 121, 6, 0, 0, 1, 1, 0, 0.477251, 0.896684
4, 122, 4, 3, 1, 1, -1, -1, 0.430660, 0.653021
4, 123, 5, 6, 1, 1, -1, 1, 0.722674, 0.605311
4, 124, 5, 3, 1, 1, 1, -1, 0.551984, 0.715755
4, 125, 2, 1, 1, 1, -1, -1, 0.541936, 0.661434
4, 126, 1, 0, 1, 1, 1, 0, 0.596606, 0.608459
4, 127, 2, 3, 1, -1, -1, -1, 0.629603, 0.836348
4, 128, 6, 0, 1, 1, 1, 0, 0.598789, 0.356837
4, 129, 5, 4, 1, 1, -1, -1, 0.500966, 0.730321
4, 130, 6, 4, 0, 1, 1, 1, 0.510817, 1.071099
4, 131, 3, 2, 1, -1, 1, 1, 0.516865, 1.640314
4, 132, 2, 4, 1, 1, -1, -1, 0.523211, 0.966549
4, 133, 1, 3, 0, 1, 1, 1, 0.391241, 0.871045
4, 134, 5, 5, 1, 1, 1, 1, 0.464765, 1.166125
4, 135, 4, 6, 1, 1, 1, 1, 0.557353, 0.504540
4, 136, 3, 5, 1, -1, 1, -1, 1.177636, 0.470531
4, 137, 3, 0, 1, 1, -1, 0, 0.429061, 0.806301
4, 138, 1, 1, 1, 1, 1, -1, 0.544716, 0.744258
4, 139, 1, 5, 1, 1, -1, -1, 0.517777, 0.442879
4, 140, 6, 0, 1, 1, 1, 0, 0.536797, 0.333486
4, 141, 6, 0, 1, 1, -1, 0, 0.411642, 0.332526
4, 142, 6, 0, 1, 1, -1, 0, 0.424411, 0.660103
4, 143, 2, 0, 0, 1, 1, 0, 0.404435, 0.359712
4, 144, 2, 0, 1, 1, -1, 0, 0.390981, 0.317462
4, 145, 5, 1, 1, -1, 1, 1, 0.531031, 0.602411
4, 146, 5, 5, 1, 1, 1, -1, 0.404431, 0.304721
4, 147, 5, 0, 1, 1, 1, 0, 0.358748, 0.391165
4, 148, 5, 0, 1, 1, 1, 0, 0.379465, 0.488932
4, 149, 6, 2, 1, 1, -1, 1, 0.490672, 0.410706
4, 150, 3, 0, 1, 1, -1, 0, 0.511946, 0.345004
4, 151, 3, 0, 1, 1, -1, 0, 0.555221, 0.411538
4, 152, 4, 0, 1, 1, 1, 0, 0.553676, 0.226378
4, 153, 3, 0, 1, 1, 1, 0, 0.470690, 0.304080
4, 154, 2, 6, 1, -1, 1, -1, 0.643280, 0.563467
4, 155, 3, 2, 1, 1, 1, -1, 0.623096, 0.365017
4, 156, 2, 0, 1, 1, 1, 0, 0.524891, 0.253172
4, 157, 4, 0, 1, 1, 1, 0, 0.470737, 0.253180
4, 158, 2, 4, 0, 3, -1, 1, 0.864299, 0.000000
4, 159, 3, 6, 1, -1, 1, -1, 0.642124, 0.608117
4, 160, 1, 1, 1, -1, -1, -1, 0.604912, 0.988651
4, 161, 1, 0, 1, 1, 1, 0, 0.529562, 0.291702
4, 162, 2, 2, 0, -1, 1, -1, 0.549846, 1.699406
4, 163, 1, 2, 1, 3, -1, 1, 0.641268, 0.449605
4, 164, 2, 5, 1, -1, 1, 1, 1.152199, 0.306638
4, 165, 4, 0, 1, 1, -1, 0, 0.630778, 1.118821
4, 166, 2, 5, 1, -1, -1, 1, 0.581143, 0.884476
4, 167, 2, 0, 1, 1, 1, 0, 0.683836, 0.239900
4, 168, 2, 1, 1, -1, 1, -1, 0.780833, 0.836081
4, 169, 3, 3, 1, 1, 1, -1, 0.569193, 0.880936
4, 170, 6, 0, 1, 1, 1, 0, 0.589388, 0.305569
4, 171, 6, 0, 1, 1, 1, 0, 0.538103, 0.239746
4, 172, 3, 4, 1, -1, 1, -1, 0.743771, 0.684796
4, 173, 5, 1, 1, -1, -1, 1, 0.820884, 0.449090
4, 174, 5, 0, 1, 1, 1, 0, 0.478263, 0.425755
4, 175, 5, 0, 1, -1, -1, 0, 0.715548, 0.847324
4, 176, 4, 6, 1, -1, 1, -1, 0.833906, 0.966023
4, 177, 4, 0, 0, 1, -1, 0, 0.378994, 1.607540
4, 178, 5, 6, 1, -1, 1, -1, 0.662364, 1.448582
4, 179, 2, 0, 1, 1, 1, 0, 0.611102, 0.696615
4, 180, 4, 0, 1, 1, -1, 0, 0.595214, 0.468604
4, 181, 1, 4, 0, -1, 1, -1, 0.921965, 2.134745
4, 182, 4, 0, 0, 1, -1, 0, 0.365392, 0.935456
4, 183, 2, 5, 1, -1, -1, 1, 0.571233, 0.837043
4, 184, 6, 5, 1, -1, -1, 1, 0.622766, 0.887430
4, 185, 5, 2, 0, -1, -1, -1, 0.516603, 1.586801
4, 186, 6, 0, 1, 1, 1, 0, 0.582426, 0.292398
4, 187, 1, 4, 0, -1, 1, 1, 0.397123, 1.316996
4, 188, 5, 0, 1, 1, 1, 0, 0.418331, 0.312392
4, 189, 1, 1, 1, 1, -1, 1, 0.484582, 0.591645
4, 190, 5, 5, 0, 1, -1, -1, 0.338480, 1.993804
4, 191, 2, 3, 1, -1, -1, 1, 0.569382, 0.483543
4, 192, 2, 0, 0, 1, 1, 0, 0.471368, 1.713674
4, 193, 4, 1, 0, -1, 1, -1, 0.687477, 1.104111
4, 194, 6, 4, 0, -1, 1, -1, 0.563818, 1.762914
4, 195, 1, 5, 1, 1, -1, 1, 0.767913, 1.664181
4, 196, 4, 0, 1, 1, 1, 0, 0.451566, 0.697435
4, 197, 4, 3, 1, 1, 1, 1, 0.356985, 0.453182
4, 198, 6, 0, 1, 1, 1, 0, 0.430762, 0.251600
4, 199, 2, 0, 0, 3, -1, 0, 0.423906, 0.656446
4, 200, 2, 1, 0, 1, -1, 1, 0.510998, 0.741564
4, 201, 2, 4, 0, -1, -1, -1, 0.661352, 1.256317
4, 202, 4, 0, 1, 1, -1, 0, 0.556930, 1.024595
4, 203, 2, 0, 1, 1, 1, 0, 0.548027, 0.675013
4, 204, 4, 0, 1, 1, 1, 0, 0.476550, 0.673611
4, 205, 3, 0, 1, 1, -1, 0, 0.445207, 0.637060
4, 206, 6, 0, 1, 1, 1, 0, 0.490251, 0.755312
4, 207, 6, 0, 1, 1, -1, 0, 0.563183, 0.823239
4, 208, 4, 0, 1, 1, 1, 0, 0.502923, 0.448993
4, 209, 2, 1, 1, 1, 1, 1, 0.735163, 0.671014
4, 210, 4, 0, 1, 1, 1, 0, 0.529501, 0.735471
4, 211, 3, 0, 1, 1, -1, 0, 0.523604, 1.209454
4, 212, 6, 0, 1, 1, 1, 0, 0.524539, 0.801719
4, 213, 6, 3, 1, 1, -1, 1, 0.383293, 0.725962
4, 214, 5, 0, 1, 1, 1, 0, 0.470268, 0.781799
4, 215, 3, 0, 1, 1, 1, 0, 0.505272, 0.623218
4, 216, 4, 3, 1, 1, -1, 1, 0.458395, 0.588777
4, 217, 6, 0, 1, 1, -1, 0, 0.614966, 0.657878
4, 218, 1, 0, 1, 1, 1, 0, 0.424985, 0.722201
4, 219, 3, 0, 1, 1, -1, 0, 0.437454, 0.636724
4, 220, 2, 0, 1, 1, -1, 0, 0.458917, 0.530682
4, 221, 4, 6, 1, 1, 1, 1, 0.536006, 0.654761
4, 222, 5, 6, 1, 1, 1, 1, 0.477429, 0.683986
4, 223, 3, 1, 1, 1, -1, 1, 0.418138, 0.635467
4, 224, 3, 3, 1, 1, -1, -1, 0.516075, 0.463199
4, 225, 4, 4, 1, 1, -1, -1, 0.463819, 0.311758
4, 226, 6, 0, 1, 1, -1, 0, 0.523533, 0.694673
4, 227, 6, 2, 1, 1, -1, -1, 0.444567, 0.575042
4, 228, 3, 6, 1, 1, 1, -1, 0.555745, 0.317182
4, 229, 5, 4, 0, 1, 1, 1, 0.531146, 0.781716
4, 230, 5, 0, 1, 1, 1, 0, 0.548999, 0.305027
4, 231, 1, 4, 1, 1, 1, 1, 0.550977, 0.352290
4, 232, 5, 0, 1, 1, -1, 0, 0.476902, 0.299104
4, 233, 3, 3, 1, 1, 1, 1, 0.529264, 0.753280
4, 234, 1, 5, 1, 1, 1, 1, 0.523115, 0.607674
4, 235, 2, 3, 1, 1, 1, 1, 0.503758, 0.814541
4, 236, 3, 0, 1, 3, -1, 0, 0.502745, 0.000000
4, 237, 2, 0, 1, -1, -1, 0, 0.524352, 0.842530
4, 238, 5, 5, 1, 1, -1, 1, 0.478826, 0.636998
4, 239, 5, 0, 1, 1, -1, 0, 0.442949, 0.607394
4, 240, 6, 0, 1, 1, -1, 0, 0.398201, 0.464122
4, 241, 2, 6, 1, 1, -1, -1, 0.428736, 0.358008
4, 242, 2, 0, 1, 1, 1, 0, 0.515886, 0.318002
4, 243, 4, 0, 1, 1, 1, 0, 0.437846, 0.317455
4, 244, 5, 0, 1, 1, -1, 0, 0.425119, 0.238929
4, 245, 6, 0, 1, 1, 1, 0, 0.443668, 0.278310
4, 246, 1, 0, 1, 1, -1, 0, 0.383176, 0.172008
4, 247, 6, 0, 1, 1, 1, 0, 0.371655, 0.358732
4, 248, 4, 5, 0, 1, 1, -1, 0.403481, 0.333259
4, 249, 2, 0, 1, 1, 1, 0, 0.483789, 0.194369
4, 250, 5, 0, 1, 1, 1, 0, 0.418859, 0.180530
4, 251, 5, 0, 1, 1, -1, 0, 0.582103, 1.221274
4, 252, 2, 1, 1, 1, -1, -1, 0.497877, 0.897857
4, 253, 3, 0, 1, 1, -1, 0, 0.419178, 0.617149
4, 254, 6, 0, 1, 1, -1, 0, 0.344485, 0.230901
4, 255, 4, 3, 0, -1, -1, 1, 0.523999, 1.626969
4, 256, 1, 0, 1, 1, 1, 0, 0.390411, 0.272182
4, 257, 2, 0, 1, 1, 1, 0, 0.430456, 0.179074
4, 258, 6, 5, 1, 1, -1, 1, 0.485772, 0.192998
4, 259, 6, 1, 1, 1, 1, 1, 0.537167, 0.212829
4, 260, 1, 5, 1, 1, -1, -1, 0.576590, 0.298731
4, 261, 4, 2, 1, 1, 1, -1, 0.471813, 0.192670
4, 263, 2, 0, 1, 1, -1, 0, 0.454647, 0.716273
4, 264, 6, 0, 1, 1, -1, 0, 0.378139, 0.200214
4, 265, 3, 4, 1, 1, 1, -1, 0.484318, 0.233744
4, 266, 4, 0, 1, 1, 1, 0, 0.474695, 0.185882
4, 267, 2, 0, 1, 1, -1, 0, 0.483989, 0.160008
4, 268, 4, 0, 1, 1, 1, 0, 0.397789, 0.192226
4, 269, 1, 6, 1, 1, 1, -1, 0.669680, 0.113253
4, 270, 5, 1, 1, 1, 1, 1, 0.543355, 0.185350
4, 271, 1, 0, 1, 1, -1, 0, 0.476603, 0.126765
4, 272, 4, 4, 1, 1, 1, 1, 0.493635, 0.146175
4, 273, 1, 0, 1, 1, -1, 0, 0.383239, 0.125666
4, 274, 3, 0, 0, -1, -1, 0, 0.564131, 2.259921
4, 275, 6, 3, 1, -1, -1, -1, 0.530643, 0.887811
4, 276, 2, 0, 1, 3, -1, 0, 0.404154, 0.000000
4, 277, 1, 0, 1, 1, -1, 0, 0.475831, 0.515247
4, 278, 6, 2, 1, 1, 1, -1, 0.642335, 0.358628
4, 279, 1, 6, 1, 1, -1, 1, 0.410450, 0.212251
4, 280, 1, 0, 1, -1, -1, 0, 0.451161, 0.961333
4, 281, 3, 0, 1, 3, 1, 0, 0.703129, 0.551167
4, 282, 6, 5, 1, -1, 1, 1, 0.629116, 1.030448
4, 283, 4, 6, 1, 1, -1, 1, 0.576761, 0.834691
4, 284, 2, 0, 1, 1, 1, 0, 0.477047, 0.191537
4, 285, 3, 3, 1, 1, 1, 1, 0.536800, 0.230828
4, 286, 4, 0, 1, 1, 1, 0, 0.446144, 0.193252
4, 287, 3, 1, 1, 1, 1, 1, 0.747493, 1.184093
4, 288, 3, 5, 1, 1, 1, 1, 0.436912, 0.430191
4, 289, 5, 5, 1, 1, -1, 1, 0.484723, 0.300302
4, 290, 3, 2, 1, 1, -1, 1, 0.470673, 0.218375
4, 291, 4, 0, 1, 1, 1, 0, 0.377848, 0.383677
4, 292, 5, 4, 1, 1, -1, 1, 0.452508, 0.278612
4, 293, 1, 0, 1, 1, -1, 0, 0.418363, 0.192788
4, 294, 5, 2, 1, 1, -1, 1, 0.470793, 0.172441
4, 295, 3, 6, 1, 1, 1, 1, 0.530046, 0.113681
4, 296, 1, 0, 1, 1, 1, 0, 0.531840, 0.233468
4, 297, 1, 0, 1, 1, -1, 0, 0.359220, 0.219966
4, 298, 5, 4, 1, 1, 1, 1, 0.576583, 0.200145
4, 299, 1, 0, 0, 1, 1, 0, 0.391585, 0.285350
4, 300, 5, 0, 1, 1, 1, 0, 0.528356, 0.126085
4, 301, 4, 0, 1, 1, -1, 0, 0.561817, 1.260171
4, 302, 3, 0, 1, 1, 1, 0, 0.522945, 0.469919
4, 303, 1, 1, 1, 1, 1, 1, 0.595694, 0.464087
4, 304, 5, 0, 1, 1, 1, 0, 0.564226, 0.305260
4, 305, 3, 0, 1, 1, 1, 0, 0.455695, 0.263840
4, 306, 6, 0, 1, 1, 1, 0, 0.397140, 0.238305
4, 307, 3, 0, 1, 1, -1, 0, 0.443726, 0.231513
4, 308, 2, 2, 1, 1, 1, 1, 0.522821, 0.225752
4, 309, 5, 0, 1, 1, -1, 0, 0.371258, 0.284066
4, 310, 2, 0, 0, -1, -1, 0, 0.549964, 0.736108
4, 311, 1, 2, 0, 1, 1, 1, 0.465286, 1.397740
4, 312, 2, 0, 1, 1, -1, 0, 0.583803, 0.517601
4, 313, 6, 0, 1, 1, 1, 0, 0.591312, 0.333551
4, 314, 1, 0, 1, 1, -1, 0, 0.390727, 0.377368
4, 315, 3, 1, 1, -1, 1, -1, 0.576265, 0.797491
4, 316, 2, 0, 1, 1, -1, 0, 0.390251, 0.345324
4, 317, 5, 6, 1, 1, -1, -1, 0.542601, 0.405193
4, 318, 6, 0, 1, 3, 1, 0, 0.411066, 0.338742
4, 319, 3, 0, 1, 1, -1, 0, 0.397409, 0.357734
4, 320, 5, 0, 1, 1, -1, 0, 0.378832, 0.306080
4, 321, 3, 5, 1, -1, -1, -1, 0.847567, 0.425247
4, 322, 1, 6, 1, 1, -1, -1, 0.410375, 1.671883
4, 323, 4, 4, 1, -1, -1, -1, 0.687976, 0.628848
4, 324, 1, 3, 1, -1, -1, -1, 0.562865, 0.669347
4, 325, 3, 0, 1, 1, 1, 0, 0.436822, 0.693453
4, 326, 4, 0, 1, 1, -1, 0, 0.352703, 1.660562
4, 327, 6, 1, 1, 1, 1, 1, 0.516388, 0.219900
4, 328, 6, 3, 1, 1, 1, 1, 0.339007, 0.187235
4, 329, 2, 0, 1, 1, 1, 0, 0.377016, 0.153648
4, 330, 4, 6, 1, 1, -1, -1, 0.614815, 0.780668
4, 331, 1, 0, 1, 1, -1, 0, 0.358397, 0.303118
4, 332, 3, 0, 1, 1, 1, 0, 0.357848, 0.258737
4, 333, 1, 0, 1, 1, -1, 0, 0.319929, 0.219584
4, 334, 6, 2, 1, 1, 1, 1, 0.451755, 0.240025
4, 335, 4, 2, 1, -1, -1, -1, 0.344737, 0.969736
4, 336, 4, 2, 1, -1, 1, -1, 0.463120, 0.491626
4, 337, 4, 0, 0, 1, -1, 0, 0.522960, 1.697107
4, 338, 1, 0, 1, 1, -1, 0, 0.365185, 0.245398
4, 339, 3, 0, 1, -1, -1, 0, 0.352540, 0.822677
4, 340, 5, 3, 1, 1, 1, -1, 0.530566, 0.703043
4, 341, 3, 4, 1, -1, -1, 1, 1.259810, 0.768746
4, 342, 4, 0, 1, 1, 1, 0, 0.426124, 0.339444
4, 343, 4, 1, 0, -1, 1, -1, 0.862575, 0.552691
4, 344, 5, 0, 1, 1, 1, 0, 0.385747, 0.310316
4, 345, 1, 0, 1, 1, -1, 0, 0.391196, 0.258268
4, 346, 3, 1, 1, -1, -1, 1, 0.443950, 0.707894
4, 347, 6, 0, 1, 1, -1, 0, 0.351052, 0.829070
4, 348, 6, 1, 1, 1, -1, 1, 0.410689, 0.839142
4, 349, 2, 0, 1, 3, -1, 0, 0.404108, 0.344248
4, 350, 3, 0, 1, 1, -1, 0, 0.377465, 1.057348
4, 351, 3, 0, 1, 1, 1, 0, 0.502473, 0.713820
4, 352, 6, 3, 1, 1, -1, -1, 0.502507, 0.921887
4, 353, 6, 0, 1, 1, -1, 0, 0.298743, 0.311027
4, 354, 5, 0, 0, 3, 1, 0, 0.351817, 0.000000
4, 355, 4, 0, 1, 1, 1, 0, 0.405034, 0.438920
4, 356, 6, 1, 1, 1, -1, -1, 0.488919, 0.409846
4, 357, 1, 2, 1, 1, -1, -1, 0.419072, 0.397473
4, 358, 2, 0, 0, 3, -1, 0, 0.399811, 0.550544
4, 359, 1, 2, 0, 1, 1, -1, 0.484364, 0.763777
4, 360, 4, 1, 1, -1, -1, -1, 0.938257, 0.602326
4, 361, 6, 0, 1, 1, 1, 0, 0.549822, 0.861189
4, 362, 4, 0, 1, 1, 1, 0, 0.457313, 0.293109
4, 363, 6, 4, 0, -1, -1, -1, 0.497339, 1.477607
4, 364, 5, 0, 1, 1, -1, 0, 0.364944, 0.338706
4, 365, 5, 0, 1, 1, -1, 0, 0.416530, 0.290206
4, 366, 1, 4, 1, 1, -1, 1, 0.412139, 0.378788
4, 367, 5, 4, 1, 1, -1, 1, 0.391691, 0.437302
4, 368, 3, 1, 1, -1, 1, 1, 0.716453, 0.345256
4, 369, 6, 4, 0, 1, 1, -1, 0.389805, 1.028180
4, 370, 1, 6, 1, 1, -1, -1, 0.431690, 1.676992
4, 371, 3, 0, 1, 1, 1, 0, 0.384738, 0.372061
4, 372, 5, 6, 1, 1, -1, 1, 0.464475, 0.351091
4, 373, 2, 1, 1, 1, -1, 1, 0.529865, 0.371462
4, 374, 5, 0, 1, 1, -1, 0, 0.476463, 0.272369
4, 375, 5, 0, 0, 1, 1, 0, 0.482958, 1.202444
4, 376, 2, 6, 1, -1, -1, 1, 0.465169, 0.603187
4, 377, 2, 0, 0, 1, -1, 0, 0.636655, 1.469896
4, 378, 1, 0, 0, 1, 1, 0, 0.522875, 1.332956
4, 379, 4, 0, 0, 1, -1, 0, 0.437554, 1.197776
4, 380, 5, 3, 1, 1, -1, 1, 0.570008, 1.525958
4, 381, 1, 5, 1, -1, -1, 1, 0.503547, 0.826575
4, 382, 2, 3, 0, -1, 1, -1, 0.358201, 0.561073
4, 383, 5, 3, 1, 1, -1, -1, 0.465047, 0.834870
4, 384, 6, 1, 0, -1, 1, -1, 0.475684, 1.028715
4, 385, 4, 5, 0, 1, 1, 1, 0.450048, 0.910865
4, 386, 2, 0, 1, 1, 1, 0, 0.411419, 0.297822
4, 387, 3, 6, 0, 1, -1, 1, 0.443808, 1.571039
4, 388, 2, 0, 1, 1, -1, 0, 0.371331, 0.961929
4, 389, 5, 2, 1, 1, 1, 1, 0.518130, 0.409856
4, 390, 3, 0, 1, 1, -1, 0, 0.431555, 1.286072
4, 391, 1, 0, 0, 1, 1, 0, 0.430683, 0.781485
4, 392, 5, 0, 0, 1, -1, 0, 0.543538, 1.789290
4, 393, 5, 6, 0, 1, 1, 1, 0.398607, 0.989741
4, 394, 1, 3, 0, 1, 1, -1, 0.484629, 0.340033
4, 395, 3, 0, 1, 1, 1, 0, 0.510274, 0.780565
4, 396, 5, 0, 0, 1, -1, 0, 0.351338, 3.013914
4, 397, 4, 4, 1, 1, 1, -1, 0.563533, 0.340151
4, 398, 1, 0, 1, 1, 1, 0, 0.575046, 0.484645
4, 399, 1, 0, 1, 1, -1, 0, 0.376956, 0.768121
4, 400, 6, 5, 1, -1, -1, -1, 0.563547, 0.549453
4, 401, 1, 0, 1, 1, 1, 0, 0.529456, 0.806863
4, 402, 4, 5, 1, 1, -1, -1, 0.483803, 1.021683
4, 403, 2, 0, 0, 1, 1, 0, 0.423260, 0.357018
4, 404, 1, 3, 1, 1, -1, 1, 0.457493, 0.522348
4, 405, 6, 0, 1, 1, -1, 0, 0.490321, 0.325024
4, 406, 1, 0, 1, 1, 1, 0, 0.488979, 0.369997
4, 407, 6, 5, 1, 1, 1, 1, 0.517311, 0.317963
4, 408, 3, 6, 0, 1, -1, 1, 0.409785, 0.280106
4, 409, 3, 0, 1, 1, 1, 0, 0.397934, 0.259290
4, 410, 4, 4, 1, 1, 1, -1, 0.457373, 0.285899
4, 411, 4, 2, 1, -1, 1, 1, 0.523766, 0.483782
4, 412, 1, 2, 1, 1, -1, -1, 0.424359, 0.450421
4, 413, 5, 0, 1, 1, 1, 0, 0.371413, 0.299922
4, 414, 6, 0, 1, 1, -1, 0, 0.693160, 0.291061
4, 415, 1, 3, 0, 1, 1, -1, 0.577709, 0.901505
4, 416, 1, 0, 1, 1, 1, 0, 0.410160, 3.455650
4, 417, 4, 0, 0, 1, -1, 0, 0.543615, 0.814563
4, 418, 5, 0, 1, 1, -1, 0, 0.411262, 0.471679
4, 419, 2, 0, 1, 1, 1, 0, 0.543415, 0.253207
4, 420, 1, 0, 1, 1, -1, 0, 0.366274, 0.319229
4, 421, 4, 1, 1, -1, -1, 1, 0.548389, 0.475116
4, 422, 6, 2, 0, 1, 1, -1, 0.490288, 0.958017
4, 423, 1, 0, 1, 1, 1, 0, 0.622684, 0.305436
4, 424, 5, 0, 1, 1, -1, 0, 0.636449, 0.456683
4, 425, 2, 0, 1, 1, 1, 0, 0.531400, 0.304952
4, 426, 3, 0, 1, 1, 1, 0, 0.483967, 0.298047
4, 427, 6, 3, 0, 1, -1, 1, 0.504185, 8.392551
4, 428, 2, 1, 1, 1, 1, -1, 0.648203, 0.410683
4, 429, 4, 1, 1, 3, 1, 1, 0.491096, 0.292786
4, 430, 1, 2, 0, 1, -1, 1, 0.436447, 1.166174
4, 431, 6, 2, 1, 1, -1, -1, 0.648609, 0.351043
4, 432, 1, 5, 1, 1, 1, 1, 0.682645, 0.356724
4, 433, 6, 4, 1, 1, -1, 1, 0.391562, 0.377664
4, 434, 2, 2, 1, 1, -1, 1, 0.423674, 0.389855
4, 435, 6, 0, 1, 1, 1, 0, 0.457223, 0.317364
4, 436, 1, 0, 1, 1, -1, 0, 0.351381, 0.506238
4, 437, 2, 5, 1, 1, 1, 1, 0.517899, 0.299507
4, 438, 2, 0, 1, 1, 1, 0, 0.465689, 0.260370
4, 439, 6, 0, 1, 1, -1, 0, 0.575181, 0.490131
4, 440, 3, 2, 1, 1, -1, -1, 0.577319, 2.145092
4, 441, 4, 2, 0, -1, -1, 1, 0.503605, 0.417189
4, 442, 2, 4, 1, -1, 1, 1, 0.644174, 0.352826
4, 443, 1, 0, 1, 1, -1, 0, 0.488614, 0.410410
4, 444, 6, 5, 1, 1, 1, -1, 0.538897, 0.768590
4, 445, 2, 4, 1, -1, 1, -1, 0.530518, 0.659827
4, 446, 4, 0, 0, 1, -1, 0, 0.522661, 0.667914
4, 447, 1, 6, 0, -1, -1, 1, 0.450668, 1.692404
4, 448, 5, 1, 0, 1, 1, -1, 0.522208, 1.425352
4, 449, 5, 4, 0, 1, 1, -1, 0.424123, 0.879518
4, 450, 2, 6, 0, -1, 1, -1, 0.462289, 0.617493
4, 451, 6, 6, 1, 1, -1, -1, 0.482799, 0.372017
4, 452, 4, 0, 1, 1, 1, 0, 0.437499, 0.270963
4, 453, 2, 0, 1, 1, -1, 0, 0.362432, 0.272710
4, 454, 3, 4, 0, 1, -1, 1, 0.476390, 1.169641
4, 455, 3, 4, 1, 1, -1, -1, 0.475891, 0.245384
4, 456, 4, 5, 1, 1, 1, -1, 0.504964, 0.261117
4, 457, 4, 0, 1, 1, -1, 0, 0.478556, 0.279936
4, 458, 1, 6, 1, 1, 1, -1, 0.726018, 0.455630
4, 459, 5, 5, 1, 1, 1, 1, 0.529921, 0.529342
4, 460, 4, 3, 1, 1, 1, 1, 0.464074, 0.238901
4, 461, 1, 4, 1, 1, 1, -1, 0.687763, 0.370994
4, 462, 6, 0, 1, 1, -1, 0, 0.617767, 0.383386
4, 463, 5, 0, 1, 1, -1, 0, 0.403893, 0.325075
4, 464, 3, 0, 1, 1, -1, 0, 0.431681, 0.304857
4, 465, 1, 0, 1, 1, 1, 0, 0.429416, 0.199759
4, 466, 5, 0, 1, 1, 1, 0, 0.482562, 0.278204
4, 467, 3, 3, 1, 1, -1, -1, 0.522969, 0.259577
4, 468, 2, 6, 1, 1, -1, -1, 0.479064, 0.498256
4, 469, 2, 0, 1, 1, 1, 0, 0.498420, 0.214161
4, 470, 5, 0, 1, 1, -1, 0, 0.444714, 0.251942
4, 471, 1, 0, 1, 1, 1, 0, 0.437901, 0.310171
4, 472, 6, 0, 1, 1, -1, 0, 0.502201, 0.457241
4, 473, 2, 0, 1, 1, -1, 0, 0.483460, 0.272638
4, 474, 3, 0, 1, 1, -1, 0, 0.423738, 0.230889
4, 475, 6, 0, 1, 1, 1, 0, 0.437753, 0.319022
4, 476, 4, 5, 1, 1, 1, 1, 0.443841, 0.192805
4, 477, 4, 0, 1, 1, 1, 0, 0.446024, 0.265865
4, 478, 3, 0, 1, 1, -1, 0, 0.438961, 0.252487
4, 479, 1, 0, 1, 1, -1, 0, 0.418025, 0.231514
4, 480, 3, 0, 1, 1, 1, 0, 0.412799, 0.399962
4, 481, 5, 0, 1, 1, 1, 0, 0.405538, 0.259732
4, 482, 5, 5, 0, 1, 1, -1, 0.443811, 0.225355
4, 483, 6, 0, 1, 1, -1, 0, 0.398964, 0.265252
4, 484, 5, 1, 1, 1, 1, -1, 0.470382, 0.251313
4, 485, 6, 0, 0, 1, 1, 0, 0.378835, 0.278178
4, 486, 2, 0, 1, 1, 1, 0, 0.425495, 0.545224
4, 487, 2, 4, 0, -1, -1, 1, 0.562642, 1.148513
4, 488, 2, 0, 1, 1, -1, 0, 0.437048, 0.383108
4, 489, 2, 6, 1, 1, 1, 1, 0.416881, 1.161371
4, 490, 2, 0, 1, 1, 1, 0, 0.509980, 1.447283
4, 491, 2, 3, 1, 1, -1, 1, 0.370080, 0.588090
4, 492, 3, 4, 0, -1, -1, -1, 0.417859, 0.585981
4, 493, 6, 0, 1, -1, -1, 0, 0.391743, 0.444508
4, 494, 6, 3, 0, 1, 1, -1, 0.437152, 1.127543
4, 495, 5, 3, 1, 1, -1, -1, 0.490880, 0.522248
4, 496, 3, 0, 1, 3, 1, 0, 0.397786, 0.668808
4, 497, 5, 0, 1, 1, 1, 0, 0.424626, 0.345190
4, 498, 5, 0, 1, 1, 1, 0, 0.385710, 0.615726
4, 499, 2, 5, 0, 1, 1, -1, 0.590143, 1.262206
4, 500, 4, 0, 0, 1, -1, 0, 0.383566, 1.003594
4, 501, 6, 0, 1, 1, 1, 0, 0.590293, 0.589753
4, 502, 4, 0, 1, 1, 1, 0, 0.383760, 0.338481
4, 503, 1, 0, 0, 3, -1, 0, 0.403446, 0.814961
4, 504, 6, 6, 1, -1, 1, 1, 0.616313, 0.595780
4, 505, 5, 0, 1, 1, 1, 0, 0.370350, 0.363521
4, 506, 5, 0, 1, 1, 1, 0, 0.365041, 0.259920
4, 507, 3, 2, 0, 1, -1, 1, 0.531500, 2.614226
4, 508, 4, 3, 1, 1, 1, -1, 0.475031, 0.392155
4, 509, 6, 0, 1, -1, 1, 0, 0.510822, 0.902604
4, 510, 1, 1, 1, 1, -1, 1, 0.411509, 0.649799
4, 511, 1, 0, 1, 1, 1, 0, 0.451044, 0.238673
4, 512, 5, 0, 1, 1, 1, 0, 0.471367, 0.213604
4, 513, 4, 0, 1, 1, 1, 0, 0.385805, 0.339052
4, 514, 4, 1, 1, -1, 1, 1, 0.424050, 0.584032
4, 515, 1, 0, 1, 1, -1, 0, 0.438662, 0.365177
4, 516, 4, 2, 1, 1, -1, -1, 0.511265, 0.577080
4, 517, 3, 0, 1, 1, 1, 0, 0.463366, 0.508953
4, 518, 6, 0, 0, 1, -1, 0, 0.555944, 0.856939
4, 519, 3, 1, 0, 1, -1, -1, 0.449656, 0.490645
4, 520, 4, 3, 0, 3, -1, -1, 0.536784, 0.000000
4, 521, 5, 3, 1, 1, 1, 1, 0.531699, 0.710295
4, 522, 6, 0, 1, 1, -1, 0, 0.511260, 0.402598
4, 523, 2, 4, 1, 1, 1, -1, 0.491194, 0.543909
4, 524, 1, 0, 1, 1, -1, 0, 0.463098, 0.385215
4, 525, 6, 6, 1, -1, -1, 1, 0.450905, 0.575349
4, 526, 2, 0, 1, 1, -1, 0, 0.431690, 0.357287
4, 527, 2, 3, 0, 1, -1, -1, 0.595678, 0.713925
4, 528, 4, 3, 1, 1, 1, -1, 0.555482, 0.273229
4, 529, 3, 0, 0, 1, -1, 0, 0.404769, 0.595137
4, 530, 2, 3, 0, 1, 1, -1, 0.530925, 0.975371
4, 531, 3, 2, 1, -1, 1, 1, 0.676043, 0.871150
4, 532, 5, 4, 1, 1, -1, -1, 0.411147, 0.497331
4, 533, 3, 6, 1, 1, 1, 1, 0.588662, 0.391919
4, 534, 1, 4, 1, 3, -1, -1, 0.536417, 0.000000
4, 535, 6, 5, 1, 1, -1, -1, 0.417705, 0.271686
4, 536, 4, 0, 1, 1, -1, 0, 0.529067, 0.283200
4, 537, 4, 6, 1, 1, -1, 1, 0.550664, 0.252440
4, 538, 4, 4, 1, 1, -1, 1, 0.404173, 0.315995
4, 539, 4, 0, 1, 1, 1, 0, 0.424173, 0.330544
4, 540, 4, 0, 1, 1, 1, 0, 0.410763, 0.257973
4, 541, 2, 0, 1, 1, 1, 0, 0.403385, 0.251545
4, 542, 6, 3, 0, 1, 1, -1, 0.412363, 0.259460
4, 543, 2, 0, 1, 1, -1, 0, 0.525598, 0.298158
4, 544, 2, 4, 1, 1, 1, 1, 0.470772, 0.258207
4, 545, 3, 0, 1, 1, 1, 0, 0.482590, 0.239693
4, 546, 6, 0, 1, 3, -1, 0, 0.403870, 0.000000
4, 547, 1, 3, 1, 1, -1, -1, 0.497994, 0.266496
4, 548, 6, 5, 0, 1, 1, -1, 0.424011, 0.317794
4, 549, 5, 3, 1, 1, 1, 1, 0.543818, 0.264785
4, 550, 3, 1, 1, 1, 1, -1, 0.562091, 0.298132
4, 551, 2, 2, 0, 1, 1, 1, 0.525655, 0.862267
4, 552, 4, 6, 1, 1, 1, -1, 0.463685, 0.384920
4, 553, 3, 3, 1, 1, -1, 1, 0.510088, 0.199336
4, 554, 4, 2, 0, 1, -1, 1, 0.478470, 0.351954
4, 555, 1, 0, 1, 1, -1, 0, 0.437770, 0.271587
4, 556, 3, 5, 1, 1, -1, 1, 0.484478, 0.284604
4, 557, 1, 0, 1, 3, 1, 0, 0.424673, 0.000000
4, 558, 1, 0, 0, 1, 1, 0, 0.450602, 0.304243
4, 559, 2, 5, 1, 1, 1, -1, 0.702627, 0.186236
4, 560, 1, 0, 1, 1, 1, 0, 0.535766, 0.193564
4, 561, 5, 0, 1, 1, -1, 0, 0.417588, 0.244939
4, 562, 6, 1, 1, 1, -1, -1, 0.442970, 0.199242
4, 563, 1, 1, 1, 1, -1, -1, 0.424283, 0.239054
4, 564, 1, 1, 1, 1, 1, 1, 0.465470, 0.225208
4, 565, 4, 0, 1, 1, -1, 0, 0.457461, 0.191554
4, 566, 5, 0, 1, 1, -1, 0, 0.430776, 0.198836
4, 567, 3, 3, 1, 1, -1, 1, 0.478405, 0.179159
4, 568, 1, 0, 1, 1, -1, 0, 0.351506, 0.251410
4, 569, 5, 0, 1, 1, -1, 0, 0.417907, 0.676248
4, 570, 6, 3, 1, 1, 1, 1, 0.504226, 0.298665
4, 571, 2, 0, 0, 1, 1, 0, 0.530071, 1.069876
4, 572, 3, 5, 1, -1, 1, -1, 0.597425, 0.828573
4, 573, 3, 1, 1, 1, -1, -1, 0.438404, 0.259895
4, 574, 6, 0, 1, 1, -1, 0, 0.451079, 0.266317
4, 575, 1, 0, 1, 1, 1, 0, 0.464669, 0.200589
4, 576, 4, 0, 1, 1, -1, 0, 0.471801, 0.238462
4, 577, 4, 0, 1, 1, -1, 0, 0.391305, 0.205329
4, 578, 2, 2, 1, 1, -1, -1, 0.404080, 0.158339
4, 579, 6, 6, 1, 1, 1, 1, 0.416739, 0.140403
