observer, trial, targLoc, distLoc, targDiscrim, thoughtNoAttCap, tc, dc, RT, TrialTypeRT
8, 3, 4, 0, 1, 1, 1, 0, 0.717336, 2.970707
8, 4, 6, 0, 1, 1, 1, 0, 0.837920, 2.159569
8, 6, 2, 0, 0, -1, -1, 0, 0.690766, 3.813419
8, 7, 6, 0, 0, -1, -1, 0, 0.724054, 3.688657
8, 9, 1, 3, 0, 1, 1, -1, 1.228642, 4.507296
8, 10, 3, 0, 0, 1, -1, 0, 0.685104, 2.305357
8, 11, 6, 0, 0, 1, -1, 0, 0.683023, 5.137834
8, 12, 6, 0, 1, 3, 1, 0, 0.737346, 1.401649
8, 13, 1, 0, 0, 1, 1, 0, 0.657272, 4.006341
8, 15, 5, 1, 1, 1, 1, -1, 1.016782, 2.857292
8, 16, 3, 6, 1, 1, 1, -1, 0.798674, 1.935425
8, 17, 3, 0, 1, 1, 1, 0, 0.491191, 1.345044
8, 18, 5, 0, 1, 1, -1, 0, 0.452653, 0.832490
8, 19, 5, 0, 0, 1, 1, 0, 0.577177, 2.850421
8, 20, 4, 3, 0, 3, 1, -1, 0.946636, 0.872365
8, 21, 6, 0, 1, 1, 1, 0, 0.873551, 2.184079
8, 22, 2, 3, 0, -1, 1, -1, 0.753555, 8.462595
8, 23, 3, 1, 1, 1, 1, 1, 0.960157, 4.895515
8, 24, 2, 0, 1, 1, 1, 0, 0.686392, 3.066363
8, 25, 1, 1, 1, 1, 1, -1, 1.211444, 1.724581
8, 26, 1, 6, 1, 1, 1, -1, 1.365303, 1.867282
8, 27, 4, 1, 1, 1, 1, -1, 0.968701, 1.480016
8, 28, 4, 2, 1, 1, 1, 1, 0.901957, 1.301751
8, 29, 5, 5, 0, -1, -1, 1, 1.406453, 1.470168
8, 31, 4, 5, 1, 1, 1, -1, 1.105883, 1.556318
8, 32, 4, 1, 1, 1, -1, -1, 1.036260, 1.364743
8, 33, 5, 0, 1, 1, 1, 0, 1.068407, 1.599575
8, 34, 3, 2, 1, 1, 1, 1, 1.124556, 0.997543
8, 35, 2, 3, 0, 1, -1, -1, 0.975092, 2.670950
8, 37, 2, 0, 1, 1, 1, 0, 0.803603, 1.290252
8, 38, 3, 2, 1, 1, -1, -1, 1.005725, 3.736902
8, 39, 5, 5, 1, 1, 1, 1, 1.135871, 4.996681
8, 40, 4, 0, 1, 1, -1, 0, 0.790818, 0.752819
8, 41, 2, 0, 1, 1, -1, 0, 0.865990, 2.862659
8, 42, 4, 0, 1, 1, -1, 0, 0.869743, 1.275772
8, 43, 4, 0, 1, 1, 1, 0, 0.557716, 1.827889
8, 44, 6, 0, 0, 1, -1, 0, 0.764456, 2.406579
8, 45, 5, 0, 0, 1, -1, 0, 0.742615, 4.182236
8, 46, 3, 0, 0, 3, -1, 0, 0.796640, 2.288251
8, 47, 2, 3, 0, 1, 1, 1, 1.319835, 2.129413
8, 48, 3, 4, 1, 1, 1, -1, 1.133846, 1.412016
8, 49, 6, 0, 1, 1, 1, 0, 0.997345, 1.227430
8, 50, 4, 0, 1, 1, 1, 0, 0.937375, 1.144570
8, 51, 6, 6, 1, 1, -1, 1, 1.050373, 1.855553
8, 52, 3, 0, 1, 1, 1, 0, 0.870706, 1.677715
8, 53, 2, 0, 0, 1, -1, 0, 0.910575, 1.002969
8, 54, 4, 0, 0, -1, -1, 0, 1.227239, 2.175944
8, 55, 2, 0, 1, 1, 1, 0, 0.857196, 1.841292
8, 57, 3, 1, 1, 1, -1, 1, 0.981946, 1.333020
8, 58, 4, 3, 0, 1, -1, -1, 1.262758, 4.581905
8, 59, 1, 0, 1, 1, -1, 0, 1.130031, 3.733433
8, 60, 4, 0, 1, 1, -1, 0, 1.034439, 1.690255
8, 61, 5, 2, 1, 1, 1, 1, 1.150503, 1.653010
8, 62, 1, 5, 1, 1, 1, -1, 1.319058, 0.984739
8, 63, 2, 1, 1, 1, -1, -1, 0.923756, 2.665222
8, 64, 3, 0, 1, 1, -1, 0, 0.699066, 1.096953
8, 65, 1, 0, 1, 1, 1, 0, 0.592435, 0.853219
8, 66, 3, 0, 1, 1, 1, 0, 0.517387, 2.797685
8, 67, 1, 0, 0, 1, -1, 0, 0.564811, 2.258522
8, 68, 1, 0, 1, 1, -1, 0, 0.491553, 0.895927
8, 69, 2, 0, 1, 1, -1, 0, 0.466309, 1.236636
8, 70, 1, 6, 1, -1, -1, -1, 0.565846, 1.382639
8, 71, 2, 5, 1, 1, 1, 1, 0.645586, 1.264390
8, 72, 1, 6, 1, 1, 1, 1, 0.875881, 1.300720
8, 73, 3, 5, 1, -1, -1, -1, 1.044883, 0.738387
8, 74, 1, 0, 1, 1, -1, 0, 0.577144, 1.673614
8, 75, 3, 0, 1, 1, -1, 0, 0.496552, 3.130409
8, 76, 5, 0, 1, 1, 1, 0, 0.716302, 1.260199
8, 77, 2, 0, 1, 1, 1, 0, 0.611522, 1.528896
8, 78, 4, 0, 1, 1, -1, 0, 0.623190, 0.885232
8, 79, 2, 0, 1, 1, -1, 0, 0.750075, 2.125038
8, 80, 5, 2, 1, -1, -1, 1, 0.734634, 1.351888
8, 81, 6, 1, 1, 1, -1, -1, 0.687410, 2.678212
8, 82, 5, 2, 1, 1, -1, 1, 0.715905, 1.537047
8, 83, 4, 0, 1, 1, 1, 0, 0.671795, 1.244380
8, 84, 5, 0, 1, 1, 1, 0, 0.659450, 1.018964
8, 85, 5, 3, 1, 1, 1, -1, 0.678562, 1.236498
8, 86, 5, 0, 1, 1, -1, 0, 0.473042, 1.023204
8, 87, 5, 1, 1, 1, -1, 1, 0.644844, 0.933950
8, 88, 4, 0, 1, 1, 1, 0, 0.592881, 1.997693
8, 89, 5, 6, 1, 1, -1, -1, 0.793240, 1.112777
8, 90, 3, 1, 1, 1, 1, -1, 0.722634, 1.177375
8, 91, 4, 5, 1, -1, -1, -1, 0.717388, 1.147164
8, 92, 4, 2, 1, 1, 1, -1, 0.519638, 1.955385
8, 93, 3, 3, 1, 1, 1, -1, 0.809301, 1.161465
8, 94, 6, 0, 1, 1, -1, 0, 0.651397, 0.870773
8, 95, 2, 6, 1, -1, 1, -1, 1.056933, 0.870159
8, 96, 1, 0, 1, 1, 1, 0, 0.611095, 1.061463
8, 97, 1, 2, 1, -1, -1, 1, 1.253635, 1.195727
8, 98, 2, 1, 1, 1, -1, 1, 0.911598, 1.380513
8, 99, 1, 0, 1, 1, -1, 0, 0.599001, 1.145187
8, 100, 5, 0, 1, 1, 1, 0, 0.690791, 1.631875
8, 101, 5, 0, 1, 1, 1, 0, 0.783912, 1.731497
8, 102, 2, 0, 1, 1, 1, 0, 0.684675, 2.056022
8, 104, 1, 5, 1, -1, -1, -1, 0.824592, 1.586638
8, 105, 4, 0, 1, 1, 1, 0, 0.605181, 1.254786
8, 106, 2, 2, 1, 1, 1, -1, 0.930772, 1.286944
8, 107, 5, 4, 1, 1, 1, 1, 0.836754, 0.795050
8, 108, 5, 0, 1, 1, 1, 0, 0.592385, 1.085438
8, 109, 3, 0, 1, 1, -1, 0, 0.637631, 1.202775
8, 110, 4, 5, 1, -1, 1, 1, 0.691345, 1.127851
8, 111, 1, 0, 1, 1, -1, 0, 0.511735, 1.185027
8, 112, 4, 2, 1, 1, -1, 1, 0.505189, 0.903768
8, 113, 6, 4, 1, -1, -1, -1, 1.014506, 1.114742
8, 114, 5, 0, 1, 1, -1, 0, 0.519268, 1.775537
8, 115, 1, 3, 1, 1, 1, -1, 0.758904, 1.130737
8, 116, 5, 0, 1, 1, -1, 0, 0.484132, 1.560309
8, 117, 6, 0, 1, 1, 1, 0, 0.638470, 1.904524
8, 118, 1, 4, 1, 1, -1, 1, 0.762783, 0.810633
8, 119, 2, 4, 1, 1, 1, -1, 0.848373, 1.511633
8, 120, 5, 0, 1, 1, 1, 0, 0.596687, 1.704697
8, 121, 4, 3, 1, 1, -1, 1, 0.633456, 1.971015
8, 122, 2, 2, 1, 3, 1, 1, 0.698484, 1.601029
8, 123, 6, 0, 1, 1, 1, 0, 0.757189, 1.068820
8, 124, 6, 0, 1, 1, -1, 0, 0.583614, 0.744243
8, 125, 6, 6, 1, 1, -1, -1, 0.585577, 0.769290
8, 126, 1, 4, 1, 1, 1, 1, 0.631938, 0.956627
8, 127, 3, 0, 1, 1, 1, 0, 0.616098, 0.834120
8, 128, 3, 2, 0, 1, -1, 1, 0.779207, 2.923594
8, 129, 2, 6, 1, 1, -1, -1, 0.758596, 1.051571
8, 130, 1, 0, 1, 1, 1, 0, 0.573519, 0.989414
8, 131, 5, 6, 1, 1, -1, 1, 0.996183, 0.785509
8, 132, 6, 0, 0, 1, 1, 0, 0.723471, 1.752748
8, 133, 3, 5, 1, 1, -1, 1, 1.433318, 1.053434
8, 134, 1, 1, 1, 1, 1, -1, 1.029070, 1.309327
8, 135, 6, 0, 1, 1, -1, 0, 0.698573, 0.545478
8, 136, 2, 5, 1, -1, 1, -1, 1.319043, 0.963953
8, 137, 6, 0, 1, 1, -1, 0, 0.639555, 2.038637
8, 138, 5, 4, 0, -1, -1, -1, 0.943339, 3.035130
8, 139, 5, 2, 1, 1, 1, -1, 0.576825, 1.683378
8, 140, 3, 5, 1, 1, -1, 1, 0.897359, 0.857254
8, 141, 1, 4, 1, 1, -1, -1, 0.798773, 0.613624
8, 142, 1, 4, 1, -1, -1, -1, 0.909244, 2.103100
8, 143, 1, 0, 1, 1, 1, 0, 0.650908, 1.075954
8, 144, 6, 0, 1, 1, -1, 0, 0.779360, 0.640152
8, 145, 6, 0, 1, 1, 1, 0, 0.571823, 0.651372
8, 146, 5, 0, 1, 1, 1, 0, 0.957092, 0.577684
8, 147, 4, 0, 1, 1, -1, 0, 0.859336, 0.818005
8, 148, 4, 0, 1, 1, 1, 0, 0.776935, 1.163320
8, 149, 2, 0, 1, 1, 1, 0, 0.610663, 1.076027
8, 150, 1, 0, 1, 1, 1, 0, 0.706251, 1.375413
8, 151, 6, 0, 1, 1, 1, 0, 0.750607, 1.355439
8, 152, 6, 0, 1, 1, 1, 0, 0.609664, 1.023239
8, 153, 2, 0, 1, 1, 1, 0, 0.546935, 1.363777
8, 154, 4, 0, 1, 1, 1, 0, 0.739430, 0.618987
8, 155, 2, 4, 1, 1, 1, 1, 0.883803, 1.577457
8, 156, 5, 5, 1, 1, -1, -1, 0.868988, 1.954303
8, 157, 1, 4, 1, 1, 1, -1, 0.784012, 1.296084
8, 158, 4, 0, 0, 1, -1, 0, 0.650505, 2.700445
8, 159, 5, 5, 1, -1, -1, -1, 0.771090, 1.244416
8, 160, 2, 0, 1, 1, 1, 0, 0.606802, 1.474009
8, 161, 5, 0, 1, 1, 1, 0, 0.659569, 0.910074
8, 162, 5, 0, 1, 1, 1, 0, 0.693837, 1.124292
8, 163, 1, 5, 1, 1, -1, 1, 0.962003, 0.770760
8, 164, 2, 6, 1, 1, -1, 1, 0.849011, 0.797000
8, 165, 2, 0, 1, 1, 1, 0, 0.666627, 0.944999
8, 166, 6, 4, 1, -1, -1, 1, 1.287584, 1.431001
8, 167, 3, 0, 1, 1, 1, 0, 1.029600, 0.885512
8, 168, 5, 5, 1, -1, 1, -1, 1.281459, 0.791715
8, 169, 1, 0, 0, 1, -1, 0, 0.737199, 2.962458
8, 170, 3, 4, 1, -1, -1, -1, 1.040789, 1.766780
8, 171, 1, 0, 1, 1, 1, 0, 0.617669, 1.080296
8, 172, 4, 1, 1, 1, 1, -1, 0.758922, 0.735767
8, 173, 4, 0, 1, 1, 1, 0, 0.649880, 1.254344
8, 174, 5, 3, 1, -1, -1, 1, 0.812575, 0.920564
8, 175, 2, 2, 1, 1, -1, -1, 0.881103, 1.357255
8, 176, 6, 4, 1, 1, -1, -1, 0.791195, 1.571823
8, 177, 3, 6, 1, 1, 1, 1, 0.665768, 1.043697
8, 178, 2, 6, 1, 1, 1, 1, 1.194360, 0.770439
8, 179, 2, 0, 1, 1, -1, 0, 0.691509, 0.491981
8, 180, 1, 0, 1, 1, -1, 0, 0.738408, 0.520583
8, 181, 3, 0, 1, 1, 1, 0, 0.643863, 0.692379
8, 182, 1, 1, 1, -1, -1, 1, 0.706001, 1.085686
8, 183, 2, 0, 1, 1, 1, 0, 0.558460, 0.792070
8, 184, 2, 5, 1, 1, 1, -1, 0.802814, 0.735778
8, 185, 4, 0, 1, 1, -1, 0, 0.742778, 0.615236
8, 186, 2, 2, 1, 1, 1, 1, 0.857390, 0.604590
8, 187, 6, 1, 1, 1, 1, 1, 0.738418, 0.966292
8, 188, 4, 2, 1, -1, 1, 1, 0.797203, 1.797989
8, 189, 2, 1, 1, 1, 1, 1, 0.976002, 2.010841
8, 190, 2, 2, 1, 1, -1, 1, 0.789909, 0.901500
8, 191, 3, 0, 1, 3, 1, 0, 0.576622, 0.889848
8, 192, 3, 1, 0, -1, -1, -1, 0.711554, 1.627801
8, 193, 4, 0, 1, 1, -1, 0, 0.638290, 2.885225
8, 194, 4, 5, 0, 1, -1, -1, 0.433027, 1.709871
8, 195, 1, 0, 1, 1, 1, 0, 0.556705, 0.783333
8, 196, 3, 0, 1, 1, 1, 0, 0.656923, 1.634676
8, 197, 6, 0, 1, 1, -1, 0, 0.591504, 1.015057
8, 198, 1, 5, 1, 1, 1, 1, 0.869256, 0.644211
8, 199, 1, 2, 1, 1, 1, -1, 0.726000, 0.636816
8, 200, 3, 0, 1, 1, -1, 0, 0.638278, 1.892749
8, 201, 6, 5, 1, -1, -1, -1, 0.876610, 0.975878
8, 202, 2, 0, 1, 1, -1, 0, 0.681068, 1.225540
8, 203, 3, 2, 1, 1, 1, 1, 0.558967, 1.479748
8, 204, 4, 0, 1, 1, 1, 0, 0.571205, 1.180608
8, 205, 3, 0, 1, 1, 1, 0, 0.644403, 0.871508
8, 206, 3, 0, 1, 1, -1, 0, 0.686793, 0.798271
8, 207, 5, 0, 1, 1, 1, 0, 0.723445, 0.657284
8, 208, 6, 3, 1, -1, 1, -1, 1.141349, 1.075979
8, 209, 4, 6, 1, 1, -1, 1, 0.970471, 1.169886
8, 210, 1, 2, 0, -1, 1, 1, 1.370178, 0.798821
8, 211, 4, 3, 1, -1, -1, -1, 0.738844, 1.785296
8, 212, 1, 0, 1, -1, 1, 0, 0.842316, 1.182026
8, 213, 3, 6, 1, 1, 1, 1, 0.645675, 0.724651
8, 214, 6, 0, 1, 1, -1, 0, 0.685114, 0.782751
8, 215, 1, 0, 1, 1, 1, 0, 0.585279, 0.724749
8, 216, 5, 0, 1, 1, 1, 0, 0.725083, 0.756098
8, 217, 5, 5, 1, 1, -1, 1, 0.676314, 0.629012
8, 218, 5, 2, 1, 1, 1, -1, 0.810516, 0.673324
8, 219, 4, 3, 1, -1, 1, -1, 0.936870, 1.282468
8, 220, 5, 0, 1, 1, 1, 0, 0.703264, 1.408389
8, 221, 6, 2, 1, 1, 1, -1, 0.736978, 1.262568
8, 222, 5, 6, 1, 1, 1, 1, 0.895218, 1.326473
8, 223, 3, 0, 1, 1, 1, 0, 0.744653, 1.239787
8, 224, 4, 0, 1, 1, -1, 0, 0.560281, 0.479814
8, 225, 3, 3, 1, -1, 1, 1, 1.008011, 1.028812
8, 226, 3, 1, 1, 1, 1, 1, 0.756210, 1.153277
8, 227, 1, 0, 1, 1, 1, 0, 0.948511, 0.981580
8, 228, 5, 3, 1, 1, 1, -1, 0.757035, 0.998461
8, 229, 4, 0, 1, 1, -1, 0, 0.583510, 1.040353
8, 230, 1, 2, 1, -1, 1, -1, 0.793048, 1.676958
8, 231, 3, 0, 1, 1, 1, 0, 0.789687, 1.487491
8, 232, 5, 0, 1, 1, -1, 0, 0.610748, 1.169529
8, 233, 3, 6, 1, 1, -1, -1, 0.746221, 1.149313
8, 234, 3, 0, 1, 1, -1, 0, 0.578437, 0.544649
8, 235, 1, 2, 1, -1, 1, 1, 1.331364, 0.638272
8, 236, 4, 1, 1, 1, -1, 1, 0.858182, 2.451758
8, 237, 6, 0, 1, 1, -1, 0, 0.565377, 1.617159
8, 238, 1, 0, 1, 1, -1, 0, 0.645793, 0.507015
8, 239, 3, 6, 1, 1, -1, 1, 0.627387, 0.520084
8, 240, 2, 0, 1, 1, -1, 0, 0.697057, 0.605652
8, 241, 4, 6, 1, 1, -1, -1, 0.954193, 0.459637
8, 242, 3, 5, 1, -1, 1, -1, 1.301827, 0.677193
8, 243, 3, 0, 1, 1, -1, 0, 0.744228, 0.505421
8, 244, 4, 0, 1, 1, -1, 0, 0.539059, 0.605677
8, 245, 1, 5, 1, 1, -1, 1, 0.709069, 0.678168
8, 246, 1, 6, 1, 1, 1, -1, 0.843727, 0.579467
8, 247, 2, 0, 1, 1, 1, 0, 0.696150, 0.506952
8, 248, 5, 6, 1, 1, -1, 1, 0.848106, 0.592589
8, 249, 6, 4, 1, -1, -1, 1, 1.188415, 0.550351
8, 250, 3, 3, 1, -1, -1, -1, 0.890837, 1.287951
8, 251, 6, 6, 1, 1, -1, -1, 0.809875, 1.023385
8, 252, 1, 1, 1, -1, 1, 1, 1.006161, 1.330010
8, 253, 6, 2, 1, 1, 1, 1, 0.996287, 1.162665
8, 254, 4, 0, 1, 1, 1, 0, 0.797056, 0.786854
8, 255, 6, 1, 1, -1, 1, 1, 0.991429, 1.025123
8, 256, 3, 4, 1, -1, 1, -1, 0.956913, 0.532739
8, 257, 2, 6, 1, -1, 1, -1, 1.151076, 2.072077
8, 258, 6, 4, 0, -1, 1, -1, 0.964812, 0.970188
8, 259, 5, 0, 1, 1, 1, 0, 0.704820, 1.465933
8, 260, 2, 5, 1, 1, 1, 1, 1.072392, 0.879213
8, 261, 5, 0, 1, 1, 1, 0, 0.744975, 0.483986
8, 262, 3, 2, 1, -1, 1, -1, 1.072399, 1.069532
8, 263, 5, 0, 1, 3, -1, 0, 0.604268, 0.000000
8, 264, 4, 3, 1, 1, 1, 1, 0.765516, 0.653259
8, 265, 6, 6, 1, 1, 1, 1, 0.678523, 0.691099
8, 266, 5, 0, 1, 1, 1, 0, 0.617557, 0.479309
8, 267, 2, 6, 1, 1, -1, 1, 0.719408, 0.559782
8, 268, 4, 0, 1, 1, -1, 0, 0.546598, 0.728989
8, 269, 5, 3, 0, 1, -1, -1, 0.682492, 1.552917
8, 270, 1, 0, 1, 1, 1, 0, 0.545177, 0.405889
8, 271, 1, 0, 1, 1, 1, 0, 0.559178, 0.539443
8, 272, 5, 2, 1, 1, 1, 1, 0.677815, 0.464872
8, 273, 2, 1, 1, 1, -1, -1, 0.696649, 1.015340
8, 274, 6, 0, 1, 1, 1, 0, 0.611117, 0.905396
8, 275, 2, 0, 1, 1, -1, 0, 0.545556, 0.500795
8, 276, 4, 5, 1, 1, -1, 1, 0.644013, 0.757555
8, 277, 6, 0, 1, 1, -1, 0, 0.905062, 0.790757
8, 278, 2, 1, 1, 1, -1, 1, 0.757532, 0.597384
8, 279, 1, 6, 1, 1, -1, 1, 0.897971, 0.642984
8, 280, 2, 0, 1, 1, 1, 0, 0.546702, 0.466714
8, 281, 6, 0, 1, 1, -1, 0, 0.691786, 1.004894
8, 282, 5, 0, 1, 1, 1, 0, 0.606861, 0.440153
8, 283, 4, 0, 0, 1, -1, 0, 0.426666, 0.999317
8, 284, 1, 4, 1, 1, 1, 1, 0.943730, 2.360737
8, 285, 2, 0, 1, 1, 1, 0, 0.818369, 6.418946
8, 286, 5, 3, 1, 1, 1, 1, 0.942947, 0.789460
8, 287, 5, 4, 1, 1, -1, -1, 0.613372, 0.751252
8, 288, 6, 0, 1, 1, 1, 0, 0.638103, 1.307222
8, 289, 5, 2, 1, 1, -1, -1, 0.733930, 0.446387
8, 290, 2, 0, 0, 1, -1, 0, 0.764617, 1.475773
8, 291, 5, 4, 1, 1, 1, -1, 0.591042, 0.653346
8, 292, 4, 3, 1, 1, -1, 1, 0.640636, 0.638988
8, 293, 2, 0, 1, 1, -1, 0, 0.543821, 1.082188
8, 294, 6, 0, 1, 1, 1, 0, 0.647399, 0.752700
8, 295, 3, 0, 1, 1, -1, 0, 0.665446, 0.762888
8, 296, 4, 0, 1, 1, -1, 0, 0.578882, 0.533691
8, 297, 4, 0, 1, 1, -1, 0, 0.590521, 0.646177
8, 298, 3, 0, 1, 1, -1, 0, 0.552287, 2.227666
8, 299, 3, 0, 1, 1, -1, 0, 0.436671, 0.889571
8, 300, 6, 1, 1, -1, -1, -1, 0.895944, 0.876050
8, 301, 5, 0, 1, 1, -1, 0, 0.592210, 1.064076
8, 302, 2, 6, 1, -1, -1, -1, 0.750475, 1.089024
8, 303, 4, 4, 1, -1, 1, -1, 0.544014, 0.764220
8, 304, 6, 1, 1, 1, -1, 1, 0.692446, 1.792570
8, 305, 2, 0, 1, 1, 1, 0, 0.619101, 1.753070
8, 306, 5, 0, 1, 1, -1, 0, 0.693037, 2.006422
8, 307, 6, 0, 1, 1, 1, 0, 0.875516, 1.121880
8, 308, 1, 0, 1, 1, -1, 0, 0.425974, 0.796678
8, 309, 4, 0, 1, 1, -1, 0, 0.656377, 0.697964
8, 310, 5, 0, 0, 1, -1, 0, 0.664031, 1.067200
8, 311, 1, 3, 1, 1, 1, 1, 0.650846, 2.439732
8, 312, 6, 2, 1, 1, 1, -1, 0.881268, 1.665577
8, 313, 1, 3, 1, 1, 1, 1, 1.127047, 0.659690
8, 314, 3, 0, 1, 1, -1, 0, 0.790940, 0.982970
8, 315, 6, 6, 1, 1, 1, -1, 0.889544, 0.648545
8, 316, 3, 0, 1, 1, 1, 0, 0.592000, 0.764737
8, 317, 2, 0, 1, 1, -1, 0, 0.599187, 0.652376
8, 318, 3, 0, 1, 3, -1, 0, 0.564251, 0.940011
8, 319, 5, 0, 1, 1, -1, 0, 0.579433, 0.824518
8, 320, 6, 4, 1, -1, 1, 1, 0.663790, 1.034916
8, 321, 6, 2, 1, 1, -1, 1, 0.725827, 1.629859
8, 322, 1, 0, 1, 1, 1, 0, 0.584977, 1.091015
8, 323, 2, 0, 1, 1, 1, 0, 0.571312, 0.783025
8, 324, 2, 0, 1, 1, 1, 0, 0.566686, 0.860370
8, 325, 6, 5, 1, 1, 1, -1, 0.858933, 0.653004
8, 326, 5, 1, 1, 1, 1, 1, 0.852059, 0.567545
8, 327, 1, 5, 1, 1, 1, -1, 0.762223, 0.666368
8, 328, 1, 6, 1, 1, 1, 1, 0.698922, 0.687152
8, 329, 6, 3, 1, -1, -1, 1, 0.844436, 0.928005
8, 330, 4, 0, 1, 1, -1, 0, 0.684459, 1.336702
8, 331, 5, 6, 1, 1, 1, -1, 0.731948, 0.705718
8, 332, 6, 5, 1, 1, -1, -1, 0.860457, 0.684295
8, 333, 1, 5, 1, 1, 1, 1, 0.857506, 0.579953
8, 334, 6, 2, 1, -1, -1, -1, 0.885108, 0.730955
8, 335, 6, 1, 1, -1, -1, 1, 0.844166, 2.475726
8, 336, 2, 3, 1, -1, -1, 1, 0.696827, 0.744995
8, 337, 5, 0, 1, 1, -1, 0, 0.546471, 1.118213
8, 338, 3, 5, 1, -1, 1, 1, 0.531262, 0.758886
8, 339, 6, 1, 1, 1, 1, -1, 1.165667, 0.530650
8, 340, 5, 0, 1, 1, 1, 0, 0.706689, 1.023569
8, 341, 2, 4, 1, 1, -1, 1, 0.764387, 0.933883
8, 342, 4, 6, 1, 1, 1, 1, 0.699556, 0.682400
8, 343, 5, 0, 1, 1, -1, 0, 0.631446, 0.811408
8, 344, 1, 0, 1, 1, -1, 0, 0.403896, 0.527116
8, 345, 4, 4, 1, -1, 1, -1, 0.617817, 1.438630
8, 346, 6, 0, 1, 1, 1, 0, 0.708626, 0.531194
8, 347, 6, 5, 1, -1, 1, 1, 0.771196, 1.798500
8, 348, 6, 0, 1, 1, -1, 0, 0.564590, 0.577297
8, 349, 5, 3, 1, 1, -1, -1, 0.649736, 1.053386
8, 350, 5, 5, 1, 1, 1, -1, 0.698841, 0.851411
8, 351, 4, 0, 1, 1, 1, 0, 0.617720, 1.848925
8, 352, 4, 4, 1, 1, -1, 1, 0.637962, 0.761555
8, 353, 2, 0, 1, 1, 1, 0, 0.691492, 0.574717
8, 354, 5, 0, 1, 1, -1, 0, 0.632651, 0.663266
8, 355, 5, 6, 1, 1, -1, -1, 0.750361, 0.760686
8, 356, 2, 0, 1, 1, -1, 0, 0.590911, 0.958126
8, 357, 3, 4, 1, 1, -1, -1, 0.553977, 0.666568
8, 358, 2, 1, 1, 1, 1, -1, 0.705908, 0.559683
8, 359, 3, 0, 1, 1, 1, 0, 0.646013, 0.752905
8, 360, 1, 0, 1, 1, 1, 0, 0.698147, 0.579194
8, 361, 6, 0, 1, 1, 1, 0, 0.613205, 0.485427
8, 362, 4, 6, 1, 1, 1, -1, 0.651721, 0.524500
8, 363, 2, 0, 1, 1, 1, 0, 0.632158, 0.559925
8, 364, 2, 2, 1, -1, -1, 1, 0.658005, 1.132647
8, 365, 6, 0, 1, 1, -1, 0, 0.582998, 0.578166
8, 366, 3, 0, 1, 1, 1, 0, 0.585334, 0.517712
8, 367, 2, 0, 1, 1, -1, 0, 0.547307, 1.105679
8, 368, 5, 0, 1, 1, 1, 0, 0.642406, 0.417703
8, 369, 3, 0, 1, 1, 1, 0, 0.592447, 0.458392
8, 370, 1, 0, 1, 1, 1, 0, 0.610170, 0.663550
8, 371, 4, 0, 1, 1, 1, 0, 0.365593, 0.537577
8, 372, 5, 0, 1, 1, -1, 0, 0.518762, 0.912717
8, 373, 4, 5, 0, 1, -1, 1, 0.431233, 0.644330
8, 374, 3, 3, 1, 1, 1, 1, 0.724804, 0.530025
8, 375, 3, 0, 1, 1, -1, 0, 0.678442, 0.372936
8, 376, 5, 2, 1, -1, -1, -1, 0.677952, 1.297033
8, 377, 2, 3, 1, -1, -1, -1, 0.550399, 0.848194
8, 378, 5, 3, 1, 1, -1, 1, 0.583960, 0.657636
8, 379, 4, 0, 1, 1, 1, 0, 0.546698, 0.753303
8, 380, 2, 2, 1, -1, -1, -1, 0.571971, 1.152214
8, 381, 3, 0, 1, 1, -1, 0, 0.564953, 0.644819
8, 382, 5, 1, 1, -1, -1, -1, 0.790879, 1.001181
8, 383, 3, 1, 1, 1, 1, -1, 0.781083, 0.479153
8, 384, 1, 2, 1, 1, -1, -1, 0.859438, 1.433184
8, 385, 4, 4, 1, 1, -1, 1, 0.685164, 0.611769
8, 386, 6, 0, 1, 1, -1, 0, 0.578886, 0.445374
8, 387, 3, 2, 1, -1, -1, 1, 0.719518, 0.764943
8, 388, 6, 0, 1, 1, 1, 0, 0.609929, 0.718394
8, 389, 3, 6, 1, 1, -1, 1, 0.677214, 0.585506
8, 390, 2, 4, 1, 1, -1, -1, 0.726017, 0.518983
8, 391, 3, 2, 1, -1, 1, -1, 0.717438, 0.731359
8, 392, 4, 6, 1, 1, -1, -1, 0.819565, 0.738112
8, 393, 6, 0, 1, 1, 1, 0, 0.711118, 0.612660
8, 394, 2, 0, 1, 1, -1, 0, 0.533440, 1.291407
8, 395, 4, 0, 1, 1, -1, 0, 0.518547, 0.678786
8, 396, 3, 0, 1, 1, -1, 0, 0.505079, 0.658088
8, 397, 6, 1, 1, 1, 1, -1, 0.591604, 0.671634
8, 398, 5, 0, 1, 1, 1, 0, 0.379993, 0.963423
8, 399, 1, 3, 1, 1, -1, 1, 0.451567, 1.155064
8, 400, 2, 0, 1, 1, -1, 0, 0.473205, 0.824801
8, 401, 6, 2, 0, 1, -1, 1, 0.650570, 0.623663
8, 402, 1, 6, 1, 1, -1, -1, 0.778577, 0.791500
8, 403, 4, 0, 1, 1, 1, 0, 0.539288, 0.730533
8, 404, 2, 5, 0, 1, -1, 1, 0.759069, 0.772088
8, 405, 5, 4, 1, 1, 1, -1, 0.899505, 0.632336
8, 406, 3, 3, 1, 1, -1, 1, 0.752274, 1.223552
8, 407, 4, 2, 1, 1, -1, -1, 0.756219, 1.459648
8, 408, 5, 6, 1, 1, 1, 1, 0.765165, 0.571636
8, 409, 2, 3, 1, 1, 1, 1, 0.716277, 0.622817
8, 410, 4, 0, 1, 1, 1, 0, 0.608327, 1.055351
8, 411, 5, 0, 1, 1, 1, 0, 0.605449, 0.704084
8, 412, 5, 0, 1, 1, -1, 0, 0.573665, 0.767620
8, 413, 1, 6, 1, 1, -1, 1, 0.571086, 0.655943
8, 414, 1, 5, 1, 1, -1, -1, 0.525615, 1.371363
8, 415, 1, 0, 1, 1, -1, 0, 0.546328, 0.765372
8, 416, 3, 4, 1, 1, -1, 1, 0.727385, 0.698381
8, 417, 4, 0, 1, 1, 1, 0, 0.414898, 0.484809
8, 418, 4, 0, 1, 1, 1, 0, 0.544794, 0.531978
8, 419, 1, 0, 1, 1, 1, 0, 0.610933, 0.731903
8, 420, 1, 0, 1, 1, -1, 0, 0.533141, 0.799458
8, 421, 6, 0, 1, 1, -1, 0, 0.564550, 1.660344
8, 422, 2, 0, 1, 1, -1, 0, 0.426480, 1.152046
8, 423, 2, 0, 1, 1, 1, 0, 0.558128, 0.612526
8, 424, 4, 4, 0, 1, -1, -1, 0.845193, 0.722378
8, 425, 3, 0, 1, 1, -1, 0, 0.666062, 0.500568
8, 426, 3, 3, 1, -1, 1, -1, 0.796580, 1.382501
8, 427, 1, 2, 1, -1, -1, 1, 1.362790, 0.672810
8, 428, 6, 6, 1, 1, 1, 1, 0.705809, 1.182335
8, 429, 4, 0, 1, 1, 1, 0, 0.558610, 0.492849
8, 430, 3, 0, 1, 1, 1, 0, 0.618634, 0.659812
8, 431, 2, 0, 1, 1, -1, 0, 0.579104, 0.471850
8, 432, 1, 0, 1, 1, -1, 0, 0.486691, 0.567275
8, 433, 6, 2, 1, -1, 1, 1, 0.756472, 1.017216
8, 434, 3, 0, 1, 1, 1, 0, 0.725281, 0.525980
8, 435, 3, 0, 1, 1, -1, 0, 0.585830, 1.717256
8, 436, 3, 0, 1, 1, -1, 0, 0.632558, 0.705692
8, 437, 5, 3, 1, -1, 1, 1, 0.497936, 1.412461
8, 438, 4, 0, 1, 1, -1, 0, 0.573763, 1.673196
8, 439, 3, 5, 1, -1, -1, -1, 0.776130, 0.731398
8, 440, 6, 3, 1, -1, 1, 1, 1.037867, 0.705212
8, 441, 2, 0, 1, -1, 1, 0, 0.633028, 1.695722
8, 442, 3, 6, 1, -1, -1, -1, 0.882184, 0.606644
8, 443, 3, 1, 1, -1, -1, -1, 0.707018, 0.612295
8, 444, 4, 0, 1, 1, 1, 0, 0.844067, 0.487540
8, 445, 1, 0, 1, 1, 1, 0, 0.726288, 0.645899
8, 446, 6, 2, 1, 1, -1, -1, 0.797253, 0.784187
8, 447, 2, 5, 1, -1, -1, -1, 0.617678, 1.287350
8, 448, 5, 1, 1, 1, 1, 1, 0.499333, 0.889826
8, 449, 6, 0, 1, 1, 1, 0, 0.659253, 0.870411
8, 450, 2, 0, 1, 1, 1, 0, 0.786530, 0.906316
8, 451, 2, 4, 1, 1, -1, 1, 0.964404, 0.958077
8, 452, 3, 4, 1, 1, 1, 1, 0.532236, 0.626295
8, 453, 6, 5, 1, 1, -1, 1, 0.891318, 0.743947
8, 454, 4, 0, 1, 1, 1, 0, 0.558365, 1.100335
8, 455, 3, 2, 1, 1, -1, -1, 0.791591, 0.537666
8, 456, 3, 5, 1, -1, 1, -1, 0.564991, 0.850593
8, 457, 5, 0, 1, 1, -1, 0, 0.671646, 0.715989
8, 458, 6, 3, 1, -1, -1, -1, 0.856708, 0.538654
8, 459, 1, 0, 1, 1, -1, 0, 0.480082, 1.214372
8, 460, 6, 4, 1, 1, 1, -1, 0.619771, 0.965343
8, 461, 5, 0, 1, 1, -1, 0, 0.660000, 1.058807
8, 462, 1, 0, 1, -1, 1, 0, 0.644507, 1.980736
8, 463, 2, 3, 1, 1, 1, -1, 0.829375, 0.637347
8, 464, 3, 0, 1, 1, -1, 0, 0.639792, 0.614704
8, 465, 4, 0, 1, 1, -1, 0, 1.114832, 1.227719
8, 466, 4, 4, 1, 1, 1, 1, 0.673300, 1.189108
8, 467, 4, 5, 1, 1, 1, -1, 0.690141, 1.181550
8, 468, 1, 3, 1, -1, -1, -1, 0.826633, 0.558946
8, 469, 3, 0, 1, 1, 1, 0, 0.619412, 1.376958
8, 470, 6, 4, 0, -1, 1, 1, 0.852222, 1.143017
8, 471, 4, 1, 1, -1, 1, 1, 0.695643, 1.091388
8, 472, 4, 2, 1, 1, -1, -1, 0.930178, 0.834868
8, 473, 6, 3, 1, -1, 1, -1, 1.404948, 0.659823
8, 474, 4, 0, 1, 1, 1, 0, 0.722101, 1.036978
8, 475, 2, 0, 1, 1, 1, 0, 0.679134, 0.565038
8, 476, 2, 5, 1, 1, -1, 1, 0.584915, 0.544498
8, 477, 1, 0, 1, 1, -1, 0, 0.585152, 0.471967
8, 478, 3, 4, 1, 1, -1, 1, 0.761893, 0.676710
8, 479, 1, 4, 1, 1, 1, -1, 0.937220, 1.259225
8, 480, 1, 0, 1, 1, -1, 0, 0.566567, 0.630327
8, 481, 2, 0, 1, 1, -1, 0, 0.533563, 0.531801
8, 482, 2, 6, 1, 1, 1, 1, 0.643127, 0.537588
8, 483, 4, 0, 1, 1, -1, 0, 1.082837, 0.638251
8, 484, 6, 0, 1, 1, -1, 0, 0.688314, 0.347141
8, 485, 5, 1, 1, 1, 1, -1, 0.560849, 0.401810
8, 486, 1, 0, 1, 1, -1, 0, 0.690500, 0.552691
8, 487, 6, 3, 1, -1, -1, -1, 1.121249, 0.731653
8, 488, 6, 0, 1, 1, 1, 0, 0.585172, 0.631050
8, 489, 1, 1, 0, 1, -1, 1, 0.757839, 0.811383
8, 490, 6, 0, 0, 1, 1, 0, 0.785967, 0.610889
8, 491, 5, 0, 1, 1, -1, 0, 0.698475, 0.977360
8, 492, 3, 0, 1, 1, -1, 0, 0.908011, 0.398662
8, 493, 6, 0, 1, 1, 1, 0, 0.629815, 0.517938
8, 494, 6, 6, 1, 1, -1, 1, 0.757110, 0.532086
8, 495, 2, 0, 1, 1, -1, 0, 0.657007, 0.604382
8, 496, 3, 3, 1, -1, -1, 1, 0.828517, 1.520003
8, 497, 1, 0, 1, 1, -1, 0, 0.556267, 1.435057
8, 498, 2, 1, 1, 1, 1, -1, 0.744773, 0.472668
8, 499, 4, 6, 1, 1, -1, 1, 0.950073, 0.824719
8, 500, 6, 0, 1, 1, -1, 0, 0.598645, 0.563942
8, 502, 4, 0, 1, 1, 1, 0, 0.552190, 0.293764
8, 503, 6, 5, 1, 1, -1, 1, 0.703346, 0.616080
8, 504, 1, 3, 1, 1, -1, 1, 0.391196, 0.949216
8, 505, 2, 0, 1, 1, -1, 0, 0.566487, 0.528463
8, 506, 5, 0, 1, 1, -1, 0, 0.519687, 0.552477
8, 507, 3, 0, 1, 1, -1, 0, 0.591452, 0.485704
8, 508, 1, 0, 1, 1, 1, 0, 0.506082, 0.527247
8, 509, 3, 0, 1, 1, 1, 0, 0.486216, 0.591478
8, 510, 6, 0, 1, 1, 1, 0, 0.644338, 0.538066
8, 511, 1, 0, 1, 1, 1, 0, 0.572792, 1.047129
8, 512, 6, 0, 1, 1, 1, 0, 0.530032, 0.675193
8, 513, 4, 2, 1, 1, -1, 1, 0.639332, 0.619438
8, 514, 6, 0, 1, 1, -1, 0, 0.545244, 0.839404
8, 515, 3, 0, 1, 1, 1, 0, 0.471660, 0.653439
8, 516, 4, 2, 1, 1, 1, -1, 0.691013, 0.490507
8, 517, 5, 4, 1, -1, -1, 1, 0.665804, 0.758504
8, 518, 3, 0, 1, 1, 1, 0, 0.558193, 1.191927
8, 519, 2, 5, 1, -1, -1, -1, 0.942017, 0.571658
8, 520, 2, 4, 1, 1, -1, -1, 0.640216, 1.453674
8, 521, 3, 6, 1, 1, 1, -1, 0.626404, 1.116390
8, 522, 2, 2, 1, -1, 1, -1, 0.871308, 0.943776
8, 523, 1, 0, 1, 1, 1, 0, 0.577650, 0.611641
8, 524, 3, 0, 1, 1, 1, 0, 0.585546, 0.605646
8, 525, 5, 0, 1, 1, -1, 0, 0.617341, 0.650578
8, 526, 4, 4, 1, 1, 1, 1, 0.571151, 0.133177
8, 527, 1, 2, 1, 1, -1, -1, 0.704788, 0.624279
8, 528, 1, 0, 1, 1, -1, 0, 0.412713, 0.549459
8, 529, 1, 0, 1, 1, -1, 0, 0.445391, 0.530129
8, 530, 2, 0, 1, 1, -1, 0, 0.869132, 0.392080
8, 531, 5, 0, 0, 1, -1, 0, 0.405215, 0.424835
8, 532, 5, 0, 1, 1, -1, 0, 0.506158, 0.392504
8, 533, 6, 5, 1, 1, 1, -1, 0.751860, 0.465599
8, 534, 2, 0, 1, 1, 1, 0, 0.715846, 0.364146
8, 535, 2, 3, 0, 1, -1, 1, 0.730742, 0.505512
8, 536, 1, 0, 1, 1, -1, 0, 0.487128, 0.280029
8, 537, 1, 0, 1, 1, 1, 0, 0.539211, 0.456524
8, 538, 4, 1, 1, -1, -1, -1, 1.037075, 0.573084
8, 539, 3, 5, 1, -1, 1, 1, 0.710734, 1.322568
8, 540, 2, 0, 1, 1, -1, 0, 1.002304, 0.566499
8, 541, 2, 0, 1, 1, -1, 0, 0.638430, 0.485568
8, 542, 5, 4, 1, 1, 1, 1, 0.799348, 0.513790
8, 543, 4, 4, 1, 1, -1, -1, 0.658422, 0.340454
8, 544, 6, 0, 1, 1, -1, 0, 0.724578, 0.485397
8, 545, 3, 4, 1, -1, 1, 1, 1.030946, 0.600516
8, 546, 5, 5, 1, -1, 1, 1, 0.796257, 0.850696
8, 547, 2, 4, 1, -1, 1, -1, 1.065048, 0.590756
8, 548, 4, 0, 1, 1, 1, 0, 0.666059, 0.970273
8, 549, 5, 0, 1, 1, 1, 0, 0.607553, 0.841795
8, 550, 5, 0, 1, 1, 1, 0, 0.453073, 0.447232
8, 551, 4, 6, 1, 1, 1, -1, 0.738040, 0.605926
8, 552, 1, 3, 1, -1, -1, -1, 1.084580, 0.825339
8, 553, 4, 3, 1, 1, 1, 1, 0.625092, 0.612808
8, 554, 6, 0, 1, 1, -1, 0, 0.918584, 0.562704
8, 555, 2, 1, 0, 3, 1, 1, 0.738003, 0.000000
8, 556, 6, 0, 1, 1, -1, 0, 0.644694, 0.496539
8, 557, 1, 0, 1, 1, 1, 0, 0.604779, 0.413592
8, 558, 4, 1, 1, 3, 1, 1, 0.626829, 0.905673
8, 559, 2, 0, 1, 1, 1, 0, 0.730416, 0.572289
8, 560, 3, 0, 1, 1, 1, 0, 0.545535, 0.890478
8, 561, 4, 0, 1, 1, -1, 0, 0.572246, 0.446257
8, 562, 6, 3, 1, -1, -1, 1, 0.769702, 1.075671
8, 563, 1, 0, 1, 1, -1, 0, 0.419107, 1.196378
8, 564, 5, 1, 1, -1, -1, -1, 1.028629, 2.322095
8, 565, 5, 0, 1, 1, -1, 0, 0.592184, 1.265538
8, 566, 2, 4, 1, -1, 1, 1, 0.757230, 0.685741
8, 567, 3, 1, 1, 1, -1, 1, 0.725956, 0.671576
8, 568, 3, 0, 1, 1, 1, 0, 0.550899, 0.546496
8, 569, 4, 5, 1, -1, 1, 1, 0.632036, 0.900206
8, 570, 4, 1, 1, 1, -1, 1, 0.744554, 0.436756
8, 571, 1, 0, 1, 1, -1, 0, 0.513136, 1.266490
8, 572, 5, 1, 1, 1, -1, 1, 0.838427, 0.850715
8, 573, 1, 1, 1, 1, 1, 1, 0.991329, 0.563956
8, 574, 1, 1, 1, 1, -1, -1, 0.565009, 0.479773
8, 575, 6, 6, 1, 1, 1, -1, 0.908602, 0.638017
8, 576, 3, 0, 1, 1, -1, 0, 0.672240, 0.540200
8, 577, 4, 0, 1, 1, -1, 0, 0.565630, 0.441015
8, 578, 5, 4, 1, -1, -1, 1, 0.722894, 0.916269
8, 579, 3, 3, 1, 1, -1, -1, 0.810917, 1.439142
8, 580, 1, 4, 1, 1, -1, 1, 0.698900, 0.845909
8, 581, 5, 6, 1, 1, 1, -1, 0.704085, 0.584659
8, 582, 4, 6, 1, 1, 1, 1, 0.834206, 0.898753
8, 583, 6, 0, 1, 1, -1, 0, 0.626727, 0.521280
8, 584, 6, 5, 0, -1, 1, 1, 0.790331, 1.208299
8, 585, 6, 3, 0, 1, 1, 1, 1.088930, 0.648593
8, 586, 1, 1, 0, 1, -1, -1, 0.744546, 0.975751
