observer, trial, targLoc, distLoc, targDiscrim, thoughtNoAttCap, tc, dc, RT, TrialTypeRT
3, 1, 1, 0, 1, 1, -1, 0, 2.154513, 3.345274
3, 2, 3, 0, 1, 1, 1, 0, 8.944528, 7.543562
3, 3, 3, 0, 1, 1, -1, 0, 1.488993, 1.683543
3, 4, 6, 4, 1, -1, 1, 1, 4.972621, 0.513668
3, 5, 5, 0, 1, 1, -1, 0, 1.337385, 2.338462
3, 6, 2, 5, 1, 1, -1, 1, 2.248951, 2.017935
3, 7, 2, 0, 1, 1, 1, 0, 1.081122, 2.014931
3, 8, 5, 3, 1, 1, 1, -1, 1.855991, 2.749951
3, 9, 1, 1, 1, 1, -1, -1, 1.968635, 2.030108
3, 10, 3, 0, 1, 1, -1, 0, 1.096179, 1.242793
3, 11, 1, 5, 1, 1, -1, 1, 1.799408, 2.152493
3, 12, 2, 0, 1, 1, 1, 0, 1.077300, 1.320537
3, 13, 6, 0, 1, 1, -1, 0, 0.987746, 1.286812
3, 14, 1, 5, 1, 1, 1, 1, 1.401643, 2.092955
3, 15, 1, 0, 1, 1, -1, 0, 1.081427, 1.450532
3, 16, 5, 0, 1, 1, 1, 0, 0.964060, 1.606365
3, 17, 6, 0, 1, 1, 1, 0, 0.978334, 1.102527
3, 18, 3, 0, 1, 1, -1, 0, 0.914225, 0.948486
3, 19, 4, 1, 1, 1, -1, -1, 2.384460, 2.137761
3, 20, 4, 1, 1, 1, 1, -1, 1.577787, 1.515053
3, 21, 1, 6, 1, 1, -1, -1, 1.360007, 1.443630
3, 22, 4, 4, 1, 1, 1, 1, 1.471054, 1.159657
3, 23, 4, 6, 1, 1, -1, 1, 2.142782, 1.197551
3, 24, 5, 3, 1, 1, 1, 1, 1.381447, 1.531709
3, 25, 1, 3, 1, 1, 1, 1, 1.823216, 1.143330
3, 26, 4, 2, 1, 1, 1, -1, 1.668281, 2.391800
3, 27, 1, 0, 1, 1, -1, 0, 0.974679, 1.035281
3, 28, 5, 4, 1, 1, -1, -1, 1.186146, 0.923701
3, 29, 5, 4, 1, 1, -1, 1, 1.279472, 1.160157
3, 30, 6, 3, 1, 1, -1, 1, 1.172518, 0.803390
3, 31, 6, 1, 1, 1, 1, 1, 1.419481, 1.554412
3, 32, 3, 2, 1, 1, -1, -1, 1.419282, 0.724090
3, 33, 5, 0, 1, 1, 1, 0, 0.955650, 1.393086
3, 34, 6, 2, 1, 1, -1, 1, 1.261508, 0.926238
3, 35, 2, 0, 1, 1, -1, 0, 0.817056, 1.061364
3, 36, 1, 0, 1, 1, -1, 0, 0.784406, 1.133221
3, 37, 5, 3, 1, 1, 1, -1, 1.515664, 1.404030
3, 38, 3, 0, 1, 1, 1, 0, 1.035889, 0.915186
3, 39, 5, 3, 1, -1, -1, 1, 1.927303, 2.756602
3, 40, 1, 0, 1, 1, -1, 0, 1.025694, 1.027796
3, 41, 1, 2, 1, 1, 1, 1, 1.650189, 0.998022
3, 42, 4, 1, 1, 1, -1, 1, 1.678847, 0.882289
3, 43, 5, 0, 1, 1, 1, 0, 1.056525, 0.923318
3, 44, 5, 6, 1, 1, 1, -1, 1.187844, 1.022582
3, 45, 5, 4, 1, 1, 1, -1, 1.140110, 0.857201
3, 46, 6, 5, 1, 1, -1, -1, 1.218849, 0.596562
3, 47, 6, 1, 1, 1, 1, -1, 1.144726, 0.830486
3, 48, 5, 5, 1, 1, -1, 1, 0.917124, 0.775488
3, 49, 5, 5, 1, 1, -1, 1, 0.836493, 0.999862
3, 50, 2, 0, 1, 1, 1, 0, 0.717016, 1.100687
3, 51, 3, 4, 1, -1, -1, 1, 1.715309, 1.536461
3, 52, 3, 4, 1, 1, 1, -1, 1.100868, 0.824693
3, 53, 5, 0, 1, 1, 1, 0, 0.949290, 0.850905
3, 54, 2, 6, 1, 1, 1, 1, 1.178727, 1.084661
3, 55, 3, 5, 1, 1, -1, 1, 1.042524, 1.049091
3, 56, 2, 6, 1, 1, 1, -1, 1.089428, 0.829884
3, 57, 3, 6, 1, 1, 1, 1, 2.091337, 1.135158
3, 58, 5, 6, 1, 1, -1, -1, 0.892622, 0.623725
3, 59, 3, 2, 1, 1, 1, -1, 1.056705, 0.916183
3, 60, 1, 2, 1, 1, -1, 1, 1.114581, 0.883388
3, 61, 3, 0, 1, 1, 1, 0, 0.963843, 0.950788
3, 62, 6, 3, 1, -1, 1, -1, 2.169541, 0.696164
3, 63, 3, 0, 1, 1, 1, 0, 0.879762, 0.955746
3, 64, 2, 4, 1, 1, 1, -1, 1.055186, 0.637118
3, 65, 5, 0, 1, 1, -1, 0, 0.797500, 0.984084
3, 66, 1, 0, 1, 1, 1, 0, 0.654947, 1.073753
3, 67, 2, 0, 1, 1, -1, 0, 0.735654, 1.186907
3, 68, 6, 0, 1, 1, 1, 0, 0.685118, 0.843514
3, 69, 1, 1, 1, 1, 1, 1, 1.562358, 0.947975
3, 70, 1, 1, 1, 1, 1, 1, 1.031321, 0.843641
3, 71, 4, 6, 1, 1, -1, -1, 1.093043, 1.082180
3, 72, 4, 6, 1, 1, 1, -1, 0.875517, 0.758005
3, 73, 1, 3, 1, 1, -1, 1, 0.916418, 0.803813
3, 74, 2, 0, 1, 1, -1, 0, 0.664671, 0.845973
3, 75, 3, 0, 1, 1, 1, 0, 0.757503, 0.863330
3, 76, 6, 0, 1, 1, 1, 0, 0.603567, 0.979567
3, 77, 1, 0, 1, 1, 1, 0, 0.745530, 0.607875
3, 78, 1, 4, 1, 1, 1, -1, 0.657041, 0.564149
3, 79, 6, 3, 1, 1, -1, -1, 0.672632, 0.741179
3, 80, 4, 2, 1, -1, -1, -1, 1.457644, 0.662863
3, 81, 4, 4, 1, 1, -1, 1, 0.757048, 0.882148
3, 82, 6, 0, 1, 1, -1, 0, 0.635786, 0.541908
3, 83, 2, 5, 1, 1, -1, -1, 1.448904, 0.622331
3, 84, 4, 1, 1, 1, 1, 1, 0.997474, 0.740272
3, 85, 2, 6, 1, 1, -1, -1, 0.797185, 1.091772
3, 86, 1, 1, 1, 1, -1, 1, 0.920096, 0.556378
3, 87, 2, 3, 1, 1, -1, 1, 0.987544, 0.919275
3, 88, 6, 5, 1, 1, 1, -1, 0.995037, 0.621511
3, 89, 1, 4, 1, 1, 1, -1, 1.028327, 0.712100
3, 90, 4, 6, 1, 1, 1, -1, 1.344050, 0.865736
3, 91, 2, 6, 1, 1, 1, 1, 0.829285, 0.703767
3, 92, 6, 0, 1, 1, -1, 0, 0.668541, 0.835123
3, 93, 6, 2, 1, 1, 1, -1, 0.665353, 0.592654
3, 94, 1, 4, 1, 1, -1, -1, 0.864394, 0.852187
3, 95, 6, 6, 1, 1, -1, 1, 0.725773, 0.567351
3, 96, 2, 0, 1, 1, -1, 0, 0.703517, 0.657172
3, 97, 1, 0, 1, 1, -1, 0, 0.684800, 0.641048
3, 98, 5, 2, 1, 1, 1, -1, 1.267204, 0.399795
3, 99, 2, 0, 1, 1, -1, 0, 0.597503, 0.837157
3, 100, 6, 0, 1, 1, -1, 0, 0.609775, 0.873142
3, 101, 4, 0, 1, 1, -1, 0, 1.078771, 1.028562
3, 102, 3, 1, 1, 1, 1, -1, 0.960733, 0.824443
3, 103, 1, 0, 1, 1, 1, 0, 0.811452, 0.739608
3, 104, 3, 0, 1, 1, 1, 0, 0.764910, 0.493977
3, 105, 5, 0, 1, 1, 1, 0, 0.722567, 0.631449
3, 106, 2, 0, 1, 1, -1, 0, 0.655842, 0.769384
3, 107, 4, 0, 1, 1, -1, 0, 0.629064, 0.681259
3, 108, 6, 4, 1, 1, -1, 1, 1.299723, 0.511057
3, 109, 6, 0, 1, 1, 1, 0, 0.603304, 0.591651
3, 110, 1, 5, 1, 1, -1, 1, 0.844997, 0.555311
3, 111, 3, 0, 1, 1, -1, 0, 0.598278, 0.800053
3, 112, 6, 0, 1, 1, 1, 0, 0.646134, 0.598903
3, 113, 3, 0, 1, 1, -1, 0, 0.618498, 0.518413
3, 114, 1, 0, 1, 1, -1, 0, 0.577799, 0.568905
3, 115, 1, 0, 1, 1, -1, 0, 0.516325, 0.524033
3, 116, 5, 0, 1, 1, 1, 0, 0.695375, 0.794123
3, 117, 1, 1, 1, 1, -1, 1, 0.815073, 0.576988
3, 118, 2, 0, 1, 1, 1, 0, 0.678457, 0.737057
3, 119, 5, 0, 1, 1, 1, 0, 0.625771, 0.689429
3, 120, 1, 2, 1, 1, 1, 1, 0.649301, 0.750573
3, 121, 5, 0, 1, 1, -1, 0, 0.576789, 0.709417
3, 122, 4, 0, 1, 1, -1, 0, 0.570370, 2.282886
3, 123, 3, 0, 1, 1, 1, 0, 0.822553, 0.768544
3, 124, 4, 0, 1, 1, 1, 0, 0.682507, 0.805255
3, 125, 3, 0, 1, 1, 1, 0, 0.631047, 0.817135
3, 126, 3, 0, 1, 1, 1, 0, 0.579857, 0.744577
3, 127, 4, 0, 1, 1, -1, 0, 0.689722, 0.675705
3, 128, 4, 4, 1, 1, -1, -1, 1.398213, 0.554858
3, 129, 5, 0, 1, 1, -1, 0, 0.920303, 0.505789
3, 130, 3, 0, 1, 1, 1, 0, 0.636159, 0.688478
3, 131, 6, 6, 1, 1, 1, -1, 1.255658, 0.533073
3, 132, 4, 0, 1, 1, 1, 0, 0.748115, 0.704341
3, 133, 2, 0, 1, 1, -1, 0, 0.696580, 0.545865
3, 134, 6, 4, 1, 1, 1, 1, 1.066517, 0.625011
3, 135, 3, 6, 1, 1, 1, -1, 0.788810, 0.543941
3, 136, 5, 1, 1, -1, 1, -1, 1.735309, 1.266884
3, 137, 2, 0, 1, 1, 1, 0, 0.740763, 0.914949
3, 138, 6, 2, 1, 1, 1, 1, 1.540390, 0.558488
3, 139, 1, 0, 1, 1, -1, 0, 0.796637, 0.896706
3, 140, 2, 0, 1, 1, -1, 0, 0.683308, 0.583955
3, 141, 6, 0, 1, 1, -1, 0, 0.860807, 0.498282
3, 142, 3, 0, 1, 1, -1, 0, 0.816484, 0.740139
3, 143, 5, 0, 1, 1, -1, 0, 0.855096, 0.685937
3, 144, 6, 4, 1, 1, -1, -1, 1.007506, 0.834267
3, 145, 5, 1, 1, 1, -1, -1, 1.953181, 1.158898
3, 146, 2, 1, 1, 1, 1, 1, 2.014544, 1.054529
3, 147, 6, 0, 1, 1, -1, 0, 1.073000, 0.857485
3, 148, 6, 0, 1, 1, -1, 0, 0.993666, 2.111573
3, 149, 2, 0, 1, 1, -1, 0, 0.896190, 0.887994
3, 150, 2, 1, 1, 1, -1, -1, 1.093055, 0.504348
3, 151, 4, 1, 1, 1, 1, 1, 1.101268, 0.718896
3, 152, 4, 0, 1, 1, 1, 0, 0.824218, 0.742601
3, 153, 3, 1, 1, 1, -1, -1, 0.767546, 0.636042
3, 154, 5, 0, 1, 1, -1, 0, 0.765072, 0.537618
3, 155, 6, 3, 1, 1, 1, -1, 0.976709, 0.729322
3, 156, 2, 4, 1, 1, -1, -1, 1.056162, 0.578409
3, 157, 5, 0, 1, 1, 1, 0, 0.643862, 0.935111
3, 158, 2, 0, 1, 1, 1, 0, 0.688840, 0.827361
3, 159, 3, 0, 1, 1, 1, 0, 0.679296, 0.814885
3, 160, 4, 6, 1, -1, 1, 1, 1.391266, 1.103891
3, 161, 2, 3, 1, 1, 1, 1, 1.037391, 0.831648
3, 162, 4, 0, 1, 1, -1, 0, 0.724898, 0.591494
3, 163, 4, 0, 1, 1, -1, 0, 0.732176, 0.824427
3, 164, 2, 3, 1, 1, 1, -1, 0.947610, 0.699853
3, 165, 6, 0, 1, 1, -1, 0, 0.681246, 0.623286
3, 166, 2, 0, 1, 1, -1, 0, 0.728860, 0.768632
3, 167, 6, 4, 1, 1, -1, 1, 0.957800, 1.003451
3, 168, 1, 0, 1, 1, 1, 0, 0.817560, 0.711526
3, 169, 5, 6, 1, 1, -1, 1, 1.158880, 0.555888
3, 170, 4, 2, 1, -1, 1, 1, 1.635413, 0.777877
3, 171, 2, 0, 1, 1, -1, 0, 0.696630, 0.926846
3, 172, 2, 0, 1, 1, -1, 0, 0.555037, 0.919678
3, 173, 3, 0, 1, 1, -1, 0, 0.802951, 0.856878
3, 174, 3, 3, 1, 1, -1, -1, 0.777558, 1.209944
3, 175, 5, 0, 1, 1, 1, 0, 0.731535, 0.660210
3, 176, 3, 0, 1, 1, -1, 0, 0.769444, 0.698191
3, 177, 4, 5, 1, 1, 1, 1, 1.239982, 0.954752
3, 178, 4, 4, 1, 1, 1, -1, 1.153302, 0.535893
3, 179, 5, 0, 1, 1, -1, 0, 0.691159, 0.968677
3, 180, 3, 0, 1, 1, 1, 0, 0.707806, 0.734864
3, 181, 1, 1, 1, 1, 1, -1, 0.747153, 0.961716
3, 182, 3, 0, 1, 1, 1, 0, 0.697955, 0.692632
3, 183, 5, 0, 1, 1, 1, 0, 0.775510, 0.753049
3, 184, 4, 3, 1, 1, 1, -1, 1.064432, 0.798496
3, 185, 6, 0, 1, 1, 1, 0, 0.696481, 0.710017
3, 186, 1, 2, 1, 1, -1, 1, 0.761977, 0.747939
3, 187, 6, 0, 1, 1, 1, 0, 0.689154, 0.703235
3, 188, 6, 1, 1, 1, -1, 1, 0.645027, 0.736474
3, 189, 5, 3, 1, 1, -1, 1, 0.725190, 0.619073
3, 190, 5, 0, 1, 1, 1, 0, 0.728888, 0.595285
3, 191, 1, 0, 1, 1, -1, 0, 0.728827, 0.636866
3, 192, 4, 0, 1, 1, 1, 0, 0.709393, 0.679035
3, 193, 1, 3, 1, 1, -1, 1, 1.024098, 0.847622
3, 194, 5, 3, 1, 1, -1, -1, 0.698505, 0.702660
3, 195, 5, 1, 1, 1, 1, 1, 1.305509, 0.477321
3, 196, 4, 4, 1, 1, 1, -1, 0.902382, 0.658024
3, 197, 6, 1, 1, 1, -1, 1, 0.975600, 0.866688
3, 198, 1, 0, 1, 1, 1, 0, 0.741438, 0.668826
3, 199, 1, 0, 1, 1, 1, 0, 0.866284, 0.718761
3, 200, 4, 0, 1, 1, 1, 0, 0.828611, 0.737462
3, 201, 5, 2, 1, 1, 1, 1, 1.052296, 0.584568
3, 202, 4, 6, 1, 1, -1, 1, 0.842186, 0.525675
3, 203, 3, 5, 1, 1, -1, 1, 0.690237, 0.636753
3, 204, 3, 0, 1, 1, -1, 0, 0.630277, 0.705424
3, 205, 2, 0, 1, 1, 1, 0, 0.650983, 0.881304
3, 206, 2, 0, 1, 1, -1, 0, 0.684870, 0.836986
3, 207, 6, 0, 1, 1, 1, 0, 0.724275, 0.892202
3, 208, 6, 0, 1, 1, 1, 0, 0.649607, 1.422927
3, 209, 5, 0, 1, 1, -1, 0, 0.728435, 0.859153
3, 210, 3, 5, 1, 1, 1, 1, 0.909229, 0.656914
3, 211, 4, 0, 1, 1, 1, 0, 0.628039, 0.728200
3, 212, 2, 2, 1, 1, 1, -1, 0.762748, 0.769427
3, 213, 3, 0, 1, 1, -1, 0, 0.694915, 0.583231
3, 214, 3, 0, 1, 1, 1, 0, 0.690500, 0.656545
3, 215, 2, 2, 1, 1, -1, 1, 0.781892, 0.782323
3, 216, 1, 5, 1, 1, -1, -1, 0.697171, 0.767456
3, 217, 1, 1, 1, 1, 1, -1, 0.961418, 0.584414
3, 218, 3, 0, 1, 1, 1, 0, 0.711831, 0.940301
3, 219, 6, 5, 1, 1, 1, 1, 1.354031, 0.598089
3, 220, 3, 2, 1, 1, -1, -1, 0.983480, 0.603769
3, 221, 1, 4, 1, 1, -1, 1, 1.222055, 0.764372
3, 222, 3, 6, 1, 1, 1, 1, 1.518160, 0.875304
3, 223, 4, 0, 1, 1, 1, 0, 0.729562, 0.702203
3, 224, 2, 2, 1, 1, -1, -1, 0.728931, 0.883392
3, 225, 3, 0, 1, 1, -1, 0, 0.703480, 0.765159
3, 226, 4, 5, 1, 1, -1, 1, 0.810561, 0.818262
3, 227, 5, 6, 1, 1, -1, -1, 0.774447, 1.185352
3, 228, 2, 2, 1, 1, 1, 1, 0.794369, 0.945072
3, 229, 3, 0, 1, 1, -1, 0, 0.652023, 0.778388
3, 230, 6, 0, 1, 1, -1, 0, 0.682620, 0.734484
3, 231, 5, 5, 1, 1, 1, 1, 1.186365, 0.664670
3, 232, 1, 2, 1, 1, 1, -1, 0.770135, 0.798979
3, 233, 6, 0, 1, 1, 1, 0, 0.809478, 0.618444
3, 234, 4, 3, 1, 1, -1, 1, 1.482109, 0.001004
3, 235, 1, 0, 1, 1, -1, 0, 0.718241, 0.598912
3, 236, 5, 4, 1, 1, 1, -1, 0.743750, 0.001036
3, 237, 2, 1, 1, 1, 1, -1, 1.115249, 0.636754
3, 238, 3, 0, 1, 1, 1, 0, 0.676386, 0.796151
3, 239, 3, 0, 1, 1, 1, 0, 0.586097, 0.809621
3, 240, 4, 0, 1, 1, -1, 0, 0.611351, 0.762990
3, 241, 3, 5, 1, 1, 1, -1, 0.726774, 1.040032
3, 242, 5, 2, 1, 1, -1, 1, 0.846485, 0.685065
3, 243, 6, 0, 1, 1, 1, 0, 0.678732, 3.144913
3, 244, 3, 0, 1, 1, -1, 0, 1.004698, 1.226810
3, 245, 2, 0, 1, 1, -1, 0, 0.590644, 0.769871
3, 246, 2, 5, 1, 1, 1, 1, 0.956395, 0.817427
3, 247, 1, 4, 1, 1, 1, 1, 0.654340, 0.804237
3, 248, 5, 0, 1, 1, -1, 0, 0.663835, 0.723637
3, 249, 6, 0, 1, 1, 1, 0, 0.596895, 0.918839
3, 250, 5, 2, 1, 1, 1, -1, 0.752563, 0.924088
3, 251, 4, 4, 1, 1, -1, -1, 0.705184, 1.081620
3, 252, 1, 0, 1, 1, 1, 0, 0.651966, 0.672107
3, 253, 2, 3, 1, 1, 1, 1, 0.918385, 0.930789
3, 254, 5, 0, 1, 1, 1, 0, 0.728253, 0.727569
3, 255, 4, 0, 1, 1, -1, 0, 0.691146, 0.572359
3, 256, 5, 4, 1, 1, -1, 1, 0.690841, 0.598134
3, 257, 4, 4, 1, 1, -1, 1, 0.968653, 1.489158
3, 258, 1, 6, 1, 1, 1, 1, 0.922660, 0.602058
3, 259, 4, 3, 1, 1, 1, 1, 1.284753, 0.854124
3, 260, 4, 6, 1, 1, -1, -1, 1.701323, 1.696585
3, 261, 1, 0, 1, 1, -1, 0, 0.692022, 0.757018
3, 262, 5, 3, 1, 1, -1, -1, 0.828098, 2.495801
3, 263, 6, 3, 1, 1, 1, 1, 1.287080, 1.575815
3, 264, 4, 0, 1, 1, -1, 0, 1.069100, 3.889233
3, 265, 4, 0, 1, 1, 1, 0, 0.706199, 1.179720
3, 266, 6, 2, 1, 1, -1, -1, 0.782901, 0.843397
3, 267, 3, 0, 1, 1, -1, 0, 0.814714, 0.828918
3, 268, 1, 0, 1, 1, -1, 0, 0.575563, 0.822703
3, 269, 6, 0, 1, 1, -1, 0, 0.689493, 1.856544
3, 270, 5, 0, 1, 1, 1, 0, 0.649498, 0.801125
3, 271, 5, 0, 1, 1, -1, 0, 0.625400, 0.811041
3, 272, 1, 0, 1, 1, -1, 0, 0.683599, 0.917865
3, 273, 2, 2, 1, 1, -1, 1, 0.986473, 0.703379
3, 274, 3, 3, 1, 1, -1, 1, 1.014517, 1.223300
3, 275, 3, 6, 1, 1, -1, -1, 1.154916, 0.749654
3, 276, 2, 2, 1, 1, 1, -1, 1.293849, 0.823545
3, 277, 5, 1, 1, 1, 1, 1, 1.216002, 0.001031
3, 278, 4, 0, 1, 1, -1, 0, 0.651847, 1.071453
3, 279, 3, 4, 1, 1, 1, 1, 1.398883, 1.645783
3, 280, 6, 0, 1, 1, 1, 0, 0.708792, 0.774855
3, 281, 4, 1, 1, 1, -1, -1, 1.294109, 1.096691
3, 282, 3, 6, 1, 1, -1, 1, 0.954629, 1.209843
3, 283, 4, 0, 1, 1, 1, 0, 0.717630, 0.789886
3, 284, 3, 6, 1, 1, -1, 1, 0.748621, 0.928153
3, 285, 1, 4, 1, 1, 1, 1, 0.790514, 1.063955
3, 286, 3, 0, 1, 1, -1, 0, 0.670145, 3.200973
3, 287, 4, 0, 1, 1, -1, 0, 0.770474, 1.048297
3, 288, 6, 0, 1, 1, 1, 0, 0.790908, 0.697925
3, 289, 2, 6, 1, 1, 1, -1, 0.948668, 1.288362
3, 290, 6, 0, 1, 1, -1, 0, 0.691284, 1.442325
3, 291, 5, 0, 1, 1, 1, 0, 0.638877, 1.795636
3, 292, 1, 0, 1, 1, 1, 0, 0.576075, 0.785706
3, 293, 6, 2, 1, 1, -1, 1, 0.598740, 1.486051
3, 294, 1, 0, 1, 1, 1, 0, 0.553326, 0.788131
3, 295, 5, 0, 1, 1, -1, 0, 0.614345, 1.040042
3, 296, 5, 0, 1, 1, 1, 0, 0.570623, 0.709364
3, 297, 1, 0, 1, 1, 1, 0, 0.641834, 0.596786
3, 298, 5, 0, 1, 1, 1, 0, 0.557966, 0.873653
3, 299, 3, 1, 1, 1, 1, 1, 0.936765, 0.730742
3, 300, 4, 5, 1, 1, 1, -1, 0.948960, 0.702322
3, 301, 5, 2, 1, 1, -1, 1, 0.933542, 0.803750
3, 302, 4, 0, 1, 1, -1, 0, 0.644270, 0.701523
3, 303, 1, 5, 1, 1, -1, -1, 0.643909, 0.731739
3, 304, 6, 0, 1, 1, 1, 0, 0.611055, 0.662625
3, 305, 6, 4, 0, -1, 1, -1, 0.940485, 1.407253
3, 306, 1, 0, 1, 1, 1, 0, 0.665804, 1.013808
3, 307, 4, 0, 1, 1, -1, 0, 0.806867, 0.803096
3, 308, 3, 4, 1, 1, 1, -1, 1.286903, 0.641756
3, 309, 6, 2, 1, 1, 1, 1, 1.009257, 0.596134
3, 310, 2, 4, 1, 1, 1, 1, 0.787903, 0.939189
3, 311, 4, 2, 1, 1, 1, 1, 0.743035, 1.856554
3, 312, 5, 5, 1, 1, 1, -1, 0.651354, 0.755888
3, 313, 3, 1, 1, 1, 1, -1, 0.703640, 0.630871
3, 314, 6, 0, 1, 1, -1, 0, 0.677133, 1.055310
3, 315, 2, 0, 1, 1, -1, 0, 0.704175, 0.635805
3, 316, 2, 0, 1, 1, 1, 0, 0.611356, 0.896445
3, 317, 3, 4, 1, 1, -1, 1, 0.671623, 0.920889
3, 318, 6, 1, 1, 1, 1, 1, 0.687557, 1.010929
3, 319, 3, 0, 1, 1, 1, 0, 0.583899, 0.683639
3, 320, 6, 0, 1, 1, 1, 0, 0.576513, 3.687546
3, 321, 6, 6, 1, 1, 1, -1, 0.777503, 0.706427
3, 322, 5, 0, 1, 1, -1, 0, 0.635260, 0.643637
3, 323, 1, 0, 1, 1, 1, 0, 0.517629, 0.697527
3, 324, 5, 0, 1, 1, 1, 0, 0.718286, 0.685523
3, 325, 4, 0, 1, 1, 1, 0, 0.652229, 0.626912
3, 326, 3, 0, 1, 1, -1, 0, 1.035503, 0.848259
3, 327, 1, 4, 1, 1, -1, 1, 0.975046, 0.619911
3, 328, 5, 4, 1, 1, 1, 1, 0.722907, 0.658010
3, 329, 3, 0, 1, 1, -1, 0, 0.629613, 0.789083
3, 330, 2, 1, 1, 1, 1, 1, 0.755650, 0.888213
3, 331, 4, 0, 1, 1, 1, 0, 1.284188, 1.750298
3, 332, 2, 0, 1, 1, 1, 0, 0.698165, 3.239021
3, 333, 2, 0, 1, 1, 1, 0, 0.651474, 1.460231
3, 334, 6, 0, 1, 1, -1, 0, 0.644700, 0.824701
3, 335, 4, 2, 1, -1, 1, -1, 0.020469, 2.345828
3, 336, 3, 0, 1, 1, -1, 0, 0.652083, 0.743880
3, 337, 1, 0, 1, 1, 1, 0, 0.648498, 0.826088
3, 338, 3, 2, 1, 1, 1, 1, 0.577066, 1.184819
3, 339, 6, 0, 1, 1, 1, 0, 0.639064, 0.536460
3, 340, 1, 0, 1, 1, -1, 0, 0.636644, 0.782344
3, 341, 5, 0, 1, 1, 1, 0, 0.537188, 0.736880
3, 342, 5, 2, 1, 1, 1, 1, 0.665793, 0.725557
3, 343, 2, 0, 1, 1, 1, 0, 0.632022, 0.705763
3, 344, 1, 3, 1, 1, -1, -1, 0.692650, 1.547130
3, 345, 6, 0, 1, 1, 1, 0, 0.645979, 1.091337
3, 346, 4, 5, 1, 1, 1, 1, 0.631492, 0.738289
3, 347, 2, 0, 1, 1, 1, 0, 0.564471, 0.893862
3, 348, 4, 5, 1, 1, 1, -1, 0.675527, 0.863813
3, 349, 1, 0, 1, 1, -1, 0, 0.876177, 1.802056
3, 350, 2, 0, 1, 1, -1, 0, 0.510040, 0.624091
3, 351, 2, 0, 1, 1, -1, 0, 0.570210, 0.993995
3, 352, 6, 6, 1, 1, -1, 1, 0.778078, 0.636776
3, 353, 1, 3, 1, 1, 1, 1, 0.586519, 1.564779
3, 354, 3, 0, 1, 1, -1, 0, 0.559181, 0.850731
3, 355, 1, 0, 1, 1, -1, 0, 0.530042, 0.638444
3, 356, 6, 1, 1, 1, 1, -1, 0.610051, 0.795090
3, 357, 1, 0, 1, 1, -1, 0, 0.525527, 0.697747
3, 358, 2, 0, 1, 1, -1, 0, 0.552020, 1.056688
3, 359, 1, 0, 1, 1, 1, 0, 0.484918, 0.784874
3, 360, 6, 0, 1, 1, 1, 0, 0.544702, 0.804734
3, 361, 5, 0, 1, 1, -1, 0, 0.658039, 0.638762
3, 362, 1, 3, 1, 1, 1, -1, 0.664053, 0.645150
3, 363, 4, 0, 1, 1, 1, 0, 0.643606, 0.772937
3, 364, 4, 0, 1, 1, 1, 0, 0.671327, 0.612182
3, 365, 2, 0, 1, 1, 1, 0, 0.555338, 0.982899
3, 366, 4, 0, 1, 1, -1, 0, 0.637350, 0.800063
3, 367, 6, 0, 1, 1, -1, 0, 0.637443, 1.378661
3, 368, 3, 0, 1, 1, -1, 0, 0.604265, 0.821942
3, 369, 4, 3, 0, -1, -1, 1, 0.001078, 1.168001
3, 370, 2, 0, 1, 1, 1, 0, 0.644481, 0.810568
3, 371, 6, 0, 1, 1, 1, 0, 0.611245, 0.856182
3, 372, 6, 6, 1, 1, 1, 1, 0.764899, 0.525734
3, 373, 2, 0, 1, 1, 1, 0, 0.517191, 0.622741
3, 374, 5, 0, 1, 1, -1, 0, 0.625840, 0.609428
3, 375, 5, 0, 1, 1, -1, 0, 0.611347, 0.598626
3, 376, 4, 0, 1, 1, 1, 0, 0.631308, 1.276362
3, 377, 2, 4, 1, 1, -1, -1, 0.629739, 0.842396
3, 378, 2, 5, 1, 1, -1, 1, 0.551909, 0.736752
3, 379, 1, 6, 1, 1, -1, 1, 0.512215, 0.630664
3, 380, 5, 2, 1, 1, -1, -1, 0.604849, 0.751682
3, 381, 6, 0, 1, 1, -1, 0, 0.451719, 0.677080
3, 382, 6, 0, 1, 1, 1, 0, 0.575912, 0.535204
3, 383, 6, 1, 1, 1, -1, -1, 0.471247, 0.718874
3, 384, 4, 5, 1, 1, -1, -1, 0.597429, 0.780140
3, 385, 3, 2, 1, 1, 1, 1, 0.819006, 0.583698
3, 386, 4, 0, 1, 1, -1, 0, 0.524850, 0.665585
3, 387, 1, 5, 1, 1, 1, 1, 0.610142, 0.611687
3, 388, 6, 0, 1, 1, -1, 0, 0.584773, 0.749542
3, 389, 4, 3, 1, 1, -1, -1, 0.795365, 0.591796
3, 390, 2, 0, 1, 1, 1, 0, 0.563498, 1.067473
3, 391, 4, 0, 1, 1, -1, 0, 0.612430, 1.615517
3, 392, 1, 2, 1, 1, -1, -1, 0.730936, 1.060231
3, 393, 1, 1, 1, 1, -1, -1, 0.662511, 0.986280
3, 394, 2, 0, 1, 1, -1, 0, 0.536852, 1.759190
3, 395, 5, 1, 1, 1, -1, 1, 0.695230, 0.716729
3, 396, 5, 6, 1, 1, 1, 1, 0.723971, 0.832924
3, 397, 2, 5, 1, 1, 1, 1, 1.186844, 1.234068
3, 398, 5, 5, 1, 1, 1, 1, 0.686436, 0.902834
3, 399, 6, 5, 1, 1, 1, 1, 0.703077, 0.710600
3, 400, 6, 0, 1, 1, -1, 0, 0.551065, 1.227280
3, 401, 2, 4, 1, 1, 1, 1, 1.097980, 0.764090
3, 402, 2, 2, 1, 1, -1, -1, 0.567953, 0.868271
3, 403, 5, 1, 1, 1, -1, -1, 0.811718, 0.506985
3, 404, 1, 4, 1, 1, -1, -1, 0.663886, 0.689808
3, 405, 1, 0, 1, 1, 1, 0, 0.741989, 0.718716
3, 406, 6, 5, 1, 1, -1, 1, 0.522944, 0.852071
3, 407, 1, 5, 1, 1, 1, -1, 0.862106, 0.642425
3, 408, 2, 0, 1, 1, -1, 0, 0.564877, 0.872686
3, 409, 2, 1, 1, 1, 1, -1, 0.852042, 1.885068
3, 410, 4, 0, 1, 1, 1, 0, 0.711848, 0.912729
3, 411, 2, 6, 1, 1, -1, -1, 0.691472, 0.761569
3, 412, 1, 6, 1, 1, -1, -1, 0.545743, 0.971673
3, 413, 3, 1, 1, 1, -1, -1, 0.784826, 3.815669
3, 414, 5, 4, 1, 1, -1, -1, 0.880970, 1.133860
3, 415, 2, 0, 1, 1, -1, 0, 0.746978, 1.067038
3, 416, 5, 3, 1, 1, 1, 1, 0.777925, 0.961068
3, 417, 1, 0, 1, 1, 1, 0, 0.557933, 0.889522
3, 418, 4, 0, 1, 1, -1, 0, 0.670242, 2.384443
3, 419, 5, 5, 1, 1, -1, -1, 0.822280, 2.401164
3, 420, 3, 0, 1, 1, -1, 0, 0.832132, 0.730197
3, 421, 3, 2, 1, 1, -1, 1, 0.791780, 0.837539
3, 422, 4, 0, 1, 1, -1, 0, 0.894054, 0.921941
3, 423, 1, 0, 1, 1, -1, 0, 0.768416, 1.339700
3, 424, 3, 0, 1, 1, -1, 0, 0.789480, 1.386516
3, 425, 6, 0, 1, 1, 1, 0, 0.791252, 1.503255
3, 426, 2, 1, 1, 1, -1, 1, 0.644947, 1.447439
3, 427, 1, 0, 1, 1, -1, 0, 0.757385, 1.343866
3, 428, 1, 0, 1, 1, 1, 0, 0.656544, 1.351042
3, 429, 1, 0, 1, 1, 1, 0, 0.564053, 0.642281
3, 430, 4, 2, 1, 1, -1, 1, 1.158563, 1.100734
3, 431, 5, 0, 1, 1, -1, 0, 0.677454, 0.957504
3, 432, 5, 0, 1, 1, 1, 0, 0.550537, 1.365347
3, 433, 2, 0, 1, 1, 1, 0, 0.737874, 1.591123
3, 434, 6, 0, 1, 1, -1, 0, 0.675650, 1.054415
3, 435, 4, 0, 1, 1, -1, 0, 0.983615, 1.050544
3, 436, 5, 0, 1, 1, -1, 0, 1.211276, 1.646460
3, 437, 4, 6, 1, 1, 1, 1, 0.736810, 1.135037
3, 438, 6, 5, 1, 1, -1, 1, 0.787874, 1.734673
3, 439, 6, 0, 1, 1, -1, 0, 1.062764, 0.909805
3, 440, 4, 3, 1, 1, 1, -1, 0.636154, 1.984819
3, 441, 2, 3, 1, 1, 1, -1, 0.899202, 1.574653
3, 442, 4, 0, 1, 1, 1, 0, 0.574679, 1.648743
3, 443, 2, 4, 1, 1, -1, 1, 0.637345, 1.065232
3, 444, 4, 1, 1, 1, -1, 1, 0.855793, 0.652863
3, 445, 5, 0, 1, 1, 1, 0, 0.657534, 0.876739
3, 446, 5, 4, 1, 1, 1, 1, 0.603564, 1.491140
3, 447, 3, 5, 1, -1, -1, -1, 1.623869, 1.238663
3, 448, 2, 1, 1, 1, -1, -1, 0.880717, 0.761619
3, 449, 4, 0, 1, 1, 1, 0, 0.520644, 0.994273
3, 450, 2, 1, 1, 1, -1, 1, 0.909342, 0.815117
3, 451, 1, 0, 1, 1, 1, 0, 0.564919, 1.027072
3, 452, 4, 0, 1, 1, -1, 0, 0.594556, 0.649728
3, 453, 2, 3, 1, 1, -1, -1, 0.950771, 0.619538
3, 454, 4, 0, 1, 1, 1, 0, 0.470756, 0.777898
3, 455, 3, 5, 1, 1, 1, -1, 0.614952, 0.699529
3, 456, 5, 0, 1, 1, -1, 0, 1.194098, 0.854619
3, 457, 3, 0, 1, 1, 1, 0, 0.485798, 0.643353
3, 458, 3, 2, 1, 1, 1, -1, 0.757530, 0.857143
3, 459, 2, 5, 1, 1, 1, -1, 0.851843, 0.813237
3, 460, 3, 1, 1, 1, -1, 1, 0.749775, 0.697976
3, 461, 3, 6, 1, 1, 1, -1, 0.661295, 0.753113
3, 462, 4, 0, 1, 1, -1, 0, 0.432738, 0.710155
3, 463, 6, 2, 1, 1, -1, -1, 0.538166, 1.757663
3, 464, 1, 6, 1, 1, 1, 1, 0.478630, 1.248103
3, 465, 2, 5, 1, 1, -1, -1, 0.584903, 0.738474
3, 466, 6, 6, 1, 1, -1, -1, 0.850928, 0.716873
3, 467, 1, 2, 1, 1, -1, -1, 0.478894, 0.779025
3, 468, 6, 4, 1, 1, 1, -1, 0.691915, 0.001009
3, 469, 1, 6, 1, 1, 1, -1, 0.618029, 0.943883
3, 470, 3, 3, 1, -1, 1, -1, 1.263794, 1.220084
3, 471, 2, 0, 1, 1, 1, 0, 0.623877, 0.981679
3, 472, 5, 0, 1, 1, -1, 0, 0.544988, 0.676772
3, 473, 2, 0, 1, 1, -1, 0, 0.949615, 0.683103
3, 474, 1, 0, 1, 1, -1, 0, 0.472165, 0.648792
3, 475, 3, 0, 1, 1, 1, 0, 0.542783, 0.638098
3, 476, 3, 3, 1, 1, 1, 1, 0.578150, 0.716202
3, 477, 6, 4, 1, 1, -1, -1, 0.511015, 0.596277
3, 478, 2, 0, 1, 1, 1, 0, 0.480151, 0.857982
3, 479, 4, 0, 1, 1, -1, 0, 0.571254, 0.644599
3, 480, 5, 0, 1, 1, 1, 0, 0.644989, 1.237709
3, 481, 3, 0, 1, 1, 1, 0, 0.565675, 0.648032
3, 482, 2, 4, 1, -1, 1, -1, 1.382362, 1.112943
3, 483, 5, 0, 1, 1, 1, 0, 0.569362, 0.648235
3, 484, 3, 3, 1, 1, 1, -1, 0.789228, 0.941788
3, 485, 6, 0, 1, 1, -1, 0, 0.573373, 0.597151
3, 486, 6, 2, 1, 1, 1, -1, 0.943005, 0.584208
3, 487, 2, 0, 1, 1, -1, 0, 0.596361, 0.835317
3, 488, 4, 1, 1, 1, 1, -1, 0.631996, 1.202364
3, 489, 4, 0, 1, 1, 1, 0, 0.729898, 0.655871
3, 490, 1, 0, 1, 1, 1, 0, 0.781467, 0.735291
3, 491, 2, 3, 1, 1, -1, 1, 0.709763, 2.070663
3, 492, 4, 0, 1, 1, 1, 0, 0.632361, 0.571445
3, 493, 3, 0, 1, 1, -1, 0, 0.565083, 0.837413
3, 494, 5, 5, 1, 1, 1, -1, 0.530648, 0.659380
3, 495, 6, 1, 1, 1, -1, -1, 0.849164, 1.160395
3, 496, 3, 4, 1, 1, 1, 1, 0.715839, 1.008249
3, 497, 3, 0, 1, 1, 1, 0, 0.624342, 0.811765
3, 498, 3, 3, 1, -1, -1, 1, 1.167801, 0.791477
3, 499, 1, 0, 1, 1, 1, 0, 0.625959, 0.776799
3, 500, 4, 0, 1, 1, -1, 0, 0.861758, 0.662327
8, 501, 4, 0, 1, -1, -1, 0, 12.333686, 6.143016
8, 502, 5, 4, 1, 1, -1, 1, 1.322250, 1.215259
8, 503, 4, 0, 1, 1, 1, 0, 0.860191, 0.852059
8, 504, 6, 0, 1, 1, 1, 0, 0.889796, 1.390354
8, 505, 3, 3, 1, -1, -1, -1, 1.521842, 0.859186
8, 506, 2, 0, 1, 1, -1, 0, 0.929299, 0.708843
8, 507, 6, 0, 1, 1, -1, 0, 0.794877, 0.654171
8, 508, 1, 4, 1, 1, -1, 1, 1.097247, 0.551550
8, 509, 1, 3, 1, 1, 1, -1, 1.011445, 0.641300
8, 510, 3, 0, 1, 1, -1, 0, 0.726213, 0.706028
8, 511, 6, 0, 1, 1, -1, 0, 0.803958, 0.735886
8, 512, 6, 0, 1, 1, 1, 0, 0.791279, 0.701289
8, 513, 1, 0, 1, 1, 1, 0, 0.687057, 0.820181
8, 514, 5, 6, 1, -1, 1, -1, 1.422349, 1.406618
8, 515, 5, 1, 1, 1, 1, -1, 0.810842, 0.809744
8, 516, 3, 6, 1, 1, 1, -1, 0.939147, 0.001044
8, 517, 3, 0, 1, 1, 1, 0, 0.798851, 1.396787
8, 518, 5, 0, 0, -1, -1, 0, 0.619522, 1.030964
8, 519, 5, 0, 1, -1, 1, 0, 0.719917, 1.171238
8, 520, 4, 3, 1, 1, 1, -1, 1.133383, 0.825625
8, 521, 6, 0, 1, 1, 1, 0, 0.820176, 0.961569
8, 522, 2, 3, 1, 1, 1, -1, 1.030671, 0.811872
8, 523, 3, 1, 1, 1, 1, 1, 0.855783, 0.646043
8, 524, 2, 0, 1, 1, 1, 0, 0.647847, 0.685601
8, 525, 1, 1, 1, 1, 1, -1, 0.971947, 0.552534
8, 526, 1, 6, 1, 1, 1, -1, 0.697567, 0.486159
8, 527, 4, 1, 1, 1, 1, -1, 0.924211, 0.624846
8, 528, 4, 2, 1, -1, 1, 1, 1.338272, 0.634587
8, 529, 5, 5, 1, 1, -1, 1, 0.891692, 0.680528
8, 530, 4, 6, 1, 1, 1, 1, 1.151362, 0.447999
8, 531, 4, 5, 1, 1, 1, -1, 0.773391, 0.479313
8, 532, 4, 1, 1, 1, -1, -1, 0.892772, 0.461351
8, 533, 5, 0, 1, 1, 1, 0, 0.712130, 0.606575
8, 534, 3, 2, 1, 1, 1, 1, 0.969785, 0.591783
8, 535, 2, 3, 1, 1, -1, -1, 0.913907, 1.147101
8, 536, 6, 0, 1, 1, -1, 0, 0.753434, 0.613137
8, 537, 2, 0, 1, 1, 1, 0, 0.764458, 0.698169
8, 538, 3, 2, 1, 1, -1, -1, 0.770272, 0.625913
8, 539, 5, 5, 1, 1, 1, 1, 1.009819, 0.612519
8, 540, 4, 0, 1, 1, -1, 0, 0.860043, 0.514749
8, 541, 2, 0, 1, 1, -1, 0, 0.752766, 0.782236
8, 542, 4, 0, 1, 1, -1, 0, 0.739905, 0.373845
8, 543, 4, 0, 1, 1, 1, 0, 0.680773, 0.413868
8, 544, 6, 0, 1, 1, -1, 0, 0.664981, 0.379771
8, 545, 5, 0, 1, 1, -1, 0, 0.672391, 0.712488
8, 546, 3, 0, 1, 1, -1, 0, 0.732403, 0.626824
8, 547, 2, 3, 1, 1, 1, 1, 0.930355, 0.792971
8, 548, 3, 4, 1, -1, 1, -1, 1.682715, 1.174766
8, 549, 6, 0, 1, 1, 1, 0, 0.625948, 1.338368
8, 550, 4, 0, 1, 1, 1, 0, 0.844847, 0.421472
7, 551, 5, 2, 1, -1, 1, 1, 2.286163, 1.701889
7, 552, 2, 0, 1, 1, -1, 0, 1.179276, 1.051483
7, 553, 2, 0, 1, 1, 1, 0, 1.625723, 3.777344
7, 554, 5, 1, 1, 1, -1, -1, 1.387843, 1.565265
7, 555, 4, 0, 1, 1, -1, 0, 1.322085, 0.933166
7, 556, 1, 0, 1, 1, 1, 0, 1.182744, 1.055713
7, 557, 5, 0, 1, 1, 1, 0, 1.445195, 1.287042
7, 558, 2, 1, 1, 1, -1, -1, 1.791332, 1.278321
7, 559, 2, 0, 1, 1, 1, 0, 1.093856, 1.075125
7, 560, 4, 4, 0, -1, -1, -1, 1.764734, 1.352907
7, 561, 1, 0, 1, 1, -1, 0, 1.068174, 1.054486
7, 562, 4, 4, 0, -1, 1, -1, 1.143652, 1.396155
7, 563, 1, 1, 1, -1, 1, -1, 2.408498, 1.618764
7, 564, 3, 0, 1, 1, 1, 0, 0.961929, 1.620431
7, 565, 2, 2, 1, 1, 1, 1, 1.074879, 1.034163
7, 566, 5, 2, 1, -1, -1, -1, 1.889507, 0.973655
7, 567, 6, 0, 1, 1, 1, 0, 0.923565, 1.150705
7, 568, 3, 2, 1, 1, -1, -1, 2.072269, 0.985762
7, 569, 3, 0, 1, 1, 1, 0, 1.447751, 1.200696
7, 570, 5, 0, 1, 1, -1, 0, 1.197882, 0.959219
7, 571, 4, 0, 1, 1, -1, 0, 1.118118, 1.083537
7, 572, 6, 5, 1, 1, -1, 1, 1.476203, 0.854746
7, 573, 4, 3, 1, -1, 1, 1, 1.530531, 1.102947
7, 574, 1, 1, 1, 1, -1, -1, 1.194773, 1.367834
7, 575, 6, 5, 1, 1, 1, -1, 1.262154, 1.074700
7, 576, 2, 3, 1, 1, -1, 1, 1.230215, 0.966539
