observer, trial, targLoc, distLoc, targDiscrim, thoughtNoAttCap, tc, dc, RT, TrialTypeRT
6, 1, 1, 4, 1, -1, 1, -1, 8.294814, 4.446305
6, 2, 3, 4, 1, 1, -1, -1, 3.779176, 1.793032
6, 3, 1, 3, 1, 1, -1, -1, 1.717728, 2.002837
6, 4, 5, 0, 1, 1, 1, 0, 1.544526, 1.448787
6, 5, 1, 2, 1, -1, -1, 1, 2.438281, 1.112171
6, 6, 5, 4, 1, -1, -1, 1, 1.339944, 1.499748
6, 7, 4, 5, 1, 1, -1, 1, 2.443671, 6.368528
6, 8, 4, 1, 1, 1, 1, -1, 1.613696, 0.780262
6, 9, 4, 0, 1, 1, 1, 0, 1.159596, 0.598611
6, 10, 1, 1, 1, 1, 1, -1, 1.583229, 0.531305
6, 11, 5, 0, 1, 1, 1, 0, 1.146037, 0.567003
6, 12, 6, 0, 1, 1, -1, 0, 1.175194, 0.001025
6, 13, 4, 2, 1, 1, 1, 1, 0.932975, 0.684951
6, 14, 2, 0, 1, 1, 1, 0, 0.964456, 0.686233
6, 15, 4, 5, 1, -1, -1, 1, 0.900686, 0.494583
6, 16, 3, 5, 0, -1, -1, -1, 0.546312, 1.788883
6, 17, 2, 5, 1, 1, -1, 1, 0.877500, 0.599432
6, 18, 4, 1, 1, 1, 1, 1, 0.636859, 0.487659
6, 19, 5, 1, 1, -1, -1, 1, 0.919773, 0.535753
6, 20, 6, 4, 1, -1, 1, -1, 1.515162, 0.346601
6, 21, 1, 4, 1, 1, -1, 1, 0.916858, 0.353237
6, 22, 1, 0, 1, 1, 1, 0, 0.751233, 0.559846
6, 23, 4, 0, 1, 1, -1, 0, 0.754987, 0.260241
6, 24, 1, 0, 1, -1, -1, 0, 1.111045, 0.001054
6, 25, 5, 5, 0, -1, 1, -1, 1.233987, 0.686056
6, 26, 4, 3, 1, 1, -1, 1, 0.897766, 0.371769
6, 27, 2, 0, 1, 1, 1, 0, 0.679354, 0.194935
6, 28, 2, 4, 1, 1, 1, -1, 0.920082, 0.001074
6, 29, 6, 0, 1, 1, -1, 0, 0.738465, 0.200318
6, 30, 6, 0, 1, 1, -1, 0, 0.725882, 0.127921
6, 31, 2, 3, 1, 1, 1, 1, 0.720382, 0.174353
6, 32, 5, 1, 1, 1, -1, -1, 0.795485, 0.412543
6, 33, 2, 6, 1, -1, -1, 1, 0.891141, 0.548536
6, 34, 2, 5, 1, 1, -1, -1, 0.760274, 0.400985
6, 35, 1, 0, 1, 1, -1, 0, 0.663882, 0.106999
6, 36, 3, 0, 1, 1, -1, 0, 0.699631, 0.106892
6, 37, 3, 0, 1, 1, 1, 0, 0.445413, 0.312559
6, 38, 4, 1, 1, 1, -1, 1, 0.970969, 0.167364
6, 39, 6, 5, 1, 1, -1, -1, 1.069359, 0.299784
6, 40, 5, 0, 1, 1, -1, 0, 0.692090, 0.213244
6, 41, 2, 0, 1, 1, 1, 0, 0.634390, 0.334207
6, 42, 1, 6, 1, 1, -1, 1, 0.953990, 0.267873
6, 43, 6, 0, 1, 1, -1, 0, 0.668617, 0.181000
6, 44, 5, 0, 1, 1, -1, 0, 0.787608, 0.453608
6, 45, 4, 0, 1, 1, -1, 0, 0.612591, 0.074191
6, 46, 4, 0, 1, 1, -1, 0, 0.685985, 0.074230
6, 47, 4, 4, 1, 1, -1, 1, 0.897975, 0.100034
6, 48, 2, 0, 0, -1, 1, 0, 0.419579, 0.596348
6, 49, 2, 0, 1, 1, -1, 0, 0.694852, 0.193878
6, 50, 4, 6, 1, 1, 1, 1, 0.652437, 0.281035
6, 51, 6, 4, 1, 1, 1, 1, 1.304677, 0.413128
6, 52, 6, 0, 1, 1, 1, 0, 0.667398, 0.534234
6, 53, 5, 6, 1, 1, -1, -1, 0.679846, 0.805729
6, 54, 6, 0, 1, 1, 1, 0, 0.659554, 0.146743
6, 55, 5, 0, 1, 1, -1, 0, 0.740713, 0.120920
6, 56, 1, 0, 1, 1, -1, 0, 0.573146, 0.100210
6, 57, 4, 6, 1, 1, 1, -1, 0.832299, 0.154030
6, 58, 4, 5, 1, 1, -1, -1, 0.680772, 0.380826
6, 59, 4, 2, 1, 1, 1, -1, 0.525389, 0.074108
6, 60, 1, 1, 1, -1, -1, 1, 1.031607, 0.717320
6, 61, 6, 0, 1, 1, -1, 0, 0.725848, 0.160460
6, 62, 1, 1, 1, -1, -1, -1, 0.631969, 0.267117
6, 63, 6, 5, 1, 1, 1, -1, 0.821887, 0.067987
6, 64, 1, 0, 1, 1, 1, 0, 0.660381, 0.167973
6, 65, 4, 2, 1, 1, -1, 1, 0.630866, 0.114395
6, 66, 5, 0, 1, 1, -1, 0, 0.792947, 0.133099
6, 67, 5, 0, 1, 1, 1, 0, 0.598748, 0.047296
6, 68, 5, 1, 1, 1, 1, -1, 0.611881, 0.040780
6, 69, 3, 3, 1, -1, 1, -1, 0.619791, 0.305441
6, 70, 2, 1, 1, 1, -1, 1, 0.740749, 0.106737
6, 71, 1, 0, 1, 1, -1, 0, 0.560691, 0.108052
6, 72, 3, 0, 1, 1, -1, 0, 0.712516, 0.054357
6, 73, 4, 4, 1, 1, 1, -1, 0.545562, 0.061135
6, 74, 5, 3, 1, 1, -1, 1, 0.639545, 0.040473
6, 75, 3, 0, 1, 1, 1, 0, 0.406784, 0.100011
6, 76, 3, 1, 1, 1, -1, 1, 0.751680, 0.080307
6, 77, 5, 0, 1, 1, -1, 0, 0.633801, 0.207132
6, 78, 1, 4, 0, 1, 1, -1, 0.505655, 0.167828
6, 79, 3, 0, 1, 1, 1, 0, 0.506912, 0.327134
6, 80, 5, 0, 1, 1, 1, 0, 0.572781, 0.206461
6, 81, 5, 4, 1, -1, 1, -1, 1.233195, 0.447788
6, 82, 2, 0, 1, 1, -1, 0, 0.845530, 0.141591
6, 83, 6, 5, 1, -1, 1, 1, 1.442361, 0.335369
6, 84, 2, 0, 1, 1, -1, 0, 0.782203, 0.080967
6, 85, 4, 0, 1, 1, 1, 0, 0.579970, 0.034283
6, 86, 2, 0, 0, -1, 1, 0, 0.526176, 1.118009
6, 87, 2, 0, 1, 1, 1, 0, 0.608356, 0.067764
6, 88, 4, 0, 1, 1, -1, 0, 0.644645, 0.073545
6, 89, 3, 0, 1, 1, -1, 0, 0.631922, 0.054429
6, 90, 1, 0, 1, 1, -1, 0, 0.613338, 0.074219
6, 91, 5, 0, 1, 1, -1, 0, 0.596835, 0.054214
6, 92, 6, 3, 1, 1, -1, 1, 0.720777, 0.034495
6, 93, 1, 0, 1, 1, 1, 0, 0.599189, 0.080194
6, 94, 4, 0, 1, 1, -1, 0, 0.692856, 0.114781
6, 95, 3, 0, 1, 1, 1, 0, 0.446296, 0.067617
6, 96, 1, 1, 1, 1, -1, 1, 0.694218, 0.021044
6, 97, 6, 0, 1, 1, -1, 0, 0.666254, 0.060872
6, 98, 6, 2, 1, 1, -1, -1, 0.725832, 0.067479
6, 99, 2, 0, 1, 1, -1, 0, 0.560131, 0.120746
6, 100, 2, 1, 1, 1, -1, -1, 0.644165, 0.114204
6, 101, 2, 3, 1, -1, 1, 1, 0.899129, 0.240223
6, 102, 4, 3, 1, -1, 1, 1, 0.806099, 0.340563
6, 103, 4, 1, 1, 1, -1, -1, 0.772130, 0.268256
6, 104, 3, 5, 1, -1, -1, 1, 0.826024, 0.205552
6, 105, 6, 0, 1, 1, 1, 0, 0.849131, 0.020842
6, 106, 6, 0, 1, 1, -1, 0, 0.684770, 0.101191
6, 107, 6, 0, 1, 1, 1, 0, 0.607587, 0.054608
6, 108, 2, 5, 0, -1, -1, 1, 0.963621, 0.545688
6, 109, 5, 3, 1, -1, 1, 1, 0.824842, 0.147892
6, 110, 5, 0, 1, -1, 1, 0, 0.779093, 0.367824
6, 111, 1, 0, 1, 1, -1, 0, 0.559949, 0.160154
6, 112, 1, 0, 1, 1, -1, 0, 0.573484, 0.040648
6, 113, 6, 4, 1, -1, -1, 1, 0.654385, 0.313743
6, 114, 5, 2, 1, -1, -1, -1, 1.034251, 0.253091
6, 115, 1, 6, 1, -1, 1, -1, 1.187974, 0.153773
6, 116, 2, 3, 1, -1, -1, 1, 1.119937, 0.374749
6, 117, 4, 5, 1, -1, 1, -1, 0.665467, 0.087178
6, 118, 1, 0, 1, 1, -1, 0, 0.906011, 0.141413
6, 119, 6, 0, 1, 1, 1, 0, 0.764502, 0.107501
6, 120, 5, 0, 1, 1, 1, 0, 1.171910, 0.120164
6, 121, 5, 0, 1, 1, 1, 0, 0.667384, 0.194771
6, 122, 6, 0, 1, 1, 1, 0, 0.640418, 0.021125
6, 123, 3, 0, 1, 1, 1, 0, 0.651100, 0.027620
6, 124, 1, 3, 1, -1, -1, -1, 1.017962, 0.227567
6, 125, 2, 1, 1, -1, 1, -1, 0.869907, 0.252523
6, 126, 1, 0, 1, 1, 1, 0, 0.678946, 0.352388
6, 127, 2, 4, 1, 1, -1, 1, 0.857414, 0.086360
6, 128, 2, 0, 1, 1, -1, 0, 0.741229, 0.087723
6, 129, 2, 0, 1, 1, 1, 0, 0.497710, 0.047899
6, 130, 6, 0, 1, 1, -1, 0, 0.712930, 0.067587
6, 131, 6, 1, 1, -1, -1, -1, 1.781980, 0.394517
6, 132, 2, 5, 1, -1, 1, -1, 1.038834, 0.107996
6, 133, 6, 0, 1, 1, -1, 0, 1.343934, 0.268131
6, 134, 4, 0, 1, 1, 1, 0, 0.613108, 0.777935
6, 135, 6, 0, 1, 1, -1, 0, 0.826358, 0.074793
6, 136, 5, 0, 1, 1, -1, 0, 0.772250, 0.021063
6, 137, 2, 2, 1, -1, 1, -1, 1.077779, 0.100792
6, 138, 1, 3, 0, -1, 1, -1, 1.717335, 0.699226
6, 139, 1, 2, 1, 1, -1, -1, 1.372075, 0.301590
6, 140, 5, 0, 1, 1, -1, 0, 0.831429, 0.001067
6, 141, 1, 3, 1, -1, 1, -1, 0.970016, 0.232675
6, 142, 1, 3, 1, 1, -1, 1, 0.806249, 0.087836
6, 143, 3, 3, 1, 1, 1, -1, 1.019865, 0.439749
6, 144, 4, 0, 1, 1, 1, 0, 0.605124, 0.093720
6, 145, 6, 2, 1, 1, -1, 1, 0.945345, 0.378736
6, 146, 6, 1, 1, 1, -1, 1, 0.833696, 0.067314
6, 147, 3, 3, 1, 1, 1, 1, 0.773153, 0.001057
6, 148, 2, 0, 1, 1, 1, 0, 0.666578, 0.001022
6, 149, 1, 0, 1, 1, -1, 0, 0.731602, 0.121554
6, 150, 3, 0, 1, 1, 1, 0, 0.571571, 0.100760
6, 151, 2, 2, 1, 1, -1, -1, 1.245121, 0.087781
6, 152, 2, 0, 1, 1, -1, 0, 0.667847, 0.027792
6, 153, 4, 1, 1, -1, 1, -1, 0.674064, 0.154480
6, 154, 1, 2, 1, -1, 1, 1, 1.132287, 0.187714
6, 155, 6, 3, 1, 1, -1, -1, 0.700876, 0.027887
6, 156, 6, 0, 1, 1, 1, 0, 0.639036, 0.014352
6, 157, 2, 0, 1, 1, 1, 0, 0.591033, 0.027747
6, 158, 3, 3, 1, 1, -1, 1, 0.705048, 0.087502
6, 159, 3, 1, 1, 1, 1, -1, 0.664577, 0.001033
6, 160, 4, 0, 1, 1, 1, 0, 0.506074, 0.034170
6, 161, 3, 0, 1, 1, -1, 0, 0.678626, 0.080941
6, 162, 6, 1, 1, 1, 1, -1, 0.634412, 0.041071
6, 163, 3, 0, 1, 1, -1, 0, 0.579075, 0.060443
6, 164, 5, 5, 1, -1, -1, 1, 0.873110, 0.133604
6, 165, 2, 3, 1, -1, -1, -1, 0.632092, 0.027649
6, 166, 1, 0, 1, 1, 1, 0, 0.598835, 0.001071
6, 167, 4, 2, 1, 1, -1, -1, 0.765334, 0.027663
6, 168, 3, 6, 1, 1, -1, 1, 0.866681, 0.054050
6, 169, 5, 0, 1, 1, 1, 0, 0.519167, 0.014427
6, 170, 6, 0, 1, 1, 1, 0, 1.032473, 0.014377
6, 171, 1, 2, 1, 1, -1, -1, 1.019578, 0.121756
6, 172, 4, 0, 1, 1, -1, 0, 0.592281, 0.007251
6, 173, 1, 5, 1, 1, 1, -1, 0.775642, 0.054360
6, 174, 3, 0, 1, 1, 1, 0, 0.464829, 0.060090
6, 175, 2, 0, 1, 1, -1, 0, 0.619961, 0.080231
6, 176, 5, 0, 1, 1, -1, 0, 0.665231, 0.113185
6, 177, 5, 6, 1, 1, -1, 1, 0.721243, 0.054418
6, 178, 4, 4, 1, 1, 1, 1, 0.595755, 0.094011
6, 179, 1, 0, 1, 1, -1, 0, 0.638531, 0.140224
6, 180, 2, 6, 1, -1, -1, -1, 0.764683, 0.140104
6, 181, 2, 4, 1, 1, 1, 1, 0.672112, 0.321505
6, 182, 5, 2, 1, -1, -1, -1, 0.868936, 0.501599
6, 183, 6, 6, 0, -1, 1, 1, 0.721738, 0.540189
6, 184, 4, 4, 1, 1, -1, -1, 0.639031, 0.134999
6, 185, 3, 1, 1, 1, 1, -1, 0.699075, 0.001072
6, 186, 2, 6, 1, 1, -1, 1, 0.712593, 0.014324
6, 187, 6, 6, 1, 1, -1, -1, 0.693618, 0.074669
6, 188, 1, 5, 1, 1, -1, -1, 0.559042, 0.087878
6, 189, 1, 0, 0, -1, 1, 0, 0.592661, 0.446275
6, 190, 5, 6, 1, 1, 1, -1, 0.718990, 0.001037
6, 191, 1, 5, 1, 1, -1, 1, 0.759608, 0.021000
6, 192, 2, 5, 1, -1, 1, -1, 0.626230, 0.133272
6, 193, 6, 0, 1, 1, 1, 0, 0.551242, 0.152592
6, 194, 6, 2, 1, 1, -1, -1, 0.658136, 0.034357
6, 195, 5, 4, 1, 1, 1, 1, 1.003323, 0.107553
6, 196, 1, 0, 1, 1, 1, 0, 0.964804, 0.001056
6, 197, 5, 3, 1, 1, 1, -1, 0.494192, 0.060674
6, 198, 5, 1, 1, 1, 1, 1, 0.619618, 0.001051
6, 199, 1, 3, 1, 1, 1, 1, 0.931496, 0.047680
6, 200, 5, 0, 1, 1, 1, 0, 0.572173, 0.007729
6, 201, 2, 3, 1, -1, -1, 1, 0.784874, 0.233447
6, 202, 3, 0, 1, 1, -1, 0, 0.628445, 0.033911
6, 203, 2, 0, 1, 1, -1, 0, 0.565788, 0.114699
6, 204, 4, 0, 1, 1, 1, 0, 0.489519, 0.073750
6, 205, 4, 0, 1, 1, -1, 0, 0.546246, 0.113575
6, 206, 4, 0, 1, 1, 1, 0, 0.427223, 0.107547
6, 207, 6, 6, 1, -1, -1, 1, 1.040872, 0.226998
6, 208, 5, 1, 0, -1, -1, -1, 0.804104, 0.448329
6, 209, 2, 3, 1, 1, 1, -1, 0.573019, 0.027710
6, 210, 5, 6, 1, 1, -1, -1, 0.708532, 0.047857
6, 211, 1, 5, 1, 1, -1, -1, 0.639457, 0.094597
6, 212, 1, 5, 1, 1, 1, -1, 0.632986, 0.094493
6, 213, 3, 0, 1, 1, -1, 0, 0.590771, 0.087374
6, 214, 4, 4, 1, 1, 1, 1, 0.492486, 0.067724
6, 215, 1, 0, 1, 1, -1, 0, 0.572838, 0.067308
6, 216, 6, 0, 1, 1, -1, 0, 0.515166, 0.074813
6, 217, 4, 6, 1, 1, -1, -1, 0.593214, 0.060721
6, 218, 2, 6, 1, -1, -1, -1, 0.626097, 0.140983
6, 219, 6, 0, 1, 1, -1, 0, 0.586225, 0.074718
6, 220, 4, 0, 1, 1, 1, 0, 0.418216, 0.074178
6, 221, 4, 2, 0, -1, -1, -1, 0.506021, 0.453799
6, 222, 2, 0, 1, 1, 1, 0, 0.571019, 0.040882
6, 223, 5, 0, 1, 1, 1, 0, 0.565175, 0.034294
6, 224, 6, 5, 1, 1, 1, -1, 1.312348, 0.093886
6, 225, 6, 0, 1, 1, -1, 0, 0.606916, 0.106934
6, 226, 4, 0, 1, 1, 1, 0, 0.420013, 0.041035
6, 227, 3, 0, 1, 1, 1, 0, 0.466198, 0.001028
6, 228, 3, 4, 1, -1, -1, -1, 1.098161, 0.501256
6, 229, 6, 1, 1, 1, 1, 1, 0.532495, 0.007667
6, 230, 1, 0, 1, 1, -1, 0, 0.652316, 0.027516
6, 231, 4, 1, 1, 1, 1, 1, 0.547707, 0.041001
6, 232, 3, 1, 1, 1, -1, -1, 0.680105, 0.054117
6, 233, 1, 2, 0, -1, 1, -1, 0.724813, 0.579999
6, 234, 3, 6, 0, -1, -1, -1, 0.447715, 0.547528
6, 235, 2, 0, 1, 1, 1, 0, 0.591788, 0.001024
6, 236, 1, 2, 0, -1, 1, 1, 0.586675, 0.254594
6, 237, 4, 3, 1, 1, 1, -1, 0.739898, 0.746919
6, 238, 1, 0, 1, 1, -1, 0, 0.579868, 0.073938
6, 239, 4, 0, 1, 1, -1, 0, 0.612584, 0.073309
6, 240, 1, 0, 1, 1, -1, 0, 0.526342, 0.001029
6, 241, 6, 0, 1, 1, -1, 0, 0.600523, 0.154321
6, 242, 2, 0, 1, 1, 1, 0, 0.699843, 0.027645
6, 243, 6, 6, 1, -1, 1, -1, 0.705026, 0.127823
6, 244, 1, 6, 1, 1, 1, 1, 0.791653, 0.060789
6, 245, 2, 5, 1, 1, 1, 1, 0.600482, 0.086620
6, 246, 6, 0, 1, 1, 1, 0, 0.579178, 0.047783
6, 247, 2, 0, 1, 1, -1, 0, 0.667041, 0.101685
6, 248, 1, 5, 1, 1, 1, 1, 0.607500, 0.054318
6, 249, 3, 4, 1, 1, 1, -1, 0.459270, 0.087510
6, 250, 6, 4, 1, 1, -1, -1, 0.817616, 0.439374
6, 251, 3, 0, 1, 1, -1, 0, 0.592306, 0.047645
6, 252, 3, 0, 1, 1, 1, 0, 0.461247, 0.141549
6, 253, 4, 3, 1, -1, 1, 1, 0.725581, 0.133734
6, 254, 2, 0, 1, 1, 1, 0, 0.595086, 0.088053
6, 255, 3, 5, 1, -1, -1, 1, 1.092294, 0.468217
6, 256, 1, 0, 1, 1, -1, 0, 0.774181, 0.060540
6, 257, 4, 4, 1, 1, 1, -1, 0.593627, 0.286914
6, 258, 3, 0, 1, 1, 1, 0, 0.400749, 0.107009
6, 259, 1, 0, 1, 1, 1, 0, 0.592334, 0.040729
6, 260, 5, 0, 1, 1, 1, 0, 0.487158, 0.021118
6, 261, 4, 0, 0, -1, -1, 0, 0.451401, 0.882200
6, 262, 6, 2, 1, -1, 1, -1, 0.817552, 0.001025
6, 263, 3, 2, 1, -1, -1, 1, 0.772467, 0.361631
6, 264, 1, 4, 1, 1, -1, -1, 0.664296, 0.174208
6, 265, 5, 4, 1, -1, -1, 1, 1.065543, 0.274860
6, 266, 3, 3, 1, 1, -1, -1, 0.656406, 0.532537
6, 267, 5, 0, 1, 1, 1, 0, 0.652493, 0.061002
6, 268, 4, 3, 1, 1, -1, 1, 0.646387, 0.040904
6, 269, 6, 0, 1, 1, 1, 0, 1.027271, 0.114158
6, 270, 6, 2, 1, 1, 1, 1, 0.598806, 0.014416
6, 271, 4, 0, 1, 1, -1, 0, 0.581174, 0.027663
6, 272, 5, 0, 1, 1, -1, 0, 0.605092, 0.001149
6, 273, 6, 3, 1, 1, -1, 1, 0.627015, 0.047560
6, 274, 3, 6, 1, 1, 1, -1, 0.520920, 0.054340
6, 275, 5, 0, 1, 1, -1, 0, 0.599820, 0.014475
6, 276, 1, 0, 0, -1, 1, 0, 0.540362, 0.679652
6, 277, 2, 4, 1, 1, -1, 1, 0.726349, 0.020972
6, 278, 4, 2, 1, 1, -1, 1, 0.749977, 0.047764
6, 279, 3, 0, 1, 1, 1, 0, 0.568315, 0.041156
6, 280, 4, 6, 1, 1, -1, -1, 0.846266, 0.041170
6, 281, 6, 0, 1, 1, -1, 0, 0.630845, 0.107852
6, 282, 3, 5, 1, 1, 1, -1, 0.486784, 0.040760
6, 283, 2, 4, 0, -1, 1, -1, 0.540427, 0.506718
6, 284, 3, 0, 1, 1, -1, 0, 0.624813, 0.080438
6, 285, 1, 0, 1, 1, -1, 0, 0.546496, 0.087160
6, 286, 2, 0, 1, 1, -1, 0, 0.673868, 0.221775
6, 287, 3, 0, 1, 1, 1, 0, 0.819401, 0.461895
6, 288, 2, 0, 1, 1, 1, 0, 0.612002, 0.266967
6, 289, 6, 0, 1, 1, -1, 0, 1.244336, 0.288052
6, 290, 5, 2, 1, 1, 1, 1, 0.700099, 0.214536
6, 291, 2, 0, 1, 1, -1, 0, 0.586714, 0.087529
6, 292, 1, 1, 1, 1, 1, 1, 0.835245, 0.047775
6, 293, 4, 0, 1, 1, 1, 0, 0.487301, 0.001089
6, 294, 2, 0, 1, 1, 1, 0, 0.612225, 0.160750
6, 295, 2, 0, 1, 1, 1, 0, 0.539401, 0.093948
6, 296, 3, 0, 1, 1, 1, 0, 0.405322, 0.060702
6, 297, 3, 0, 1, 1, -1, 0, 0.593077, 0.034576
6, 298, 3, 2, 1, 1, 1, -1, 0.578026, 0.113718
6, 299, 5, 0, 1, 1, 1, 0, 0.600005, 0.101239
6, 300, 4, 6, 1, 1, -1, 1, 0.674010, 0.101308
6, 301, 1, 0, 1, 1, -1, 0, 0.539979, 0.054136
6, 302, 2, 4, 1, 1, -1, -1, 0.540703, 0.206992
6, 303, 4, 0, 1, 1, 1, 0, 0.491930, 0.061031
6, 304, 3, 0, 1, 1, -1, 0, 0.554272, 0.034540
6, 305, 4, 0, 1, 1, -1, 0, 0.559590, 0.074318
6, 306, 3, 2, 1, 1, -1, 1, 0.707941, 0.001065
6, 307, 4, 4, 1, 1, -1, -1, 0.600688, 0.047994
6, 308, 5, 0, 1, 1, -1, 0, 0.546129, 0.046976
6, 309, 6, 0, 1, 1, 1, 0, 0.473063, 0.280472
6, 310, 1, 1, 1, 1, -1, -1, 0.648927, 0.027081
6, 311, 1, 4, 1, 1, -1, -1, 0.651397, 0.047797
6, 312, 5, 0, 1, 1, 1, 0, 0.643308, 0.040985
6, 313, 3, 3, 1, 1, -1, -1, 0.718605, 0.020895
6, 314, 3, 5, 1, 1, 1, 1, 0.577301, 0.207842
6, 315, 4, 0, 1, 1, 1, 0, 0.571954, 0.001097
6, 316, 6, 0, 1, 1, 1, 0, 0.612510, 0.288239
6, 317, 5, 0, 1, 1, -1, 0, 0.793445, 0.033699
6, 318, 1, 0, 1, 1, 1, 0, 0.527931, 0.014387
6, 319, 3, 2, 1, 1, 1, 1, 0.572526, 0.021137
6, 320, 5, 3, 1, -1, 1, -1, 0.611225, 0.561210
6, 321, 2, 0, 1, -1, 1, 0, 0.001092, 0.281557
6, 322, 5, 6, 1, -1, -1, 1, 0.759809, 0.240266
6, 323, 6, 0, 1, 1, -1, 0, 0.650926, 0.167020
6, 324, 3, 0, 1, 1, 1, 0, 0.439003, 0.041095
6, 325, 1, 0, 1, 1, -1, 0, 0.466116, 0.094322
6, 326, 6, 4, 0, -1, 1, -1, 0.511834, 0.515373
6, 327, 3, 0, 0, -1, -1, 0, 0.454533, 0.434036
6, 328, 1, 0, 1, 1, 1, 0, 0.554654, 0.034520
6, 329, 2, 0, 1, 1, -1, 0, 0.606549, 0.167525
6, 330, 5, 1, 1, 1, -1, 1, 0.736872, 0.034302
6, 331, 6, 0, 1, 1, -1, 0, 0.534387, 0.127584
6, 332, 3, 0, 1, 1, -1, 0, 0.720457, 0.001084
6, 333, 4, 5, 1, 1, -1, -1, 0.612432, 0.027547
6, 334, 1, 0, 1, 1, 1, 0, 1.060070, 0.014369
6, 335, 6, 0, 1, 1, -1, 0, 0.605770, 0.027833
6, 336, 3, 5, 1, 1, 1, 1, 0.512702, 0.154149
6, 337, 2, 0, 1, 1, -1, 0, 0.580333, 0.054408
6, 338, 4, 0, 0, -1, -1, 0, 0.561132, 0.682248
6, 339, 1, 3, 1, 1, 1, 1, 0.593085, 0.053729
6, 340, 2, 0, 1, 1, -1, 0, 0.561132, 0.047673
6, 341, 1, 2, 1, 1, 1, -1, 0.790630, 0.001019
6, 342, 2, 0, 1, 1, -1, 0, 0.627349, 0.041188
6, 343, 4, 1, 1, 1, -1, -1, 0.698963, 0.027807
6, 344, 5, 6, 1, 1, 1, 1, 0.617800, 0.001045
6, 345, 3, 1, 1, 1, 1, 1, 0.823701, 0.007684
6, 346, 6, 0, 1, 1, 1, 0, 0.612729, 0.001074
6, 347, 1, 4, 1, -1, 1, 1, 0.676094, 0.232864
6, 348, 5, 0, 1, 1, 1, 0, 0.527174, 0.074395
6, 349, 6, 4, 1, -1, -1, 1, 0.481077, 0.593375
6, 350, 2, 3, 1, 1, -1, -1, 0.899333, 0.101418
6, 351, 5, 5, 0, -1, -1, -1, 0.705542, 1.260054
6, 352, 3, 0, 1, 1, 1, 0, 0.467996, 0.054670
6, 353, 4, 0, 1, 1, 1, 0, 0.519854, 0.067099
6, 354, 5, 2, 1, 1, -1, 1, 0.758636, 0.001090
6, 355, 3, 0, 1, 1, 1, 0, 0.532628, 0.014286
6, 356, 4, 0, 1, 1, -1, 0, 0.686314, 0.014366
6, 357, 5, 0, 1, 1, -1, 0, 0.583988, 0.001141
6, 358, 2, 4, 1, 1, -1, -1, 0.713844, 1.153108
6, 359, 4, 6, 1, 1, -1, 1, 0.737728, 0.313294
6, 360, 6, 0, 1, 1, -1, 0, 0.627038, 0.007747
6, 361, 5, 0, 1, 1, 1, 0, 0.546258, 0.373946
6, 362, 2, 2, 0, -1, 1, -1, 0.713478, 0.547926
6, 363, 1, 5, 1, 1, 1, 1, 0.666228, 0.001042
6, 364, 1, 0, 1, 1, 1, 0, 0.480509, 0.046937
6, 365, 5, 1, 1, 1, 1, -1, 0.586883, 0.047910
6, 366, 2, 0, 1, 1, 1, 0, 0.552106, 0.001031
6, 367, 5, 6, 1, 1, 1, -1, 1.094109, 0.021006
6, 368, 4, 0, 1, -1, -1, 0, 0.864151, 0.247647
6, 369, 1, 2, 1, 1, -1, 1, 0.631323, 0.014339
6, 370, 5, 0, 1, 1, -1, 0, 0.519443, 0.021115
6, 371, 3, 0, 1, 1, 1, 0, 0.365281, 0.053501
6, 372, 2, 0, 1, 1, -1, 0, 0.533152, 0.047890
6, 373, 2, 1, 1, 1, -1, -1, 0.606660, 0.007713
6, 374, 6, 0, 1, 1, -1, 0, 0.638039, 0.054359
6, 375, 1, 4, 1, 1, -1, 1, 0.677401, 0.054290
6, 376, 4, 0, 1, 1, -1, 0, 0.766264, 0.013916
6, 377, 4, 0, 1, 1, -1, 0, 0.602794, 0.007668
6, 378, 5, 5, 1, 1, 1, 1, 0.674509, 0.007818
6, 379, 4, 0, 1, 1, 1, 0, 0.434330, 0.074363
6, 380, 3, 4, 1, 1, 1, 1, 0.425774, 0.001072
6, 381, 4, 0, 1, 1, 1, 0, 0.426549, 0.114062
6, 382, 5, 0, 1, 1, -1, 0, 0.802406, 0.041129
6, 383, 3, 0, 1, 1, -1, 0, 0.598195, 0.001022
6, 384, 6, 1, 1, 1, -1, 1, 0.717897, 0.034235
6, 385, 4, 5, 1, 1, 1, -1, 0.507607, 0.027782
6, 386, 5, 2, 1, 1, 1, -1, 0.626782, 0.061020
6, 387, 4, 0, 1, 1, -1, 0, 0.598556, 0.027734
6, 388, 1, 0, 1, 1, -1, 0, 0.532487, 0.067915
6, 389, 6, 4, 1, 1, 1, 1, 0.645222, 0.001035
6, 390, 1, 6, 1, 1, -1, -1, 0.625355, 0.021014
6, 391, 3, 0, 1, 1, -1, 0, 1.025560, 0.027806
6, 392, 6, 5, 1, 1, -1, -1, 0.604567, 0.001011
6, 393, 1, 0, 1, 1, -1, 0, 0.485210, 0.001085
6, 394, 6, 2, 1, 1, 1, -1, 0.646315, 0.001071
6, 395, 6, 0, 1, 1, 1, 0, 0.594495, 0.067907
6, 396, 3, 6, 1, 1, 1, 1, 0.511528, 0.021025
6, 397, 3, 0, 1, 1, -1, 0, 0.722165, 0.167998
6, 398, 3, 2, 1, 1, 1, -1, 0.552925, 0.001063
6, 399, 6, 6, 1, 1, 1, 1, 0.688463, 0.027779
6, 400, 1, 0, 1, 1, 1, 0, 0.651502, 0.014295
6, 401, 5, 0, 1, 1, 1, 0, 0.810282, 0.406722
6, 402, 5, 3, 1, 1, -1, 1, 0.652073, 0.100877
6, 403, 2, 0, 1, 1, -1, 0, 0.709151, 0.027636
6, 404, 5, 0, 1, 1, -1, 0, 0.539937, 0.001066
6, 405, 3, 0, 1, 1, 1, 0, 0.508307, 0.001055
6, 406, 4, 5, 1, 1, 1, 1, 0.513726, 0.034612
6, 407, 2, 2, 1, -1, -1, 1, 0.694680, 0.154581
6, 408, 2, 0, 1, -1, -1, 0, 0.458726, 0.021097
6, 409, 3, 5, 1, 1, 1, -1, 0.445772, 0.061170
6, 410, 3, 1, 1, 1, 1, 1, 0.745062, 0.174540
6, 411, 3, 6, 1, 1, 1, 1, 0.472693, 0.100866
6, 412, 3, 0, 0, -1, -1, 0, 0.360037, 0.337604
6, 413, 2, 4, 1, 1, 1, 1, 0.696718, 0.027556
6, 414, 3, 0, 1, 1, 1, 0, 0.512151, 0.001037
6, 415, 2, 6, 1, 1, 1, -1, 0.545876, 0.074241
6, 416, 5, 0, 1, 1, 1, 0, 1.025494, 0.093927
6, 417, 4, 0, 1, 1, 1, 0, 0.586557, 0.087624
6, 418, 2, 5, 1, 1, -1, -1, 0.719605, 0.146322
6, 419, 4, 3, 1, 1, -1, -1, 0.832840, 0.080559
6, 420, 4, 0, 1, 1, -1, 0, 0.578916, 0.001049
6, 421, 2, 2, 1, 1, -1, -1, 0.558382, 0.047814
6, 422, 6, 0, 1, 1, 1, 0, 0.573929, 0.034564
6, 423, 2, 3, 1, 1, 1, -1, 0.565120, 0.034205
6, 424, 1, 0, 1, 1, 1, 0, 0.499793, 0.001215
6, 425, 5, 2, 1, 1, 1, 1, 0.467876, 0.027845
6, 426, 1, 6, 0, -1, 1, 1, 0.640219, 0.971893
6, 427, 2, 6, 1, 1, 1, 1, 0.498687, 0.007754
6, 428, 1, 0, 1, 1, 1, 0, 0.559462, 0.007729
6, 429, 1, 0, 1, 1, 1, 0, 0.577324, 0.001026
6, 430, 6, 2, 1, 1, 1, 1, 0.485811, 0.087634
6, 431, 4, 6, 1, 1, 1, -1, 0.499117, 0.007780
6, 432, 4, 0, 1, 1, 1, 0, 0.433562, 2.066016
6, 433, 3, 4, 1, 1, -1, 1, 0.697154, 0.001029
6, 434, 4, 1, 0, -1, -1, 1, 0.658286, 0.452506
6, 435, 4, 0, 1, 1, -1, 0, 0.478301, 0.066703
6, 436, 6, 0, 1, 1, -1, 0, 0.738117, 0.001057
6, 437, 6, 6, 0, -1, 1, -1, 0.593493, 0.614460
6, 438, 5, 1, 1, -1, 1, 1, 0.611953, 0.114240
6, 439, 5, 0, 1, 1, 1, 0, 0.513296, 0.001055
6, 440, 5, 0, 1, 1, 1, 0, 0.534858, 0.001084
6, 441, 2, 0, 1, 1, 1, 0, 0.564466, 0.001039
6, 442, 5, 0, 1, 1, 1, 0, 0.512672, 0.001066
6, 443, 3, 3, 1, 1, -1, 1, 0.697518, 0.200242
6, 444, 3, 4, 1, 1, -1, 1, 0.673429, 0.001055
6, 445, 3, 2, 1, 1, -1, -1, 0.539129, 0.040647
6, 446, 5, 6, 1, 1, 1, 1, 0.672307, 0.001416
6, 447, 6, 0, 1, 1, 1, 0, 0.585437, 0.001053
6, 448, 6, 0, 0, -1, -1, 0, 0.561849, 0.268233
6, 449, 6, 6, 1, 1, -1, -1, 0.560098, 0.027739
6, 450, 3, 6, 1, 1, -1, 1, 0.685666, 0.007654
6, 451, 5, 4, 1, -1, 1, -1, 0.783472, 0.140857
6, 452, 2, 0, 1, 1, -1, 0, 0.500092, 0.114297
6, 453, 4, 0, 1, 1, -1, 0, 0.465347, 0.120633
6, 454, 5, 4, 1, 1, 1, 1, 0.526822, 0.040576
6, 455, 4, 2, 1, 1, 1, -1, 0.526255, 0.068073
6, 456, 6, 3, 1, 1, -1, -1, 0.612210, 0.027662
6, 457, 2, 5, 1, 1, 1, 1, 0.587747, 0.001034
6, 458, 1, 1, 1, 1, 1, -1, 0.724166, 0.001025
6, 459, 3, 1, 1, -1, -1, 1, 0.625884, 0.517688
6, 460, 6, 4, 1, 1, -1, -1, 0.653543, 0.034101
6, 461, 5, 5, 1, 1, -1, -1, 0.566635, 0.021139
6, 462, 2, 2, 1, 1, 1, 1, 0.587375, 0.054470
6, 463, 5, 3, 1, 1, -1, -1, 0.577522, 0.107338
6, 464, 1, 0, 1, 1, -1, 0, 0.552917, 0.021031
6, 465, 4, 4, 1, 1, -1, 1, 0.649139, 0.080790
6, 466, 5, 3, 1, 1, 1, 1, 0.499946, 0.027225
6, 467, 6, 5, 1, 1, -1, 1, 0.631399, 0.034304
6, 468, 3, 0, 1, 1, -1, 0, 0.551304, 0.001064
6, 469, 2, 0, 1, 1, 1, 0, 0.507256, 0.351704
6, 470, 4, 0, 1, 1, -1, 0, 0.526299, 0.120694
6, 471, 1, 0, 1, 1, 1, 0, 0.601542, 0.007756
6, 472, 5, 5, 1, 1, 1, -1, 0.904944, 0.087120
6, 473, 2, 2, 1, 1, 1, 1, 0.677623, 0.067078
6, 474, 3, 0, 1, 1, 1, 0, 0.538677, 0.073916
6, 475, 6, 1, 1, 1, -1, -1, 0.657305, 0.061131
6, 476, 6, 3, 1, 1, 1, 1, 0.673816, 0.001061
6, 477, 3, 0, 1, 1, -1, 0, 0.579270, 0.027723
6, 478, 5, 0, 1, 1, 1, 0, 0.584625, 0.054261
6, 479, 3, 0, 1, 1, -1, 0, 0.572909, 0.047442
6, 480, 6, 0, 1, 1, 1, 0, 0.599115, 0.053868
6, 481, 1, 0, 1, 1, 1, 0, 0.534473, 0.054502
6, 482, 4, 3, 1, 1, 1, -1, 0.517691, 0.020928
6, 483, 6, 0, 1, 1, 1, 0, 0.533653, 0.001055
6, 484, 5, 0, 1, 1, -1, 0, 0.533792, 0.001067
6, 485, 3, 1, 1, 1, -1, -1, 0.755072, 0.060596
6, 486, 6, 0, 1, 1, 1, 0, 0.501456, 0.081132
6, 487, 5, 0, 1, 1, -1, 0, 0.591614, 0.027679
6, 488, 1, 0, 1, 1, -1, 0, 0.540694, 0.007711
6, 489, 5, 5, 1, 1, 1, 1, 0.540724, 0.041198
6, 490, 2, 0, 1, 1, -1, 0, 0.513272, 0.034638
6, 491, 3, 4, 1, 1, 1, -1, 0.460015, 0.134122
6, 492, 4, 0, 1, 1, 1, 0, 0.412520, 0.001054
6, 493, 2, 0, 1, 1, -1, 0, 0.512923, 0.107625
6, 494, 6, 2, 1, -1, -1, 1, 1.301458, 0.073956
6, 495, 3, 5, 0, -1, -1, -1, 0.467385, 0.207607
6, 496, 2, 6, 1, 1, 1, 1, 0.485187, 0.067871
6, 497, 3, 0, 1, 1, 1, 0, 0.499716, 0.027764
6, 498, 3, 0, 1, 1, -1, 0, 0.552206, 0.041062
6, 499, 5, 4, 1, 1, -1, -1, 0.751813, 0.040917
6, 500, 3, 0, 1, 1, 1, 0, 0.531056, 0.041071
6, 501, 3, 3, 1, 1, 1, 1, 0.626765, 0.021125
6, 502, 5, 0, 1, 1, -1, 0, 0.561234, 0.014390
6, 503, 2, 1, 1, -1, 1, 1, 0.791769, 0.087037
6, 504, 2, 1, 1, 1, 1, 1, 0.619478, 0.027877
6, 505, 2, 6, 1, -1, 1, -1, 0.481980, 0.174741
6, 506, 6, 0, 1, 1, 1, 0, 0.587919, 0.001077
6, 507, 6, 3, 1, 1, 1, 1, 0.481447, 0.001068
6, 508, 1, 6, 1, 1, -1, 1, 0.706743, 0.161323
6, 509, 3, 6, 1, 1, 1, -1, 0.427284, 0.040777
6, 510, 5, 3, 1, 1, -1, -1, 0.613547, 0.001051
6, 511, 6, 6, 1, 1, -1, 1, 0.639197, 0.001401
6, 512, 1, 0, 1, 1, 1, 0, 0.486285, 0.001065
6, 513, 6, 3, 1, 1, 1, -1, 0.571101, 0.027853
6, 514, 5, 0, 1, 1, -1, 0, 0.546920, 0.107972
6, 515, 1, 3, 1, -1, -1, 1, 0.577823, 0.526158
6, 516, 2, 2, 1, 1, -1, 1, 0.493936, 0.020986
6, 517, 4, 0, 1, 1, 1, 0, 0.485769, 0.054227
6, 518, 1, 6, 1, 1, -1, -1, 0.505878, 0.034366
6, 519, 1, 0, 1, -1, -1, 0, 0.731438, 0.234232
6, 520, 4, 0, 0, -1, -1, 0, 0.407621, 0.280157
6, 521, 3, 0, 1, -1, -1, 0, 0.593337, 0.724949
6, 522, 6, 1, 1, -1, 1, -1, 0.719028, 0.127708
6, 523, 4, 0, 1, 1, -1, 0, 0.512020, 0.040896
6, 524, 5, 4, 1, 1, -1, -1, 0.718387, 0.273613
6, 525, 5, 5, 1, 1, -1, 1, 0.660178, 0.034717
6, 526, 4, 0, 1, 1, 1, 0, 0.466701, 0.001036
6, 527, 6, 0, 1, 1, 1, 0, 0.519377, 0.001028
6, 528, 1, 4, 0, -1, 1, 1, 0.959091, 0.479524
6, 529, 2, 0, 0, -1, -1, 0, 0.647066, 0.300670
6, 530, 2, 0, 1, 1, 1, 0, 0.480862, 0.001076
6, 531, 2, 0, 1, 1, -1, 0, 0.559411, 0.001085
6, 532, 3, 4, 1, 1, 1, 1, 0.473604, 0.054439
6, 533, 1, 0, 1, 1, -1, 0, 0.698761, 0.040976
6, 534, 5, 0, 1, 1, 1, 0, 0.712596, 0.067437
6, 535, 5, 0, 1, 1, -1, 0, 0.552566, 0.001049
6, 536, 2, 0, 1, 1, 1, 0, 0.433665, 0.001099
6, 537, 2, 1, 1, -1, -1, 1, 0.520044, 0.215075
6, 538, 4, 3, 1, 1, -1, -1, 0.652248, 0.047607
6, 539, 4, 0, 1, 1, 1, 0, 0.399227, 0.001030
6, 540, 4, 0, 1, 1, 1, 0, 0.426651, 0.001022
6, 541, 6, 5, 0, 1, 1, 1, 0.531473, 0.001092
6, 542, 4, 0, 0, -1, -1, 0, 0.408068, 0.374561
6, 543, 4, 0, 1, 1, 1, 0, 0.553353, 0.001055
6, 544, 6, 3, 1, -1, 1, -1, 1.197450, 0.087167
6, 545, 4, 6, 1, 1, 1, 1, 0.751196, 0.020671
6, 546, 5, 2, 1, 1, -1, 1, 0.737557, 0.127101
6, 547, 3, 2, 0, -1, -1, -1, 0.724741, 0.241085
6, 548, 1, 0, 1, 1, 1, 0, 0.584619, 0.001077
6, 549, 6, 1, 1, -1, 1, 1, 0.672340, 0.127549
6, 550, 2, 1, 1, -1, 1, -1, 0.657604, 0.054561
6, 551, 5, 0, 1, 1, -1, 0, 0.546191, 0.053730
6, 552, 3, 0, 1, 1, -1, 0, 0.492502, 0.001097
6, 553, 3, 0, 1, 1, 1, 0, 0.488083, 0.047687
6, 554, 3, 0, 1, 1, -1, 0, 1.293206, 0.040767
6, 555, 6, 0, 1, 1, 1, 0, 0.632546, 0.074012
6, 556, 1, 5, 1, -1, -1, 1, 0.786464, 0.061531
6, 557, 3, 0, 1, 1, 1, 0, 0.414366, 0.001078
6, 558, 2, 0, 1, 1, -1, 0, 0.501915, 0.040801
6, 559, 1, 0, 1, 1, 1, 0, 0.471207, 0.001029
6, 560, 5, 0, 1, 1, 1, 0, 0.406277, 0.001025
6, 561, 6, 5, 1, 1, -1, 1, 0.631996, 0.520506
6, 562, 5, 0, 1, 1, -1, 0, 0.599520, 0.007689
6, 563, 6, 0, 1, 1, 1, 0, 1.094723, 0.001053
6, 564, 1, 0, 1, 1, 1, 0, 0.517968, 0.107234
6, 565, 1, 6, 1, 1, 1, -1, 0.883764, 0.001028
6, 566, 1, 0, 1, 1, 1, 0, 0.433354, 0.001033
6, 567, 4, 5, 1, 1, 1, 1, 0.470616, 0.001028
6, 568, 1, 1, 1, 1, 1, 1, 0.792689, 0.001020
6, 569, 2, 0, 1, 1, 1, 0, 0.553225, 0.001045
6, 570, 4, 2, 1, 1, 1, 1, 0.433379, 0.001023
6, 571, 2, 0, 1, 1, 1, 0, 0.489891, 0.047602
6, 572, 5, 2, 1, 1, 1, -1, 0.419349, 0.020536
6, 573, 3, 2, 1, 1, 1, 1, 0.499610, 0.014318
6, 574, 3, 6, 1, 1, -1, -1, 0.885183, 0.014293
6, 575, 6, 0, 1, 1, -1, 0, 0.560811, 0.014436
6, 576, 4, 0, 1, 1, 1, 0, 0.445428, 0.021071
