observer, trial, targLoc, distLoc, targDiscrim, thoughtNoAttCap, tc, dc, RT, TrialTypeRT
2, 1, 6, 3, 1, 1, 1, 1, 10.819592, 5.443724
2, 2, 3, 3, 1, 1, 1, -1, 7.215444, 2.599560
2, 3, 4, 0, 1, 1, -1, 0, 2.346616, 1.576148
2, 4, 5, 6, 1, 1, 1, -1, 4.082819, 1.531902
2, 5, 4, 3, 0, -1, 1, -1, 4.450054, 1.420934
2, 6, 4, 0, 1, 1, 1, 0, 1.992357, 2.051048
2, 7, 5, 1, 1, 1, -1, 1, 2.800578, 1.610246
2, 8, 1, 0, 1, 1, -1, 0, 2.662803, 1.532135
2, 9, 3, 0, 1, 1, -1, 0, 2.260415, 2.262984
2, 10, 1, 5, 1, 1, 1, 1, 4.628772, 1.745694
2, 11, 4, 0, 1, 1, -1, 0, 1.891605, 1.719645
2, 12, 4, 4, 1, 1, 1, -1, 3.179487, 1.069549
2, 13, 1, 4, 1, -1, -1, 1, 4.180648, 0.729395
2, 14, 1, 0, 1, 1, 1, 0, 2.881224, 1.646842
2, 15, 5, 2, 1, 1, 1, 1, 4.518747, 1.120255
2, 16, 6, 0, 1, 1, -1, 0, 0.001099, 0.528784
2, 17, 2, 0, 1, 1, 1, 0, 1.925888, 0.001004
2, 18, 1, 2, 1, -1, 1, -1, 3.486798, 0.820609
2, 19, 1, 0, 1, 1, 1, 0, 2.307957, 4.642562
2, 20, 1, 1, 1, -1, -1, 1, 4.806460, 0.724917
2, 21, 5, 0, 1, 1, -1, 0, 1.796357, 1.719987
2, 22, 2, 2, 1, -1, -1, 1, 2.748272, 0.446137
2, 23, 3, 0, 1, 1, 1, 0, 2.182029, 1.060296
2, 24, 1, 3, 1, -1, -1, -1, 2.407882, 0.617546
2, 25, 3, 3, 1, 1, 1, 1, 1.910755, 1.312892
2, 26, 2, 0, 1, 1, 1, 0, 3.272410, 1.170638
2, 27, 1, 2, 1, 1, 1, -1, 4.211980, 1.575192
2, 28, 6, 2, 1, 1, 1, 1, 1.700179, 1.561298
2, 29, 6, 1, 1, 1, -1, 1, 3.592091, 0.931755
2, 30, 6, 0, 1, 1, 1, 0, 1.283876, 0.785400
2, 31, 1, 5, 1, 1, 1, -1, 1.393072, 0.432281
2, 32, 2, 1, 1, 1, 1, -1, 1.567500, 0.469692
2, 33, 2, 0, 1, 1, -1, 0, 1.173772, 0.536704
2, 34, 4, 2, 1, 1, 1, 1, 1.506815, 0.549951
2, 35, 2, 4, 1, 1, -1, -1, 1.105152, 0.425189
2, 36, 2, 4, 1, 1, 1, 1, 1.226467, 0.640968
2, 37, 1, 6, 1, 1, 1, -1, 2.174824, 2.571009
2, 38, 4, 0, 1, 1, 1, 0, 1.065276, 0.484986
2, 39, 5, 4, 1, -1, 1, 1, 3.147576, 2.134732
2, 40, 4, 5, 1, 1, 1, 1, 2.938817, 1.077610
2, 41, 1, 5, 1, 1, -1, -1, 1.344088, 0.769373
2, 42, 6, 5, 1, 1, -1, -1, 2.480908, 0.443748
2, 43, 4, 0, 1, 1, -1, 0, 1.035912, 0.413604
2, 44, 2, 2, 1, 1, 1, 1, 1.406129, 0.001026
2, 45, 5, 0, 1, 1, 1, 0, 2.096730, 1.028695
2, 46, 5, 0, 1, 1, -1, 0, 1.347084, 1.122819
2, 47, 4, 4, 1, 1, -1, -1, 2.131500, 1.771393
2, 48, 1, 1, 1, 1, 1, -1, 2.061016, 0.457162
2, 49, 5, 1, 1, 1, -1, -1, 1.320699, 0.651869
2, 50, 5, 6, 1, 1, 1, -1, 1.667494, 0.795281
2, 51, 4, 0, 1, 1, -1, 0, 1.325903, 0.755759
2, 52, 5, 5, 1, 1, -1, 1, 1.430001, 0.290911
2, 53, 2, 0, 1, 1, 1, 0, 3.839584, 0.536714
2, 54, 3, 0, 1, 1, -1, 0, 2.593839, 0.424790
2, 55, 2, 6, 1, 1, 1, 1, 0.886037, 0.001005
2, 56, 4, 3, 1, 1, 1, 1, 2.620341, 0.278701
2, 57, 1, 6, 1, 1, -1, 1, 1.609578, 0.307232
2, 58, 6, 3, 1, -1, -1, 1, 2.234434, 0.893981
2, 59, 5, 0, 1, 1, -1, 0, 1.554156, 1.984334
2, 60, 4, 6, 1, 1, -1, -1, 1.353474, 0.385448
2, 61, 4, 6, 1, 1, 1, -1, 2.342863, 0.588342
2, 62, 3, 1, 1, 1, -1, -1, 1.041688, 0.438353
2, 63, 3, 0, 1, 1, 1, 0, 1.507252, 0.259707
2, 64, 1, 4, 1, 1, -1, -1, 1.966508, 0.323473
2, 65, 5, 0, 1, 1, -1, 0, 1.041032, 0.264944
2, 66, 2, 0, 1, 1, -1, 0, 0.910067, 0.232496
2, 67, 5, 2, 1, 1, 1, 1, 1.151929, 0.265249
2, 68, 3, 5, 1, 1, -1, -1, 1.118149, 0.279960
2, 69, 4, 0, 1, 1, -1, 0, 1.488840, 0.250889
2, 70, 2, 2, 1, 1, 1, 1, 1.636050, 0.232592
2, 71, 3, 0, 1, 1, 1, 0, 2.145584, 0.483271
2, 72, 6, 3, 1, -1, 1, -1, 2.206366, 1.565344
2, 73, 3, 0, 1, 1, -1, 0, 1.671665, 1.139115
2, 74, 6, 6, 1, 1, 1, 1, 1.632001, 0.570674
2, 75, 2, 0, 1, 1, 1, 0, 0.759093, 0.344036
2, 76, 4, 5, 1, 1, -1, -1, 1.617965, 0.358538
2, 77, 3, 0, 1, 1, -1, 0, 1.300770, 0.254050
2, 78, 2, 6, 1, 1, -1, -1, 3.646401, 0.366177
2, 79, 2, 0, 1, 1, -1, 0, 2.489739, 0.456372
2, 80, 6, 0, 1, 1, -1, 0, 1.283060, 0.339027
2, 81, 5, 0, 1, 1, -1, 0, 2.933798, 0.683201
2, 82, 3, 6, 1, 1, 1, -1, 1.227245, 0.300672
2, 83, 3, 0, 1, 1, 1, 0, 1.363135, 0.800699
2, 84, 6, 4, 1, -1, -1, 1, 1.917424, 0.983526
2, 85, 3, 0, 1, 1, -1, 0, 1.158021, 0.324736
2, 86, 4, 0, 1, 1, 1, 0, 1.300209, 0.310993
2, 87, 3, 0, 1, 1, 1, 0, 0.993999, 0.732413
2, 88, 1, 0, 1, 1, 1, 0, 1.567340, 0.346225
2, 89, 1, 0, 1, 1, -1, 0, 0.968910, 0.572303
2, 90, 5, 0, 1, 1, -1, 0, 1.438603, 0.439803
2, 91, 6, 0, 1, 1, 1, 0, 1.074625, 0.266274
2, 92, 3, 0, 1, 1, -1, 0, 1.024278, 0.267123
2, 93, 4, 0, 1, 1, 1, 0, 1.263868, 0.001034
2, 94, 5, 0, 1, 1, -1, 0, 1.302414, 0.389227
2, 95, 4, 0, 1, 1, -1, 0, 1.656533, 0.293214
2, 96, 4, 4, 1, 1, -1, 1, 1.434847, 0.569810
2, 97, 3, 0, 1, 1, -1, 0, 0.947474, 0.395764
2, 98, 5, 3, 1, -1, -1, -1, 1.549180, 0.383701
2, 99, 5, 3, 1, -1, -1, -1, 2.096412, 0.670455
2, 100, 2, 0, 1, 1, 1, 0, 1.249094, 0.306391
2, 101, 4, 4, 1, 1, 1, -1, 5.798108, 0.338186
2, 102, 5, 0, 1, 1, 1, 0, 0.933617, 0.238940
2, 103, 5, 0, 1, 1, -1, 0, 1.013193, 0.279479
2, 104, 5, 4, 1, -1, -1, 1, 2.066880, 0.350339
2, 105, 2, 0, 1, 1, -1, 0, 0.810080, 0.100402
2, 106, 2, 0, 1, 1, 1, 0, 0.592431, 0.186676
2, 107, 1, 3, 1, 1, -1, -1, 1.524552, 0.346710
2, 108, 2, 0, 1, 1, 1, 0, 0.842938, 0.193740
2, 109, 4, 2, 1, 1, -1, -1, 1.718753, 0.225483
2, 110, 4, 1, 1, 1, -1, -1, 1.037062, 0.258451
2, 111, 5, 0, 1, 1, 1, 0, 1.163498, 0.267359
2, 112, 3, 2, 1, 1, 1, 1, 1.841437, 0.383423
2, 113, 4, 1, 1, 1, 1, 1, 0.907195, 0.205489
2, 114, 6, 4, 1, 1, 1, -1, 3.610630, 0.159398
2, 115, 1, 1, 1, 1, 1, 1, 1.054035, 0.271814
2, 116, 1, 0, 1, 1, -1, 0, 0.794542, 0.073758
2, 117, 5, 0, 1, 1, 1, 0, 2.621252, 0.153213
2, 118, 2, 6, 1, 1, 1, -1, 0.864389, 0.073804
2, 119, 2, 0, 1, 1, 1, 0, 0.555649, 0.219353
2, 120, 6, 5, 1, 1, 1, -1, 1.553807, 0.258677
2, 121, 5, 0, 1, 1, 1, 0, 1.300161, 0.233522
2, 122, 2, 5, 1, 1, -1, 1, 1.138782, 0.159000
2, 123, 6, 0, 1, 1, -1, 0, 0.983780, 0.027476
2, 124, 6, 6, 1, 1, -1, 1, 0.896390, 0.001005
2, 125, 5, 5, 1, 1, 1, -1, 1.202012, 0.054176
2, 126, 2, 4, 1, -1, -1, 1, 1.832258, 0.664980
2, 127, 4, 0, 1, 1, -1, 0, 1.655319, 0.213316
2, 128, 3, 0, 1, 1, 1, 0, 0.903903, 1.043692
2, 129, 3, 5, 1, 1, -1, 1, 1.050606, 0.160922
2, 130, 1, 6, 1, 1, -1, -1, 2.100602, 0.859227
2, 131, 1, 0, 1, 1, 1, 0, 1.067311, 0.870438
2, 132, 3, 0, 1, 1, 1, 0, 0.933620, 0.252418
2, 133, 2, 0, 1, 1, -1, 0, 0.855363, 0.206252
2, 134, 1, 0, 1, 1, 1, 0, 0.714954, 0.193310
2, 135, 6, 0, 1, 1, -1, 0, 0.966006, 0.067533
2, 136, 6, 2, 1, 1, -1, 1, 1.287069, 0.239851
2, 137, 2, 0, 1, 1, -1, 0, 1.288118, 0.305418
2, 138, 6, 6, 1, 1, -1, -1, 0.910078, 0.259417
2, 139, 2, 1, 1, 1, -1, -1, 1.073044, 0.253171
2, 140, 3, 0, 1, 1, -1, 0, 0.987956, 0.291968
2, 141, 3, 5, 1, 1, -1, -1, 1.060653, 0.272335
2, 142, 1, 0, 1, 1, -1, 0, 0.797247, 0.293953
2, 143, 5, 0, 1, 1, -1, 0, 0.824656, 0.160104
2, 144, 3, 2, 1, 1, -1, -1, 0.939537, 0.237602
2, 145, 5, 3, 1, 1, 1, 1, 1.209297, 0.233806
2, 146, 3, 4, 1, 1, 1, 1, 0.917317, 0.259390
2, 147, 3, 5, 1, 1, -1, 1, 1.689937, 0.391873
2, 148, 2, 3, 1, 1, 1, 1, 1.087574, 0.225549
2, 149, 4, 0, 1, 1, 1, 0, 0.940323, 0.001008
2, 150, 4, 0, 1, 1, 1, 0, 0.682945, 0.080820
2, 151, 3, 0, 1, 1, -1, 0, 0.575887, 0.119882
2, 152, 1, 0, 1, 1, -1, 0, 0.800432, 0.346469
2, 153, 1, 2, 1, 1, 1, 1, 0.940880, 0.165554
2, 154, 4, 0, 1, 1, -1, 0, 1.126049, 0.207254
2, 155, 3, 4, 1, 1, -1, 1, 1.150939, 0.147111
2, 156, 6, 3, 1, -1, 1, -1, 2.039759, 0.436276
2, 157, 3, 0, 1, 1, -1, 0, 0.980455, 0.337657
2, 158, 1, 4, 1, 1, 1, 1, 1.305382, 0.000998
2, 159, 1, 2, 1, 1, -1, 1, 1.544278, 0.274869
2, 160, 5, 0, 1, 1, -1, 0, 0.737334, 0.332198
2, 161, 5, 6, 1, 1, -1, -1, 1.129611, 0.194078
2, 162, 5, 1, 1, 1, 1, 1, 1.428394, 0.080392
2, 163, 5, 0, 1, 1, 1, 0, 1.016193, 0.218163
2, 164, 5, 6, 1, 1, -1, 1, 2.786352, 0.105716
2, 165, 6, 0, 1, 1, -1, 0, 0.742619, 0.192545
2, 166, 2, 6, 1, 1, 1, 1, 1.921641, 0.054009
2, 167, 3, 6, 1, 1, -1, 1, 1.128912, 0.553687
2, 168, 2, 2, 1, 1, 1, -1, 0.978498, 0.290728
2, 169, 3, 3, 1, -1, -1, -1, 1.380289, 0.431927
2, 170, 5, 0, 1, 1, 1, 0, 0.943890, 0.404336
2, 171, 6, 0, 1, 1, 1, 0, 1.742381, 0.206490
2, 172, 5, 3, 1, 1, -1, 1, 1.004605, 0.252177
2, 173, 6, 5, 1, 1, 1, -1, 1.333383, 0.000998
2, 174, 4, 0, 1, 1, -1, 0, 1.044841, 0.232037
2, 175, 1, 3, 1, 1, 1, 1, 1.744020, 0.027541
2, 176, 3, 1, 1, 1, -1, 1, 1.062099, 0.238575
2, 177, 4, 3, 1, 1, -1, 1, 1.265036, 0.059974
2, 178, 6, 3, 1, 1, -1, -1, 1.208901, 0.107520
2, 179, 5, 5, 1, 1, -1, -1, 1.258825, 0.205689
2, 180, 2, 0, 1, 1, -1, 0, 0.731128, 0.201261
2, 181, 5, 2, 1, 1, -1, -1, 1.045861, 0.046987
2, 182, 1, 0, 1, 1, -1, 0, 0.808736, 0.007637
2, 183, 2, 0, 1, 1, -1, 0, 0.815600, 0.014125
2, 184, 3, 4, 0, -1, -1, -1, 0.908200, 1.502471
2, 185, 5, 5, 1, 1, 1, 1, 1.546481, 0.194554
2, 186, 2, 1, 1, 1, -1, 1, 0.946313, 0.067222
2, 187, 4, 0, 1, 1, 1, 0, 0.822915, 0.020959
2, 188, 5, 1, 1, 1, -1, 1, 1.041021, 0.001043
2, 189, 6, 4, 1, 1, -1, -1, 1.750541, 0.001002
2, 190, 5, 0, 1, 1, 1, 0, 2.158932, 0.001037
2, 191, 6, 6, 1, 1, 1, 1, 1.001546, 0.001046
2, 192, 6, 0, 1, 1, -1, 0, 1.004690, 0.001015
2, 193, 6, 0, 1, 1, 1, 0, 0.848552, 1.225601
2, 194, 2, 3, 1, 1, -1, 1, 0.993593, 0.001006
2, 195, 2, 5, 1, 1, -1, 1, 0.791657, 0.001038
2, 196, 1, 0, 1, 1, 1, 0, 0.856502, 0.001046
2, 197, 2, 0, 1, 1, -1, 0, 0.736910, 0.027236
2, 198, 4, 0, 1, 1, 1, 0, 0.995119, 0.001025
2, 199, 1, 0, 1, 1, -1, 0, 0.816707, 0.134349
2, 200, 6, 0, 1, 1, -1, 0, 1.093955, 0.553802
2, 201, 3, 0, 1, 1, 1, 0, 1.009980, 0.086727
2, 202, 2, 0, 1, 1, 1, 0, 0.651086, 0.127159
2, 203, 4, 0, 1, 1, -1, 0, 0.748886, 0.000998
2, 204, 4, 2, 1, 1, 1, 1, 1.208288, 0.001006
2, 205, 4, 0, 1, 1, 1, 0, 0.683822, 0.001001
2, 206, 4, 0, 1, 1, -1, 0, 0.708064, 0.000989
2, 207, 6, 4, 1, 1, 1, -1, 1.251783, 0.001009
2, 208, 1, 0, 1, 1, -1, 0, 0.691296, 0.258874
2, 209, 3, 0, 1, 1, 1, 0, 0.589811, 0.060356
2, 210, 4, 3, 1, 1, -1, -1, 2.289672, 0.200212
2, 211, 2, 0, 1, 1, -1, 0, 0.677420, 0.353091
2, 212, 1, 0, 1, 1, 1, 0, 0.668233, 0.173256
2, 213, 6, 1, 1, 1, 1, 1, 1.055655, 0.173615
2, 214, 1, 3, 1, 1, 1, -1, 1.335946, 0.073968
2, 215, 4, 0, 1, 1, 1, 0, 1.506762, 0.014318
2, 216, 6, 0, 1, 1, -1, 0, 0.749330, 0.001060
2, 217, 6, 1, 1, 1, 1, -1, 1.273982, 0.166594
2, 218, 5, 0, 1, 1, 1, 0, 0.769599, 0.060913
2, 219, 1, 5, 1, 1, 1, -1, 0.857111, 0.126739
2, 220, 3, 0, 1, 1, 1, 0, 1.414246, 0.266339
2, 221, 2, 0, 1, 1, 1, 0, 0.730903, 0.053802
2, 222, 5, 3, 1, 1, -1, 1, 1.044195, 0.094274
2, 223, 2, 2, 1, 1, 1, -1, 1.085849, 0.001070
2, 224, 2, 0, 1, 1, 1, 0, 0.780559, 0.033728
2, 225, 2, 0, 1, 1, -1, 0, 0.655768, 0.001003
2, 226, 3, 0, 1, 1, 1, 0, 0.534975, 0.001024
2, 227, 1, 0, 1, 1, -1, 0, 0.688647, 0.001052
2, 228, 3, 0, 1, 1, -1, 0, 0.676525, 0.001024
2, 229, 5, 0, 1, 1, -1, 0, 0.651323, 0.001029
2, 230, 6, 0, 1, 1, 1, 0, 0.876877, 0.001021
2, 231, 1, 0, 1, 1, -1, 0, 0.715976, 0.001032
2, 232, 3, 6, 1, 1, 1, 1, 1.012869, 0.001005
2, 233, 2, 5, 1, 1, -1, -1, 1.072514, 0.001012
2, 234, 5, 5, 1, 1, -1, 1, 1.016670, 0.001003
2, 235, 1, 6, 1, 1, -1, 1, 1.036362, 0.000997
2, 236, 6, 0, 1, 1, 1, 0, 0.801834, 0.001045
2, 237, 5, 0, 0, 1, 1, 0, 1.166868, 0.001005
2, 238, 2, 0, 1, 1, 1, 0, 0.675623, 0.000998
2, 239, 4, 0, 1, 1, -1, 0, 0.739386, 0.001046
2, 240, 1, 3, 1, -1, 1, 1, 1.671513, 0.890012
2, 241, 5, 1, 1, 1, 1, 1, 1.541917, 0.199123
2, 242, 1, 0, 1, 1, -1, 0, 1.003130, 0.001010
2, 243, 4, 0, 1, 1, 1, 0, 1.789829, 0.259230
2, 244, 2, 2, 1, 1, -1, -1, 0.928108, 0.258417
2, 245, 5, 0, 1, 1, 1, 0, 1.534243, 0.734076
2, 246, 2, 0, 1, 1, -1, 0, 0.610522, 0.027469
2, 247, 2, 6, 1, 1, -1, 1, 1.669118, 0.351169
2, 248, 6, 0, 1, 1, 1, 0, 0.810512, 0.001014
2, 249, 4, 0, 1, 1, -1, 0, 1.311145, 0.245574
2, 250, 1, 0, 1, 1, 1, 0, 1.462929, 0.649040
2, 251, 2, 0, 1, 1, -1, 0, 1.217483, 0.192989
2, 252, 1, 1, 1, 1, -1, -1, 1.008150, 0.113511
2, 253, 3, 0, 1, 1, 1, 0, 0.978458, 0.114453
2, 254, 4, 6, 1, 1, -1, -1, 1.093018, 0.001017
2, 255, 4, 4, 1, 1, 1, 1, 1.235794, 0.001042
2, 256, 2, 5, 1, 1, 1, 1, 1.203330, 0.220144
2, 257, 1, 3, 1, 1, -1, 1, 1.087565, 0.205455
2, 258, 4, 2, 1, 1, -1, -1, 1.585398, 0.352532
2, 259, 2, 0, 1, 1, 1, 0, 0.656171, 0.000990
2, 260, 2, 3, 1, -1, 1, -1, 0.960162, 1.035717
2, 261, 1, 5, 1, 1, -1, -1, 1.322251, 0.001033
2, 262, 3, 0, 1, 1, 1, 0, 0.723713, 0.001006
2, 263, 4, 0, 1, 1, 1, 0, 0.833779, 0.001022
2, 264, 1, 0, 1, 1, 1, 0, 0.721276, 0.033802
2, 265, 1, 0, 1, 1, 1, 0, 0.684659, 0.020997
2, 266, 1, 4, 1, 1, 1, 1, 0.772122, 0.000998
2, 267, 4, 5, 1, -1, 1, 1, 1.623627, 0.470857
2, 268, 6, 4, 1, 1, 1, 1, 1.738326, 0.034181
2, 269, 4, 1, 1, 1, 1, -1, 0.866503, 0.001005
2, 270, 3, 0, 1, 1, 1, 0, 0.748156, 0.001005
2, 271, 6, 0, 1, 1, -1, 0, 1.071696, 0.072717
2, 272, 6, 1, 1, 1, -1, -1, 0.963205, 0.120380
2, 273, 2, 0, 1, 1, -1, 0, 0.669873, 0.001000
2, 274, 5, 0, 1, 1, 1, 0, 0.738574, 0.001022
2, 275, 2, 5, 1, 1, 1, -1, 0.780956, 0.001010
2, 276, 6, 0, 1, 1, 1, 0, 0.769730, 0.000979
2, 277, 3, 1, 1, 1, 1, -1, 1.224014, 0.001002
2, 278, 3, 0, 1, 1, 1, 0, 0.648059, 0.001006
2, 279, 4, 4, 1, 1, -1, -1, 1.528369, 0.001036
2, 280, 4, 0, 1, 1, -1, 0, 0.862415, 0.000999
2, 281, 3, 0, 1, 1, -1, 0, 0.847949, 0.001041
2, 282, 1, 0, 1, 1, 1, 0, 1.357699, 0.152502
2, 283, 5, 0, 1, 1, 1, 0, 0.881720, 0.185921
2, 284, 3, 1, 1, 1, 1, 1, 1.171610, 0.093639
2, 285, 6, 0, 1, 1, -1, 0, 0.879921, 0.027068
2, 286, 3, 0, 1, 1, -1, 0, 0.849186, 0.067719
2, 287, 5, 0, 1, 1, -1, 0, 0.955399, 0.418205
2, 288, 3, 2, 1, 1, -1, -1, 0.965980, 0.001039
2, 289, 2, 0, 1, 1, 1, 0, 0.957154, 0.877542
2, 290, 5, 0, 1, 1, -1, 0, 0.702951, 0.846283
2, 291, 4, 0, 1, 1, 1, 0, 0.509910, 0.383303
2, 292, 3, 4, 1, 1, 1, 1, 0.940092, 0.214183
2, 293, 6, 0, 1, 1, -1, 0, 0.578076, 0.040678
2, 294, 4, 6, 1, 1, -1, 1, 1.018292, 0.079755
2, 295, 1, 1, 1, 1, 1, 1, 1.068837, 0.106949
2, 296, 6, 4, 1, 1, 1, 1, 1.061101, 0.020956
2, 297, 2, 0, 1, 1, 1, 0, 0.663165, 0.001008
2, 298, 4, 0, 1, 1, -1, 0, 1.355662, 0.126332
2, 299, 4, 2, 1, 1, -1, 1, 1.837184, 0.247352
2, 300, 4, 4, 1, 1, 1, 1, 0.800575, 0.001014
2, 301, 2, 0, 1, 1, -1, 0, 0.904763, 0.683940
2, 302, 4, 0, 1, 1, 1, 0, 0.544892, 0.034114
2, 303, 5, 3, 1, 1, 1, -1, 1.264471, 0.093712
2, 304, 3, 5, 1, 1, 1, -1, 1.096685, 0.001234
2, 305, 3, 0, 1, 1, 1, 0, 0.793967, 0.001003
2, 306, 6, 5, 1, 1, 1, 1, 1.072194, 0.001007
2, 307, 1, 0, 1, 1, -1, 0, 0.591235, 0.001009
2, 308, 3, 5, 1, 1, 1, 1, 0.802541, 0.000978
2, 309, 2, 3, 1, 1, 1, 1, 0.585417, 0.027571
2, 310, 5, 4, 0, -1, 1, -1, 0.744604, 1.051499
2, 311, 3, 0, 1, 1, -1, 0, 0.648165, 0.001023
2, 312, 3, 0, 1, 1, 1, 0, 0.624197, 0.001007
2, 313, 4, 4, 1, 1, -1, 1, 1.118587, 0.001005
2, 314, 2, 0, 1, 1, 1, 0, 0.980032, 0.000994
2, 315, 5, 4, 1, 1, -1, -1, 1.083886, 0.034320
2, 316, 6, 0, 1, 1, 1, 0, 0.834166, 0.001089
2, 317, 6, 0, 1, 1, 1, 0, 0.795712, 0.775453
2, 318, 4, 0, 1, 1, 1, 0, 0.794891, 0.001003
2, 319, 3, 0, 1, 1, 1, 0, 0.491887, 0.134463
2, 320, 1, 0, 1, 1, 1, 0, 0.920315, 0.014232
2, 321, 1, 6, 1, 1, 1, 1, 0.769161, 0.383162
2, 322, 1, 1, 1, 1, 1, -1, 0.984206, 0.266809
2, 323, 5, 0, 1, 1, -1, 0, 0.922774, 0.179439
2, 324, 3, 2, 1, 1, 1, 1, 0.683219, 0.027413
2, 325, 5, 0, 1, 1, 1, 0, 1.090304, 0.164478
2, 326, 4, 0, 1, 1, -1, 0, 0.912792, 0.014238
2, 327, 4, 1, 1, 1, -1, 1, 0.867728, 0.047562
2, 328, 4, 0, 1, 1, -1, 0, 0.577720, 0.001212
2, 329, 5, 2, 1, 1, 1, -1, 0.908953, 0.001017
2, 330, 1, 0, 1, 1, 1, 0, 0.994196, 0.001020
2, 331, 3, 4, 1, 1, -1, 1, 1.147331, 0.198928
2, 332, 5, 0, 1, 1, 1, 0, 0.677611, 0.001042
2, 333, 1, 3, 1, 1, 1, -1, 1.040220, 0.001049
2, 334, 2, 0, 1, 1, 1, 0, 0.657283, 0.001270
2, 335, 5, 0, 1, 1, -1, 0, 0.829122, 0.001043
2, 336, 6, 0, 1, 1, -1, 0, 0.809669, 0.001048
2, 337, 1, 0, 1, 1, 1, 0, 0.663749, 0.001003
2, 338, 2, 0, 1, 1, -1, 0, 0.556758, 0.001068
2, 339, 6, 2, 1, 1, 1, -1, 1.021920, 0.001006
2, 340, 3, 6, 1, 1, 1, 1, 0.827528, 0.001043
2, 341, 1, 0, 1, 1, 1, 0, 1.173282, 0.000997
2, 342, 5, 2, 1, 1, -1, -1, 1.142362, 0.001000
2, 343, 4, 0, 1, 1, -1, 0, 0.861276, 0.001045
2, 344, 6, 0, 1, 1, 1, 0, 1.144837, 0.001227
2, 345, 6, 5, 1, 1, -1, 1, 0.747428, 0.001063
2, 346, 2, 0, 1, 1, 1, 0, 0.831660, 0.001275
2, 347, 4, 3, 1, 1, 1, 1, 0.649794, 0.001291
2, 348, 1, 0, 1, 1, -1, 0, 0.589688, 0.001040
2, 349, 4, 1, 1, 1, 1, -1, 0.808458, 0.007618
2, 350, 5, 0, 1, 1, 1, 0, 0.589985, 0.001036
2, 351, 5, 2, 1, 1, -1, 1, 1.022369, 0.001002
2, 352, 3, 3, 1, 1, -1, 1, 0.821026, 0.027545
2, 353, 4, 3, 1, 1, 1, -1, 0.993333, 0.001000
2, 354, 6, 0, 1, 1, -1, 0, 0.601152, 0.001056
2, 355, 5, 0, 1, 1, 1, 0, 0.588994, 0.000993
2, 356, 4, 0, 1, 1, 1, 0, 0.716274, 0.001019
2, 357, 1, 3, 1, 1, -1, 1, 0.769955, 0.240589
2, 358, 4, 0, 1, 1, 1, 0, 0.703166, 0.067221
2, 359, 1, 4, 1, -1, 1, -1, 2.032972, 0.417474
2, 360, 4, 5, 1, 1, -1, 1, 1.148523, 0.001005
2, 361, 5, 3, 1, 1, 1, -1, 1.103871, 0.001058
2, 362, 4, 0, 1, 1, -1, 0, 0.752817, 0.001077
2, 363, 5, 1, 1, 1, 1, -1, 0.956213, 0.000982
2, 364, 3, 0, 1, 1, 1, 0, 0.637625, 0.001000
2, 365, 3, 2, 1, 1, -1, 1, 1.087595, 0.001022
2, 366, 6, 0, 1, 1, -1, 0, 0.595571, 0.000998
2, 367, 6, 0, 1, 1, 1, 0, 1.021220, 0.113183
2, 368, 4, 1, 1, 1, -1, 1, 0.884772, 0.001001
2, 369, 5, 5, 1, 1, -1, -1, 0.731703, 0.027603
2, 370, 6, 0, 1, 1, 1, 0, 0.859228, 0.001001
2, 371, 2, 3, 1, 1, 1, -1, 0.863361, 0.000996
2, 372, 1, 2, 1, 1, 1, 1, 1.149876, 0.000999
2, 373, 2, 1, 1, 1, 1, -1, 0.954847, 0.706350
2, 374, 1, 5, 1, 1, 1, 1, 0.744001, 0.001004
2, 375, 6, 6, 1, 1, -1, -1, 0.743593, 0.001006
2, 376, 4, 3, 0, -1, -1, 1, 0.630192, 0.962255
2, 377, 6, 0, 1, 1, -1, 0, 0.668652, 0.001004
2, 378, 5, 0, 1, 1, -1, 0, 0.591160, 0.001006
2, 379, 2, 6, 1, 1, 1, -1, 0.850401, 0.000991
2, 380, 2, 1, 1, 1, -1, -1, 1.003239, 0.001035
2, 381, 1, 4, 1, 1, -1, 1, 0.775088, 0.001046
2, 382, 5, 2, 1, 1, -1, 1, 1.287396, 0.245330
2, 383, 5, 0, 1, 1, 1, 0, 0.767191, 0.001066
2, 384, 3, 3, 1, 1, 1, 1, 0.815284, 0.001041
2, 385, 6, 4, 1, 1, -1, -1, 0.780370, 0.000998
2, 386, 4, 3, 1, 1, -1, -1, 1.268911, 0.001067
2, 387, 2, 4, 1, 1, -1, -1, 0.755153, 0.001057
2, 388, 6, 3, 1, 1, -1, 1, 0.849631, 0.000999
2, 389, 1, 0, 0, 1, 1, 0, 0.723627, 0.001042
2, 390, 3, 0, 1, 1, -1, 0, 0.787410, 0.001003
2, 391, 5, 4, 1, 1, 1, 1, 0.936758, 0.034254
2, 392, 2, 3, 1, 1, -1, -1, 0.876918, 0.001016
2, 393, 5, 0, 1, 1, -1, 0, 0.724616, 0.001041
2, 394, 1, 0, 1, 1, 1, 0, 0.808354, 0.001016
2, 395, 3, 1, 1, 1, 1, -1, 1.066339, 0.001005
2, 396, 5, 0, 1, 1, 1, 0, 0.728771, 0.001007
2, 397, 2, 4, 1, 1, -1, 1, 0.703538, 0.020912
2, 398, 3, 0, 1, 1, -1, 0, 0.727609, 0.521680
2, 399, 5, 0, 0, -1, 1, 0, 0.511274, 0.771826
2, 400, 1, 5, 1, 1, -1, 1, 0.873970, 0.080236
2, 401, 2, 0, 1, 1, 1, 0, 0.656860, 0.053794
2, 402, 6, 0, 1, 1, 1, 0, 0.704588, 0.020865
2, 403, 3, 0, 1, 1, 1, 0, 0.690677, 0.001017
2, 404, 2, 0, 1, 1, 1, 0, 0.565746, 0.000998
2, 405, 6, 0, 1, 1, 1, 0, 0.663062, 0.073474
2, 406, 6, 2, 1, 1, -1, -1, 1.133856, 0.001027
2, 407, 1, 0, 1, 1, -1, 0, 0.697151, 0.027593
2, 408, 1, 6, 1, 1, 1, -1, 0.886562, 0.001128
2, 409, 5, 3, 1, 1, 1, 1, 1.141685, 0.001014
2, 410, 3, 0, 1, 1, -1, 0, 0.696203, 0.000999
2, 411, 2, 2, 1, 1, -1, -1, 0.888058, 0.001017
2, 412, 3, 1, 1, 1, 1, 1, 0.947755, 0.530000
2, 413, 6, 0, 1, 1, -1, 0, 0.904817, 0.299246
2, 414, 3, 0, 1, 1, -1, 0, 0.753708, 0.093360
2, 415, 6, 0, 1, 1, 1, 0, 0.723005, 0.106029
2, 416, 2, 5, 1, 1, 1, -1, 0.753809, 0.093630
2, 417, 5, 0, 1, 1, -1, 0, 0.744029, 0.053866
2, 418, 4, 0, 1, 1, -1, 0, 0.717484, 0.000990
2, 419, 4, 0, 1, 1, 1, 0, 0.790893, 0.001001
2, 420, 4, 1, 1, 1, -1, -1, 0.961347, 0.000998
2, 421, 5, 2, 1, 1, 1, -1, 0.922512, 0.001011
2, 422, 1, 0, 1, 1, 1, 0, 0.717485, 0.001024
2, 423, 1, 5, 1, -1, -1, 1, 1.723204, 0.668487
2, 424, 3, 2, 1, 1, 1, -1, 0.782377, 0.000999
2, 425, 5, 4, 1, -1, 1, -1, 1.243965, 0.469504
2, 426, 2, 0, 1, 1, -1, 0, 0.647268, 0.001003
2, 427, 2, 0, 1, 1, -1, 0, 0.577313, 0.001003
2, 428, 2, 1, 1, 1, -1, 1, 1.084141, 0.001004
2, 429, 5, 0, 1, 1, -1, 0, 0.696251, 0.001016
2, 430, 4, 5, 1, 1, -1, -1, 1.203086, 0.001033
2, 431, 4, 2, 1, 1, 1, -1, 1.134275, 0.001028
2, 432, 2, 0, 1, 1, -1, 0, 1.533686, 0.067511
2, 433, 2, 1, 0, -1, 1, 1, 0.683194, 0.821248
2, 434, 1, 1, 1, 1, -1, -1, 1.116510, 0.001011
2, 435, 6, 0, 1, 1, -1, 0, 0.612679, 0.212762
2, 436, 1, 0, 1, 1, -1, 0, 0.537937, 0.001031
2, 437, 2, 3, 1, 1, -1, 1, 0.860326, 0.001010
2, 438, 6, 1, 1, 1, -1, 1, 1.134458, 0.260783
2, 439, 6, 6, 1, 1, -1, 1, 0.744080, 0.073674
2, 440, 1, 0, 1, 1, 1, 0, 0.725726, 0.001043
2, 441, 1, 0, 1, 1, -1, 0, 0.551998, 0.001038
2, 442, 1, 4, 1, 1, 1, -1, 1.040786, 0.007617
2, 443, 5, 0, 1, 1, -1, 0, 0.637083, 0.001058
2, 444, 4, 0, 1, 1, 1, 0, 0.935032, 0.001035
2, 445, 3, 2, 1, 1, -1, 1, 0.858326, 0.001053
2, 446, 4, 0, 1, 1, -1, 0, 0.602969, 0.001048
2, 447, 3, 4, 1, 1, -1, -1, 0.960454, 0.001050
2, 448, 5, 0, 1, 1, 1, 0, 1.310672, 0.359006
2, 449, 6, 0, 1, 1, 1, 0, 0.728203, 0.001057
2, 450, 2, 0, 1, 1, -1, 0, 0.829290, 0.001001
2, 451, 5, 5, 1, 1, 1, -1, 1.048388, 0.001018
2, 452, 1, 0, 1, 1, -1, 0, 0.590605, 0.001002
2, 453, 1, 0, 1, 1, -1, 0, 0.502085, 0.001005
2, 454, 4, 6, 1, 1, 1, 1, 0.821606, 0.074021
2, 455, 3, 4, 1, 1, 1, -1, 1.049373, 0.001008
2, 456, 3, 3, 1, 1, 1, -1, 0.852688, 0.000998
2, 457, 3, 0, 1, 1, -1, 0, 0.635922, 0.060633
2, 458, 3, 0, 1, 1, -1, 0, 0.863631, 0.001048
2, 459, 2, 0, 1, 1, 1, 0, 0.791292, 0.001002
2, 460, 1, 2, 1, 1, -1, 1, 0.718048, 0.001003
2, 461, 4, 5, 1, 1, -1, 1, 0.830769, 0.001010
2, 462, 3, 3, 1, 1, -1, -1, 0.979605, 0.001004
2, 463, 1, 0, 1, 1, -1, 0, 0.596601, 0.001010
2, 464, 4, 0, 1, 1, 1, 0, 0.873368, 0.001021
2, 465, 1, 1, 1, 1, -1, 1, 0.856752, 0.001027
2, 466, 3, 3, 1, -1, -1, 1, 1.906774, 0.206476
2, 467, 1, 0, 1, 1, 1, 0, 0.919603, 0.001008
2, 468, 6, 0, 1, 1, 1, 0, 0.802219, 0.001009
2, 469, 3, 0, 1, 1, -1, 0, 0.744033, 0.001006
2, 470, 1, 2, 1, 1, -1, -1, 0.721751, 0.731092
2, 471, 1, 0, 1, 1, -1, 0, 0.525100, 0.001004
2, 472, 5, 0, 1, 1, -1, 0, 0.911225, 0.001006
2, 473, 4, 6, 1, 1, -1, 1, 1.380973, 0.001001
2, 474, 2, 5, 1, 1, -1, -1, 1.020106, 0.000985
2, 475, 2, 2, 1, 1, -1, 1, 1.257584, 0.001000
2, 476, 4, 0, 1, 1, -1, 0, 0.750734, 1.370199
2, 477, 6, 2, 1, -1, 1, -1, 1.259969, 0.548612
2, 478, 1, 4, 1, 1, -1, -1, 0.677842, 0.001024
2, 479, 2, 0, 1, 1, -1, 0, 0.847712, 0.001034
2, 480, 1, 0, 1, 1, 1, 0, 0.968209, 0.001043
2, 481, 6, 0, 1, 1, -1, 0, 0.517842, 0.000991
2, 482, 4, 2, 1, -1, -1, 1, 1.482216, 0.257791
2, 483, 1, 0, 1, 1, -1, 0, 0.749692, 0.001065
2, 484, 1, 0, 1, 1, -1, 0, 0.659740, 0.001003
2, 485, 5, 6, 1, 1, -1, -1, 0.637041, 0.001041
2, 486, 5, 0, 1, 1, -1, 0, 0.670526, 0.001000
2, 487, 5, 6, 1, 1, -1, 1, 0.599018, 0.001024
2, 488, 3, 6, 1, 1, -1, -1, 1.126447, 0.001016
2, 489, 6, 1, 1, 1, 1, 1, 1.252931, 0.007692
2, 490, 6, 6, 1, 1, 1, -1, 1.321856, 0.160980
2, 491, 6, 0, 1, 1, 1, 0, 0.661592, 0.001044
2, 492, 1, 2, 1, 1, -1, -1, 0.665413, 0.000995
2, 493, 6, 0, 1, 1, -1, 0, 0.579295, 0.001001
2, 494, 1, 6, 1, 1, -1, -1, 0.841368, 0.001040
2, 495, 2, 1, 1, 1, 1, 1, 0.809323, 0.001042
2, 496, 6, 0, 1, 1, 1, 0, 0.710686, 0.001011
2, 497, 4, 0, 1, 1, 1, 0, 0.746865, 0.001027
2, 498, 5, 0, 1, 1, 1, 0, 0.754279, 0.001063
2, 499, 3, 0, 1, 1, -1, 0, 0.815801, 0.001039
2, 500, 6, 3, 1, 1, -1, -1, 0.610666, 0.001008
2, 501, 2, 0, 1, 1, 1, 0, 0.929477, 0.001008
2, 502, 3, 0, 1, 1, 1, 0, 0.603082, 0.001019
2, 503, 2, 6, 1, 1, -1, -1, 0.902725, 0.001002
2, 504, 4, 0, 1, 1, 1, 0, 0.681005, 0.001015
2, 505, 6, 2, 1, 1, -1, 1, 0.990388, 0.001006
2, 506, 6, 6, 1, 1, 1, -1, 0.831092, 0.001021
2, 507, 3, 1, 1, 1, -1, 1, 0.709504, 0.001006
2, 508, 6, 5, 1, 1, -1, 1, 0.709860, 0.000996
2, 509, 6, 1, 1, 1, -1, -1, 0.712595, 0.001060
2, 510, 5, 4, 1, -1, -1, -1, 1.303217, 0.921918
2, 511, 4, 0, 1, 1, -1, 0, 0.714319, 0.001014
2, 512, 2, 0, 1, 1, 1, 0, 0.709090, 0.001012
2, 513, 6, 0, 1, -1, 1, 0, 2.283572, 0.265080
2, 514, 3, 2, 1, 1, 1, -1, 0.868048, 0.001003
2, 515, 5, 6, 1, 1, 1, 1, 0.888866, 0.001001
2, 516, 2, 0, 1, 1, -1, 0, 0.624387, 0.000998
2, 517, 2, 4, 1, 1, 1, 1, 0.724381, 0.001012
2, 518, 3, 0, 1, 1, -1, 0, 0.723483, 0.001003
2, 519, 5, 0, 1, 1, -1, 0, 0.624240, 0.001000
2, 520, 4, 1, 1, 1, 1, 1, 0.628910, 0.000999
2, 521, 1, 6, 1, 1, 1, 1, 0.713607, 0.001007
2, 522, 1, 0, 1, 1, 1, 0, 0.681321, 0.001001
2, 523, 2, 5, 1, 1, 1, 1, 0.670544, 0.001007
2, 524, 2, 0, 1, 1, -1, 0, 0.464133, 0.001010
2, 525, 5, 4, 0, -1, -1, 1, 0.694937, 1.145088
2, 526, 6, 0, 1, 1, -1, 0, 0.631437, 0.001077
2, 527, 4, 0, 1, 1, 1, 0, 0.834922, 0.001004
2, 528, 6, 0, 1, 1, 1, 0, 0.602564, 0.001009
2, 529, 4, 0, 1, 1, -1, 0, 0.611149, 0.001006
2, 530, 5, 1, 1, 1, 1, -1, 1.068838, 0.001036
2, 531, 3, 6, 1, 1, -1, 1, 0.815420, 0.001018
2, 532, 1, 0, 1, 1, -1, 0, 0.650013, 0.001011
2, 533, 3, 4, 1, 1, 1, -1, 0.836955, 0.007636
2, 534, 5, 0, 1, 1, 1, 0, 0.718888, 0.094203
2, 535, 6, 0, 1, 1, 1, 0, 0.675820, 0.001227
2, 536, 3, 0, 1, 1, -1, 0, 0.675935, 0.001009
2, 537, 6, 0, 1, 1, 1, 0, 0.690260, 0.001034
2, 538, 4, 2, 1, 1, 1, -1, 0.940031, 0.001025
2, 539, 4, 6, 1, 1, 1, 1, 1.567378, 0.286028
2, 540, 2, 3, 1, 1, -1, -1, 0.951128, 0.001029
2, 541, 6, 5, 0, -1, 1, 1, 0.718019, 0.696748
2, 542, 5, 1, 1, 1, -1, -1, 2.131265, 0.206221
2, 543, 3, 0, 1, 1, 1, 0, 0.891128, 0.001052
2, 544, 4, 5, 1, -1, 1, -1, 1.507038, 0.206286
2, 545, 6, 1, 1, 1, 1, -1, 0.943867, 0.187256
2, 546, 1, 0, 1, 1, 1, 0, 0.742842, 0.001018
2, 547, 2, 0, 1, 1, 1, 0, 0.629700, 0.001036
2, 548, 3, 5, 1, 1, 1, 1, 0.761437, 0.001014
2, 549, 3, 5, 1, 1, 1, -1, 0.677911, 0.001030
2, 550, 6, 2, 1, 1, -1, -1, 0.936216, 0.001032
2, 551, 3, 0, 1, 1, 1, 0, 1.139241, 0.000999
2, 552, 2, 4, 1, 1, 1, -1, 0.696290, 0.001005
2, 553, 3, 6, 1, 1, -1, -1, 0.898912, 0.001002
2, 554, 5, 0, 1, 1, 1, 0, 0.809128, 0.001005
2, 555, 6, 2, 1, 1, 1, 1, 0.998364, 0.001004
2, 556, 3, 6, 1, 1, 1, -1, 1.062399, 0.001017
2, 557, 6, 0, 1, 1, -1, 0, 0.614743, 0.001003
2, 558, 1, 0, 1, 1, 1, 0, 0.631501, 0.001023
2, 559, 6, 4, 1, 1, -1, 1, 1.183578, 0.001000
2, 560, 2, 6, 1, 1, -1, 1, 0.894211, 0.001008
2, 561, 4, 0, 1, 1, 1, 0, 0.685067, 0.001006
2, 562, 3, 0, 1, 1, 1, 0, 0.591003, 0.000998
2, 563, 5, 6, 1, 1, 1, 1, 0.766470, 0.001002
2, 564, 2, 0, 1, 1, -1, 0, 0.662336, 0.000999
2, 565, 2, 4, 1, 1, 1, -1, 0.532128, 0.001004
2, 566, 1, 0, 1, 1, -1, 0, 0.517271, 0.001007
2, 567, 3, 1, 1, 1, -1, -1, 0.650094, 0.000980
2, 568, 4, 5, 1, -1, 1, -1, 1.749846, 0.364999
2, 569, 5, 0, 1, 1, -1, 0, 0.504576, 0.001000
2, 570, 6, 3, 1, -1, 1, 1, 1.048725, 0.220566
2, 571, 6, 0, 1, 1, -1, 0, 0.615220, 0.001006
2, 572, 6, 0, 1, 1, -1, 0, 0.545539, 0.001002
2, 573, 5, 5, 1, 1, 1, 1, 1.234823, 0.758888
2, 574, 6, 0, 1, 1, -1, 0, 0.469118, 0.000978
2, 575, 6, 5, 1, 1, -1, -1, 0.510172, 0.001003
2, 576, 4, 6, 1, 1, 1, -1, 1.225622, 0.001013
