observer, trial, targLoc, distLoc, targDiscrim, thoughtNoAttCap, tc, dc, RT, TrialTypeRT
25, 1, 5, 0, 1, 1, 1, 0, 3.755878, 3.757387
25, 2, 5, 0, 1, 1, 1, 0, 1.880475, 2.195385
25, 3, 4, 4, 1, -1, -1, 1, 3.843100, 1.396972
25, 4, 2, 1, 1, -1, -1, -1, 3.474145, 1.419533
25, 5, 6, 0, 1, 1, 1, 0, 3.484978, 1.508948
25, 6, 5, 0, 1, 1, -1, 0, 3.560873, 4.299277
25, 7, 3, 0, 1, 1, 1, 0, 4.213466, 2.244863
25, 8, 3, 0, 1, 1, -1, 0, 2.662125, 1.486870
25, 9, 2, 0, 1, 1, 1, 0, 2.676346, 1.257225
25, 10, 2, 0, 1, 1, -1, 0, 3.085316, 1.212322
25, 11, 6, 1, 1, -1, -1, -1, 3.785327, 2.184657
25, 12, 5, 0, 1, 1, -1, 0, 3.696785, 1.643266
25, 13, 5, 0, 1, 1, 1, 0, 2.110036, 1.305800
25, 14, 6, 5, 1, -1, 1, 1, 3.952587, 1.197338
25, 15, 1, 4, 1, 1, -1, -1, 3.367085, 0.705013
25, 16, 6, 0, 1, 1, 1, 0, 2.228023, 0.678027
25, 17, 4, 0, 1, 1, -1, 0, 2.031563, 1.208935
25, 18, 4, 0, 1, 1, -1, 0, 1.605085, 0.859972
25, 19, 6, 3, 1, 1, 1, -1, 2.830197, 0.747876
25, 20, 2, 3, 1, 1, -1, 1, 1.885975, 2.833478
25, 21, 3, 0, 1, 1, 1, 0, 2.438392, 0.970731
25, 22, 6, 0, 1, 1, 1, 0, 4.697303, 0.744917
25, 23, 2, 0, 1, 1, 1, 0, 2.891925, 0.643752
25, 24, 4, 0, 1, 1, 1, 0, 3.217382, 1.868451
25, 25, 5, 0, 1, 1, -1, 0, 3.432310, 0.860907
25, 26, 2, 0, 1, 1, 1, 0, 3.158697, 0.549152
25, 27, 6, 1, 1, 1, 1, -1, 4.320395, 0.453483
25, 28, 1, 1, 1, 1, 1, -1, 3.585577, 0.424598
25, 29, 4, 5, 1, -1, -1, -1, 3.371300, 0.888120
25, 30, 6, 0, 1, 1, 1, 0, 2.753769, 0.789799
25, 31, 4, 0, 1, 1, 1, 0, 2.774495, 0.800394
25, 32, 4, 0, 1, 1, 1, 0, 2.355227, 0.589980
25, 33, 6, 1, 1, 1, -1, -1, 2.590895, 0.596495
25, 34, 5, 0, 1, 1, 1, 0, 2.560028, 0.591492
25, 35, 4, 1, 1, -1, -1, -1, 2.588655, 1.555116
25, 36, 6, 1, 1, 1, -1, 1, 2.129291, 0.900053
25, 37, 4, 6, 1, 1, -1, -1, 3.117344, 0.554632
25, 38, 1, 0, 1, 1, 1, 0, 2.865386, 0.643273
25, 39, 3, 3, 1, -1, 1, -1, 2.370921, 1.687750
25, 40, 2, 6, 1, 1, 1, -1, 3.075333, 0.726922
25, 41, 4, 0, 1, 1, -1, 0, 2.732514, 0.797941
25, 42, 4, 5, 1, 1, 1, -1, 3.556180, 0.668028
25, 43, 6, 4, 1, 1, 1, -1, 3.009843, 0.996326
25, 44, 1, 0, 1, 1, 1, 0, 2.423344, 0.584573
25, 45, 2, 0, 1, 1, -1, 0, 2.617850, 0.552755
25, 46, 5, 0, 1, 1, 1, 0, 2.410960, 0.920241
25, 47, 4, 0, 1, 1, 1, 0, 2.404040, 0.627710
25, 48, 3, 1, 1, -1, -1, 1, 4.080694, 0.407909
25, 49, 4, 5, 1, 1, 1, 1, 2.907215, 1.824857
25, 50, 5, 0, 1, -1, -1, 0, 3.942514, 1.590337
25, 51, 3, 0, 1, 1, -1, 0, 2.355377, 0.833221
25, 52, 3, 0, 1, -1, -1, 0, 4.094505, 0.894540
25, 53, 1, 0, 1, 1, -1, 0, 3.022371, 0.001019
25, 54, 5, 0, 1, 1, -1, 0, 3.447017, 0.001012
25, 55, 1, 0, 1, 1, -1, 0, 5.211412, 2.955345
25, 56, 3, 0, 1, 1, -1, 0, 1.815912, 1.766567
25, 57, 5, 0, 1, 1, 1, 0, 2.317630, 1.046222
25, 58, 3, 0, 1, 1, 1, 0, 2.412978, 0.001001
25, 59, 5, 5, 1, -1, 1, 1, 4.506089, 3.453612
25, 60, 1, 3, 1, 1, -1, 1, 3.842062, 1.464196
25, 61, 2, 0, 1, 1, -1, 0, 2.905432, 1.048742
25, 62, 3, 0, 1, 1, -1, 0, 2.982984, 2.547217
25, 63, 5, 0, 1, 1, -1, 0, 3.005102, 1.168827
25, 64, 6, 0, 1, 1, 1, 0, 2.496703, 1.356877
25, 65, 2, 3, 1, 1, 1, -1, 3.097695, 4.553801
25, 66, 4, 2, 1, -1, 1, -1, 3.342459, 1.329226
25, 67, 5, 0, 1, 1, -1, 0, 2.536088, 0.897001
25, 68, 6, 5, 1, 1, 1, -1, 2.397055, 1.057393
25, 69, 6, 0, 1, 1, -1, 0, 2.264978, 1.535299
25, 70, 5, 0, 1, 1, -1, 0, 2.279128, 1.431037
25, 71, 3, 5, 1, 1, 1, 1, 3.916070, 1.650784
25, 72, 2, 0, 1, 1, -1, 0, 2.623895, 1.075330
25, 73, 1, 6, 1, 1, 1, 1, 2.476436, 1.098935
25, 74, 3, 0, 1, 1, 1, 0, 2.387398, 0.001035
25, 75, 1, 0, 1, 1, 1, 0, 1.965143, 0.001043
25, 76, 6, 6, 1, 1, -1, 1, 1.681149, 0.877632
25, 77, 6, 0, 1, 1, -1, 0, 1.813878, 0.001047
25, 78, 6, 3, 1, 1, -1, -1, 2.285964, 1.045348
25, 79, 2, 4, 1, 1, 1, -1, 2.771135, 1.365054
25, 80, 4, 3, 1, -1, -1, 1, 2.636019, 1.267953
25, 81, 5, 0, 1, 1, 1, 0, 2.203304, 1.036975
25, 82, 4, 5, 1, 1, 1, -1, 3.120164, 0.001013
25, 83, 5, 0, 1, 1, 1, 0, 2.837994, 1.256697
25, 84, 5, 5, 1, 1, -1, -1, 2.285156, 1.215300
25, 85, 3, 3, 1, 1, -1, 1, 6.572765, 23.483430
25, 86, 4, 3, 1, 1, 1, -1, 1.078700, 0.961917
25, 87, 4, 3, 1, 1, -1, -1, 1.231268, 0.792674
25, 88, 6, 0, 1, 1, 1, 0, 1.659885, 0.499789
25, 89, 1, 5, 1, -1, -1, 1, 1.617722, 1.467183
25, 90, 5, 6, 1, 1, -1, 1, 2.340658, 2.394076
25, 91, 1, 6, 1, 1, -1, 1, 1.389281, 1.654998
25, 92, 1, 0, 1, 1, 1, 0, 1.349601, 0.547261
25, 93, 5, 6, 1, 1, -1, -1, 1.449597, 1.204646
25, 94, 6, 0, 1, 1, -1, 0, 2.201986, 1.073159
25, 95, 4, 1, 1, -1, -1, 1, 1.456891, 0.920083
25, 96, 2, 0, 1, 1, 1, 0, 1.364740, 0.704499
25, 97, 5, 0, 1, 1, 1, 0, 1.354457, 0.523997
25, 98, 2, 0, 1, 1, 1, 0, 1.053922, 0.504043
25, 99, 6, 0, 1, 1, 1, 0, 1.158936, 0.440244
25, 100, 1, 0, 1, 1, -1, 0, 1.052911, 0.408016
25, 101, 1, 0, 1, 1, -1, 0, 1.295625, 0.950124
25, 102, 4, 6, 1, 1, -1, -1, 2.109695, 0.913027
25, 103, 2, 2, 1, -1, -1, 1, 1.554646, 0.866887
25, 104, 1, 0, 1, 1, -1, 0, 1.124909, 0.750365
25, 105, 3, 0, 1, 1, 1, 0, 1.862156, 0.793139
25, 106, 2, 1, 1, 1, -1, 1, 1.689722, 0.686432
25, 107, 6, 0, 1, 1, -1, 0, 1.183905, 0.661647
25, 108, 1, 5, 1, 1, 1, 1, 2.186668, 1.583770
25, 109, 5, 0, 1, -1, -1, 0, 1.052958, 2.346147
25, 110, 3, 2, 1, 1, -1, 1, 2.215267, 1.442083
25, 111, 1, 0, 1, 1, 1, 0, 1.298768, 0.774445
25, 112, 4, 0, 1, 1, -1, 0, 1.051149, 0.792288
25, 113, 3, 4, 1, 1, -1, 1, 1.573115, 0.632847
25, 114, 3, 5, 1, 1, 1, -1, 1.291066, 0.964330
25, 115, 4, 0, 1, 1, -1, 0, 1.587716, 0.792181
25, 116, 4, 6, 1, 1, -1, 1, 1.182478, 0.717721
25, 117, 2, 0, 1, 1, 1, 0, 1.238271, 0.925209
25, 118, 5, 0, 1, 1, -1, 0, 1.083876, 1.022375
25, 119, 6, 0, 1, 1, -1, 0, 1.081355, 0.754109
25, 120, 6, 6, 1, 1, 1, 1, 1.527385, 1.053911
25, 121, 6, 0, 1, 1, -1, 0, 1.528129, 0.838779
25, 122, 2, 2, 1, -1, 1, -1, 1.719211, 1.098361
25, 123, 1, 3, 1, 1, -1, 1, 2.307753, 0.629126
25, 124, 5, 0, 1, 1, 1, 0, 1.118766, 0.668139
25, 125, 5, 0, 1, 1, -1, 0, 1.038034, 0.639192
25, 126, 4, 2, 1, 1, -1, 1, 3.113376, 1.170296
25, 127, 3, 0, 1, 1, -1, 0, 2.036762, 1.044307
25, 128, 3, 6, 1, 1, 1, -1, 2.491714, 0.817964
25, 129, 3, 6, 1, 1, 1, 1, 2.819035, 0.945706
25, 130, 2, 0, 1, 1, 1, 0, 2.069677, 0.766672
25, 131, 4, 0, 1, 1, -1, 0, 1.379071, 0.637168
25, 132, 2, 0, 1, 1, -1, 0, 1.628891, 0.656949
25, 133, 3, 4, 1, -1, 1, 1, 1.525733, 1.005628
25, 134, 6, 0, 1, 1, -1, 0, 1.569330, 0.885686
25, 135, 3, 1, 1, 1, -1, 1, 1.371842, 0.601835
25, 136, 1, 0, 1, 1, 1, 0, 2.502668, 0.814066
25, 137, 3, 5, 1, -1, -1, -1, 2.184797, 0.490893
25, 138, 6, 2, 1, 1, -1, 1, 1.311777, 1.046939
25, 139, 4, 1, 1, 1, 1, -1, 1.372227, 0.827802
25, 140, 6, 4, 1, 1, 1, 1, 1.300262, 0.776045
25, 141, 3, 5, 1, -1, -1, 1, 1.746385, 0.792288
25, 142, 3, 0, 1, 1, -1, 0, 1.954951, 0.668412
25, 143, 5, 0, 1, 1, 1, 0, 1.690662, 0.642727
25, 144, 5, 6, 1, 1, 1, -1, 1.297687, 0.675373
25, 145, 2, 0, 1, 1, -1, 0, 1.993167, 0.523527
25, 146, 2, 0, 1, 1, -1, 0, 0.939283, 0.658310
25, 147, 6, 6, 1, 1, -1, -1, 1.057576, 0.838636
25, 148, 6, 2, 1, 1, -1, -1, 1.096431, 0.850907
25, 149, 1, 3, 1, -1, -1, -1, 1.288167, 1.354202
25, 150, 6, 4, 1, 1, 1, -1, 1.872541, 0.594633
25, 151, 3, 4, 0, -1, -1, -1, 2.270534, 0.546965
25, 152, 1, 0, 1, 1, 1, 0, 1.491837, 0.669796
25, 153, 3, 1, 1, 1, 1, 1, 1.318646, 0.694455
25, 154, 3, 3, 1, -1, 1, -1, 1.673744, 0.840248
25, 155, 2, 2, 1, -1, -1, -1, 2.656478, 2.038167
25, 156, 3, 5, 1, 1, 1, 1, 1.389159, 0.001034
25, 157, 2, 6, 1, 1, 1, -1, 1.619161, 0.708593
25, 158, 3, 0, 1, 1, -1, 0, 1.644115, 1.052216
25, 159, 1, 2, 1, 1, 1, -1, 1.961317, 0.001003
25, 160, 4, 5, 1, 1, 1, 1, 1.356002, 0.785422
25, 161, 4, 0, 1, 1, -1, 0, 1.471426, 1.020141
25, 162, 2, 3, 0, 1, 1, 1, 1.396488, 0.892164
25, 163, 2, 4, 1, -1, 1, 1, 2.952996, 0.748352
25, 164, 6, 0, 0, 1, 1, 0, 1.209327, 1.002900
25, 165, 1, 6, 0, -1, 1, 1, 1.569871, 0.502905
25, 166, 4, 1, 1, 1, 1, 1, 1.513214, 0.001028
25, 167, 3, 0, 1, 1, 1, 0, 1.203444, 0.700394
25, 168, 5, 4, 1, 1, -1, 1, 1.144942, 0.704928
25, 169, 1, 0, 1, 1, -1, 0, 1.149404, 0.593601
25, 170, 1, 6, 1, 1, -1, -1, 1.136478, 0.842335
25, 171, 4, 1, 1, 1, 1, -1, 1.367537, 0.762562
25, 172, 4, 1, 1, 1, -1, -1, 3.701591, 0.994188
25, 173, 5, 4, 1, 1, 1, -1, 1.568586, 0.852369
25, 174, 5, 5, 1, 1, 1, -1, 1.594819, 0.812185
25, 175, 3, 3, 1, 1, -1, -1, 1.424493, 1.564098
25, 176, 4, 0, 1, 1, -1, 0, 1.747993, 1.092916
25, 177, 6, 0, 1, 1, -1, 0, 0.880330, 0.693925
25, 178, 2, 0, 1, 1, 1, 0, 1.140675, 0.649319
25, 179, 5, 0, 1, 1, 1, 0, 0.979075, 0.709387
25, 180, 3, 0, 1, 1, 1, 0, 1.080819, 0.638458
25, 181, 1, 1, 1, 1, -1, 1, 1.335972, 0.590969
25, 182, 1, 2, 1, 1, -1, -1, 1.440523, 0.503779
25, 183, 2, 3, 1, -1, -1, 1, 1.208286, 0.749546
25, 184, 6, 0, 1, 1, 1, 0, 1.044386, 0.792479
25, 185, 1, 2, 1, 1, 1, -1, 1.270489, 0.660857
25, 186, 6, 0, 1, 1, -1, 0, 0.887323, 0.403718
25, 187, 6, 0, 1, 1, -1, 0, 0.949870, 0.699247
25, 188, 5, 4, 1, 1, 1, -1, 1.026155, 0.761266
25, 189, 4, 5, 1, 1, -1, -1, 1.290444, 0.767956
25, 190, 4, 5, 0, -1, -1, 1, 1.356900, 2.785984
25, 191, 6, 4, 1, 1, -1, -1, 1.104955, 0.720650
25, 192, 5, 0, 1, 1, 1, 0, 1.057510, 0.685045
25, 193, 6, 0, 1, 1, 1, 0, 0.918898, 0.676232
25, 194, 2, 1, 1, 1, 1, 1, 1.207509, 0.746852
25, 195, 2, 0, 1, 1, -1, 0, 0.911116, 0.340160
25, 196, 1, 4, 1, 1, 1, 1, 1.216443, 0.514891
25, 197, 3, 0, 1, 1, 1, 0, 1.216005, 1.100432
25, 198, 3, 0, 1, 1, 1, 0, 1.176748, 0.797278
25, 199, 1, 0, 1, 1, 1, 0, 0.957962, 0.894728
25, 200, 6, 1, 1, 1, 1, 1, 1.300991, 0.632657
25, 201, 2, 0, 1, 1, -1, 0, 1.012441, 0.569532
25, 202, 1, 0, 1, 1, 1, 0, 0.859613, 1.285541
25, 203, 2, 0, 1, 1, -1, 0, 0.818913, 0.746372
25, 204, 2, 5, 1, -1, 1, 1, 1.633856, 1.538181
25, 205, 2, 0, 1, 1, 1, 0, 2.319137, 0.537584
25, 206, 1, 0, 1, 1, -1, 0, 1.045910, 0.749832
25, 207, 4, 3, 1, 1, -1, 1, 1.434019, 0.822379
25, 208, 4, 0, 1, 1, -1, 0, 1.408525, 1.287737
25, 209, 1, 5, 1, -1, -1, -1, 1.222000, 1.749781
25, 210, 5, 0, 1, 1, -1, 0, 0.908522, 2.062764
25, 211, 1, 0, 1, 1, -1, 0, 1.277488, 0.805789
25, 212, 5, 0, 1, 1, -1, 0, 1.106961, 1.158683
25, 213, 6, 0, 1, 1, 1, 0, 1.011062, 1.133131
25, 214, 3, 4, 1, -1, 1, -1, 1.580486, 0.643696
25, 215, 4, 0, 1, 1, -1, 0, 1.724540, 1.463891
25, 216, 2, 0, 1, 1, 1, 0, 2.315315, 0.809836
25, 217, 2, 3, 1, -1, -1, -1, 1.351894, 0.937156
25, 218, 1, 5, 1, 1, 1, 1, 1.271274, 0.771698
25, 219, 5, 0, 1, 1, 1, 0, 2.046392, 1.059291
25, 220, 5, 3, 1, 1, -1, 1, 1.132349, 0.697656
25, 221, 5, 4, 1, 1, -1, -1, 0.994280, 0.731659
25, 222, 6, 0, 1, 1, 1, 0, 1.216556, 1.154861
25, 223, 5, 0, 1, 1, -1, 0, 1.431824, 0.657945
25, 224, 3, 2, 1, -1, 1, -1, 1.406335, 0.690316
25, 225, 1, 0, 1, 1, 1, 0, 1.556125, 0.692182
25, 226, 2, 3, 1, 1, -1, -1, 1.121376, 3.605440
25, 227, 6, 6, 1, 1, 1, -1, 1.404044, 0.812572
25, 228, 5, 6, 1, 1, 1, 1, 1.165694, 0.870418
25, 229, 3, 1, 1, 1, -1, -1, 1.047330, 0.803116
25, 230, 6, 5, 1, 1, -1, -1, 1.322855, 0.974559
25, 231, 3, 0, 1, 1, 1, 0, 1.432027, 1.084956
25, 232, 3, 0, 1, 1, -1, 0, 1.105327, 0.747849
25, 233, 1, 0, 1, 1, 1, 0, 1.066034, 0.499359
25, 234, 6, 0, 1, 1, -1, 0, 0.858837, 0.648056
25, 235, 2, 5, 1, -1, 1, -1, 1.502745, 0.597586
25, 236, 6, 0, 1, 1, 1, 0, 0.987980, 0.643438
25, 237, 3, 5, 1, 1, 1, -1, 1.887220, 0.779356
25, 238, 1, 0, 1, 1, -1, 0, 0.929372, 0.576917
25, 239, 4, 4, 1, 1, 1, -1, 1.359579, 0.792091
25, 240, 1, 1, 1, 1, -1, -1, 1.304130, 0.709299
25, 241, 6, 0, 1, 1, -1, 0, 1.159804, 0.726752
25, 242, 3, 0, 1, 1, 1, 0, 1.111651, 0.787392
25, 243, 4, 0, 1, 1, 1, 0, 0.913791, 0.669649
25, 244, 1, 2, 1, -1, 1, 1, 1.942017, 0.705602
25, 245, 3, 2, 1, 1, 1, -1, 1.033306, 0.666483
25, 246, 2, 2, 1, 1, -1, -1, 1.117084, 0.887869
25, 247, 6, 0, 1, 1, 1, 0, 0.960236, 1.122199
25, 248, 2, 0, 1, 1, -1, 0, 1.557363, 1.045557
25, 249, 1, 1, 1, 1, -1, 1, 1.312067, 1.205220
25, 250, 2, 0, 1, 1, 1, 0, 1.436696, 0.857219
25, 251, 2, 0, 1, 1, 1, 0, 1.446645, 1.007679
25, 252, 1, 0, 1, 1, 1, 0, 0.903678, 0.578739
25, 253, 2, 5, 1, -1, -1, -1, 1.377130, 0.942102
25, 254, 5, 0, 1, 1, 1, 0, 1.370805, 0.646670
25, 255, 1, 2, 1, 1, 1, 1, 1.984468, 0.597820
25, 256, 5, 2, 1, -1, 1, 1, 2.020716, 2.851636
25, 257, 2, 0, 1, 1, 1, 0, 2.005083, 0.712352
25, 258, 2, 6, 1, 1, -1, -1, 2.191417, 0.454773
25, 259, 3, 4, 1, -1, 1, 1, 1.572255, 0.934429
25, 260, 6, 0, 1, 1, 1, 0, 0.999325, 1.079413
25, 261, 5, 3, 1, 1, -1, -1, 1.009512, 0.704745
25, 262, 4, 0, 1, 1, 1, 0, 1.371129, 1.098196
25, 263, 3, 0, 1, 1, -1, 0, 1.163631, 0.514791
25, 264, 1, 0, 1, 1, -1, 0, 1.693420, 0.776974
25, 265, 6, 0, 1, 1, -1, 0, 1.494786, 0.603248
25, 266, 6, 6, 1, 1, -1, 1, 1.073494, 0.450903
25, 267, 5, 0, 1, 1, 1, 0, 1.279259, 0.778780
25, 268, 3, 0, 1, 1, -1, 0, 1.098352, 0.531428
25, 269, 6, 2, 1, 1, 1, -1, 2.355629, 0.653575
25, 270, 1, 2, 1, 1, -1, 1, 1.104956, 0.732625
25, 271, 1, 3, 1, 1, 1, -1, 3.438865, 0.425483
25, 272, 2, 2, 1, 1, 1, 1, 2.874775, 0.784310
25, 273, 5, 4, 1, 1, -1, 1, 1.137534, 0.707632
25, 274, 5, 5, 1, 1, -1, -1, 1.106987, 0.827510
25, 275, 3, 3, 1, -1, -1, 1, 1.610442, 0.739039
25, 276, 3, 4, 1, -1, -1, 1, 1.740909, 1.121678
25, 277, 6, 0, 1, 1, 1, 0, 1.291297, 0.590719
25, 278, 2, 3, 1, -1, 1, 1, 1.901380, 0.662294
25, 279, 5, 3, 1, 1, -1, -1, 1.232015, 0.912692
25, 280, 1, 6, 1, 1, 1, -1, 1.918420, 0.729337
25, 281, 1, 0, 1, 1, -1, 0, 1.146037, 0.524385
25, 282, 4, 0, 1, 1, -1, 0, 1.025588, 0.710297
25, 283, 5, 0, 1, 1, 1, 0, 1.343867, 0.679354
25, 284, 2, 6, 1, 1, -1, 1, 1.310429, 0.706948
25, 285, 6, 3, 1, 1, -1, 1, 1.192463, 0.936366
25, 286, 6, 3, 1, 1, -1, 1, 1.050543, 0.596897
25, 287, 2, 4, 1, -1, -1, 1, 1.840361, 0.974304
25, 288, 3, 0, 1, 1, 1, 0, 1.251735, 0.662651
25, 289, 2, 0, 1, 1, 1, 0, 1.388154, 0.807116
25, 290, 6, 6, 1, 1, 1, -1, 1.331236, 0.630780
25, 291, 5, 2, 1, 1, 1, 1, 1.355731, 0.560132
25, 292, 1, 0, 1, 1, -1, 0, 0.699647, 0.666451
25, 293, 4, 4, 1, 1, -1, 1, 1.537743, 0.699027
25, 294, 3, 5, 1, 1, -1, 1, 1.194918, 0.817122
25, 295, 3, 0, 1, 1, 1, 0, 1.180092, 0.912616
25, 296, 4, 6, 1, 1, 1, 1, 1.258764, 0.784282
25, 297, 5, 0, 1, 1, -1, 0, 1.051801, 0.886212
25, 298, 3, 0, 1, 1, 1, 0, 1.007493, 0.841683
25, 299, 5, 1, 1, 1, -1, -1, 1.028514, 0.782034
25, 300, 2, 4, 1, -1, 1, 1, 1.229539, 1.138585
25, 301, 2, 0, 1, 1, 1, 0, 0.939481, 0.733703
25, 302, 2, 0, 1, 1, 1, 0, 1.168268, 0.429946
25, 303, 4, 2, 1, -1, 1, 1, 1.173158, 0.760819
25, 304, 1, 5, 1, 1, -1, -1, 1.139621, 0.749482
25, 305, 3, 6, 1, 1, 1, 1, 1.529644, 1.039887
25, 306, 2, 2, 1, 1, 1, -1, 1.647419, 0.907953
25, 307, 1, 0, 1, 1, 1, 0, 0.934391, 0.590175
25, 308, 2, 0, 1, 1, 1, 0, 0.146993, 0.717875
25, 309, 5, 2, 1, -1, 1, -1, 1.376328, 0.916329
25, 310, 3, 1, 1, 1, 1, -1, 1.436970, 0.665716
25, 311, 6, 0, 1, 1, -1, 0, 1.022530, 0.593893
25, 312, 5, 0, 1, 1, 1, 0, 0.924921, 0.556352
25, 313, 1, 0, 1, 1, -1, 0, 1.063857, 0.511413
25, 314, 2, 1, 1, 1, 1, -1, 1.595244, 0.691326
25, 315, 1, 0, 1, 1, -1, 0, 0.996280, 0.419142
25, 316, 6, 2, 1, 1, -1, 1, 1.203880, 0.651352
25, 317, 2, 0, 1, 1, -1, 0, 1.324000, 0.564602
25, 318, 3, 0, 1, 1, -1, 0, 1.481356, 0.549718
25, 319, 3, 0, 1, 1, 1, 0, 1.159576, 0.800757
25, 320, 4, 6, 1, 1, 1, 1, 1.059311, 0.833480
25, 321, 6, 6, 1, 1, 1, 1, 1.178504, 0.547153
25, 322, 3, 0, 1, 1, 1, 0, 1.027333, 0.825859
25, 323, 5, 0, 1, 1, -1, 0, 1.423144, 0.753510
25, 324, 3, 0, 1, 1, -1, 0, 1.038686, 0.854727
25, 325, 6, 3, 1, 1, 1, 1, 1.069316, 0.496488
25, 326, 6, 1, 1, 1, 1, 1, 1.205406, 0.932329
25, 327, 6, 0, 1, 1, -1, 0, 1.219562, 0.625956
25, 328, 3, 2, 1, -1, -1, -1, 1.211676, 1.323764
25, 329, 1, 3, 1, 1, 1, 1, 1.914740, 0.618950
25, 330, 2, 4, 1, -1, -1, -1, 1.407566, 0.597333
25, 331, 6, 4, 1, 1, 1, 1, 1.184360, 0.763802
25, 332, 4, 0, 1, 1, 1, 0, 1.143970, 0.933295
25, 333, 3, 0, 1, 1, 1, 0, 1.204094, 0.727575
25, 334, 4, 0, 1, 1, 1, 0, 1.563922, 0.753498
25, 335, 2, 5, 1, -1, 1, 1, 1.442979, 0.575061
25, 336, 3, 1, 1, 1, 1, -1, 1.575188, 0.741819
25, 337, 3, 4, 1, 1, -1, -1, 1.354392, 1.697097
25, 338, 2, 1, 1, 1, -1, -1, 1.352304, 0.781579
25, 339, 2, 0, 1, 1, -1, 0, 1.301581, 0.791474
25, 340, 6, 5, 1, 1, -1, 1, 0.991504, 0.692257
25, 341, 2, 0, 1, 1, -1, 0, 1.185762, 0.722656
25, 342, 5, 5, 1, 1, -1, 1, 1.179497, 0.806621
25, 343, 4, 0, 1, 1, 1, 0, 1.039617, 0.926139
25, 344, 4, 4, 1, 1, -1, -1, 1.251874, 0.951328
25, 345, 1, 2, 1, 1, -1, 1, 1.492142, 0.708373
25, 346, 5, 0, 1, 1, -1, 0, 1.224265, 0.751861
25, 347, 4, 0, 1, 1, -1, 0, 1.021543, 0.867570
25, 348, 1, 4, 1, -1, -1, -1, 0.920357, 0.703868
25, 349, 1, 0, 1, 1, 1, 0, 0.958961, 0.350546
25, 350, 5, 2, 1, -1, -1, -1, 0.910489, 0.625488
25, 351, 5, 3, 1, 1, -1, 1, 0.768457, 0.555944
25, 352, 2, 0, 1, 1, 1, 0, 0.826948, 0.668395
25, 353, 3, 1, 1, 1, 1, 1, 1.083843, 0.568533
25, 354, 1, 5, 1, 1, 1, -1, 1.846216, 0.586635
25, 355, 6, 0, 1, 1, -1, 0, 0.933775, 0.687334
25, 356, 2, 0, 1, 1, -1, 0, 0.980849, 0.484304
25, 357, 1, 0, 1, 1, -1, 0, 0.979430, 0.600163
25, 358, 3, 0, 1, 1, -1, 0, 0.951151, 0.539585
25, 359, 6, 6, 1, 1, -1, -1, 1.092483, 0.534385
25, 360, 6, 4, 1, 1, -1, -1, 1.051040, 0.660347
25, 361, 2, 5, 1, -1, -1, -1, 1.160772, 0.928109
25, 362, 4, 1, 1, 1, -1, 1, 1.116782, 0.537563
25, 363, 5, 4, 1, 1, 1, 1, 1.185208, 2.230182
25, 364, 5, 2, 1, -1, -1, 1, 0.940570, 0.767738
25, 365, 4, 0, 1, 1, 1, 0, 0.984865, 0.600352
25, 366, 4, 6, 1, 1, 1, -1, 1.059625, 0.766207
25, 367, 1, 0, 1, 1, 1, 0, 1.132341, 0.722897
25, 368, 6, 0, 1, 1, -1, 0, 0.940207, 0.933371
25, 369, 5, 0, 1, 1, -1, 0, 0.886085, 0.792586
25, 370, 6, 0, 1, 1, 1, 0, 0.940701, 0.753543
25, 371, 3, 0, 1, 1, -1, 0, 0.973028, 0.820683
25, 372, 4, 0, 1, 1, 1, 0, 0.839193, 0.738823
25, 373, 4, 0, 1, 1, -1, 0, 0.795574, 0.668420
25, 374, 4, 0, 1, 1, 1, 0, 0.927204, 0.582442
25, 375, 2, 6, 1, 1, -1, 1, 0.916029, 0.464948
25, 376, 1, 0, 1, 1, 1, 0, 0.947263, 0.696082
25, 377, 2, 4, 1, -1, -1, -1, 1.125530, 1.242996
25, 378, 1, 0, 1, 1, -1, 0, 0.639433, 0.680632
25, 379, 5, 0, 1, 1, 1, 0, 0.734198, 0.700968
25, 380, 4, 0, 1, 1, 1, 0, 0.817220, 1.152459
25, 381, 5, 0, 1, 1, -1, 0, 1.115339, 0.671270
25, 382, 4, 3, 1, -1, -1, -1, 1.474774, 0.635825
25, 383, 3, 6, 1, 1, -1, -1, 1.070944, 0.754131
25, 384, 6, 3, 1, 1, -1, -1, 1.112387, 0.611452
25, 385, 5, 3, 1, 1, 1, 1, 1.464183, 0.991559
25, 386, 3, 3, 1, -1, -1, -1, 1.544173, 0.702440
25, 387, 5, 4, 1, 1, -1, -1, 1.427723, 0.001126
25, 388, 5, 1, 1, 1, 1, 1, 1.470882, 1.056910
25, 389, 2, 0, 1, 1, 1, 0, 1.577873, 0.627202
25, 390, 6, 2, 1, 1, 1, 1, 0.999970, 0.549512
25, 391, 2, 0, 1, 1, -1, 0, 1.008990, 0.665223
25, 392, 4, 0, 1, 1, 1, 0, 1.090605, 0.683402
25, 393, 2, 0, 1, 1, -1, 0, 0.952197, 0.784222
25, 394, 3, 3, 1, -1, 1, 1, 1.231065, 0.764748
25, 395, 1, 6, 1, 1, -1, -1, 1.192812, 0.780271
25, 396, 1, 4, 1, 1, -1, 1, 1.114560, 0.715759
25, 397, 2, 0, 1, 1, -1, 0, 1.312754, 0.675600
25, 398, 1, 6, 1, 1, -1, 1, 1.166885, 0.902389
25, 399, 5, 0, 1, 1, -1, 0, 0.973504, 0.555062
25, 400, 4, 4, 1, 1, -1, -1, 1.176510, 0.636261
25, 401, 5, 1, 1, 1, 1, 1, 0.810335, 0.508015
25, 402, 4, 0, 1, 1, -1, 0, 0.724567, 0.593764
25, 403, 6, 0, 1, 1, 1, 0, 0.886099, 0.619432
25, 404, 1, 1, 1, 1, 1, 1, 1.222763, 0.566779
25, 405, 3, 0, 1, 1, -1, 0, 0.872562, 0.616897
25, 406, 5, 0, 1, 1, 1, 0, 1.011896, 0.698239
25, 407, 2, 5, 1, -1, -1, 1, 1.588975, 0.804952
25, 408, 2, 0, 1, 1, 1, 0, 0.974073, 0.665745
25, 409, 5, 6, 1, 1, 1, -1, 1.073216, 0.489825
25, 410, 2, 6, 1, -1, -1, -1, 2.004924, 1.056261
25, 411, 3, 6, 1, 1, -1, -1, 1.896602, 0.570286
25, 412, 4, 4, 1, 1, 1, -1, 0.950733, 0.963612
25, 413, 6, 0, 1, 1, 1, 0, 1.020532, 0.607092
25, 414, 1, 3, 1, 1, 1, 1, 1.018740, 0.635089
25, 415, 5, 5, 1, 1, 1, 1, 0.860495, 0.643973
25, 416, 3, 0, 1, 1, 1, 0, 1.078917, 0.712872
25, 417, 2, 5, 1, -1, 1, -1, 1.550170, 0.698573
25, 418, 5, 0, 1, 1, 1, 0, 1.391329, 0.740285
25, 419, 4, 3, 1, 1, 1, 1, 1.216089, 0.827129
25, 420, 2, 0, 1, 1, -1, 0, 1.194242, 0.460748
25, 421, 3, 0, 1, 1, 1, 0, 1.390308, 0.800047
25, 422, 6, 0, 1, 1, -1, 0, 1.118829, 0.814443
25, 423, 4, 0, 1, 1, -1, 0, 1.386148, 0.507970
25, 424, 3, 0, 1, 1, 1, 0, 1.255572, 0.749657
25, 425, 4, 0, 1, 1, 1, 0, 1.118792, 0.894585
25, 426, 3, 0, 1, 1, -1, 0, 0.994714, 0.874452
25, 427, 5, 0, 1, 1, -1, 0, 1.006594, 0.598556
25, 428, 4, 0, 1, 1, -1, 0, 0.799167, 0.612366
25, 429, 6, 5, 1, 1, -1, -1, 1.075881, 0.650741
25, 430, 1, 3, 1, 1, 1, -1, 1.012193, 0.568623
25, 431, 4, 0, 1, 1, 1, 0, 0.932493, 0.766804
25, 432, 1, 4, 1, 1, 1, 1, 1.044983, 0.001021
25, 433, 3, 4, 1, -1, 1, -1, 1.305830, 0.714589
25, 434, 1, 5, 1, -1, -1, 1, 1.282066, 0.477519
25, 435, 1, 1, 1, 1, 1, 1, 1.138279, 0.632235
25, 436, 1, 1, 1, 1, -1, -1, 1.033978, 0.623763
25, 437, 4, 0, 1, 1, 1, 0, 1.705875, 0.731808
25, 438, 4, 0, 1, 1, -1, 0, 1.574056, 0.636456
25, 439, 3, 6, 1, 1, -1, 1, 1.205484, 0.512154
25, 440, 2, 0, 1, 1, 1, 0, 1.069195, 0.837503
25, 441, 5, 0, 1, 1, -1, 0, 0.920318, 0.775101
25, 442, 1, 0, 1, 1, 1, 0, 0.850698, 0.615251
25, 443, 5, 0, 1, 1, 1, 0, 1.190703, 0.635104
25, 444, 1, 0, 1, 1, -1, 0, 1.086676, 0.681194
25, 445, 5, 0, 1, 1, 1, 0, 1.640947, 0.001020
25, 446, 4, 0, 1, 1, 1, 0, 1.264825, 0.737520
25, 447, 1, 0, 1, 1, -1, 0, 1.013104, 0.704484
25, 448, 1, 0, 1, 1, -1, 0, 0.884347, 0.406511
25, 449, 5, 5, 1, -1, 1, -1, 1.327237, 1.978200
25, 450, 2, 0, 1, 1, 1, 0, 1.046615, 0.669444
25, 451, 3, 0, 1, 1, -1, 0, 0.771843, 0.620287
25, 452, 1, 4, 1, 1, 1, -1, 1.153466, 0.848494
25, 453, 2, 2, 1, -1, -1, 1, 0.988778, 0.449115
25, 454, 4, 0, 1, 1, -1, 0, 1.082959, 1.069968
25, 455, 1, 0, 1, 1, -1, 0, 0.953557, 0.900959
25, 456, 4, 0, 1, 1, -1, 0, 1.040924, 0.686206
25, 457, 2, 4, 1, 1, -1, 1, 1.190985, 0.631141
25, 458, 1, 0, 1, 1, 1, 0, 1.230218, 0.538149
25, 459, 6, 5, 1, 1, -1, 1, 1.118165, 0.666535
25, 460, 3, 2, 1, 1, -1, -1, 1.004858, 0.586101
25, 461, 6, 0, 1, 1, -1, 0, 0.793249, 0.488772
25, 462, 1, 3, 1, 1, -1, -1, 1.232370, 0.511116
25, 463, 6, 0, 1, 1, -1, 0, 0.886984, 0.579018
25, 464, 6, 4, 1, 1, -1, 1, 0.937577, 0.551476
25, 465, 4, 0, 1, 1, -1, 0, 1.005278, 0.698640
25, 466, 1, 1, 1, 1, 1, -1, 1.534664, 0.679980
25, 467, 3, 0, 1, 1, -1, 0, 1.097830, 0.733731
25, 468, 1, 0, 1, 1, -1, 0, 0.931617, 0.498535
25, 469, 6, 0, 1, 1, -1, 0, 0.731030, 0.596099
25, 470, 5, 3, 1, 1, 1, 1, 1.382341, 0.803538
25, 471, 2, 1, 1, -1, 1, 1, 1.318737, 0.967705
25, 472, 2, 0, 1, 1, -1, 0, 0.900730, 0.451444
25, 473, 2, 3, 1, -1, 1, -1, 1.242378, 0.607106
25, 474, 1, 0, 1, 1, -1, 0, 0.894140, 0.978569
25, 475, 6, 3, 1, 1, 1, -1, 0.897539, 0.624671
25, 476, 5, 6, 1, 1, -1, 1, 0.999497, 0.617558
25, 477, 4, 0, 1, 1, -1, 0, 0.848886, 0.694705
25, 478, 4, 0, 1, 1, 1, 0, 1.150446, 0.707630
25, 479, 6, 0, 1, 1, 1, 0, 0.971962, 0.626935
25, 480, 5, 6, 1, 1, 1, 1, 0.991908, 0.580522
25, 481, 5, 2, 1, 1, -1, -1, 0.999004, 0.752461
25, 482, 4, 0, 1, 1, 1, 0, 1.050316, 0.773867
25, 483, 6, 0, 1, 1, -1, 0, 0.873724, 0.662003
25, 484, 2, 0, 1, 1, -1, 0, 1.975701, 0.786040
25, 485, 1, 0, 1, 1, -1, 0, 0.900252, 2.632293
25, 486, 3, 0, 1, 1, 1, 0, 0.874010, 1.000746
25, 487, 2, 2, 1, -1, 1, 1, 1.277129, 0.700347
25, 488, 4, 6, 1, 1, 1, -1, 0.998714, 0.667169
25, 489, 1, 0, 1, 1, -1, 0, 0.980053, 0.733931
25, 490, 5, 0, 1, 1, 1, 0, 0.832107, 0.791413
25, 491, 5, 0, 1, 1, -1, 0, 0.835457, 0.826133
25, 492, 6, 2, 1, 1, 1, -1, 0.855993, 0.827727
25, 493, 6, 0, 1, 1, 1, 0, 0.756332, 0.825995
25, 494, 6, 3, 1, 1, 1, 1, 0.722534, 0.663933
25, 495, 5, 3, 1, 1, 1, -1, 0.768372, 0.628911
25, 496, 2, 1, 1, 1, 1, -1, 1.174474, 0.759943
25, 497, 6, 2, 1, 1, -1, -1, 1.475597, 1.110808
25, 498, 2, 0, 0, 1, -1, 0, 1.187075, 0.599947
25, 499, 5, 1, 1, 1, 1, -1, 0.878414, 0.683150
25, 500, 2, 4, 1, -1, 1, -1, 1.212698, 0.855828
25, 501, 2, 0, 1, 1, 1, 0, 0.741909, 0.398419
25, 502, 1, 0, 1, 1, 1, 0, 0.668127, 1.053629
25, 503, 1, 2, 1, 1, -1, -1, 0.857919, 0.748560
25, 504, 1, 0, 1, 1, 1, 0, 0.892365, 0.733167
25, 505, 1, 0, 1, 1, 1, 0, 0.670590, 0.688344
25, 506, 2, 5, 1, -1, -1, 1, 1.737449, 0.619606
25, 507, 1, 0, 1, 1, 1, 0, 0.801159, 0.836536
25, 508, 4, 2, 1, -1, 1, 1, 0.940511, 0.997082
25, 509, 3, 0, 1, 1, 1, 0, 1.018779, 0.577208
25, 510, 4, 0, 1, 1, -1, 0, 0.966618, 0.686993
25, 511, 3, 0, 1, 1, -1, 0, 1.792646, 0.740289
25, 512, 4, 4, 1, 1, 1, 1, 0.965731, 0.733870
25, 513, 3, 6, 1, 1, 1, -1, 1.041226, 0.606047
25, 514, 6, 5, 1, 1, 1, -1, 1.158976, 0.505044
25, 515, 4, 0, 1, 1, 1, 0, 0.734438, 0.722712
25, 516, 3, 1, 1, 1, -1, -1, 1.032301, 0.398763
25, 517, 4, 0, 1, 1, 1, 0, 0.769428, 0.768303
25, 518, 6, 0, 1, 1, -1, 0, 0.781388, 0.517873
25, 519, 6, 0, 1, 1, 1, 0, 0.794954, 0.451152
25, 520, 3, 2, 1, -1, -1, 1, 1.030021, 0.483930
25, 521, 6, 5, 1, 1, 1, 1, 1.012476, 0.615178
25, 522, 3, 2, 1, 1, 1, 1, 1.156314, 0.770665
25, 523, 5, 1, 1, 1, -1, 1, 1.135864, 0.909571
25, 524, 4, 6, 1, 1, -1, 1, 1.441318, 0.794711
25, 525, 5, 2, 1, 1, 1, -1, 0.947287, 0.734291
25, 526, 4, 5, 1, -1, -1, 1, 1.127044, 0.776909
25, 527, 4, 1, 1, 1, 1, 1, 0.948016, 0.681440
25, 528, 1, 4, 1, 1, -1, 1, 1.084487, 0.813130
25, 529, 6, 2, 1, 1, 1, 1, 1.139432, 0.769299
25, 530, 5, 1, 1, 1, -1, 1, 1.034395, 1.361232
25, 531, 3, 3, 1, -1, 1, 1, 1.234063, 0.771297
25, 532, 2, 0, 1, 1, -1, 0, 1.314196, 0.706314
25, 533, 6, 0, 1, 1, 1, 0, 0.851989, 0.653412
25, 534, 5, 2, 1, -1, -1, 1, 1.090179, 0.649311
25, 535, 3, 2, 1, -1, 1, 1, 1.678998, 0.799387
25, 536, 4, 0, 1, 1, 1, 0, 1.045705, 0.780159
25, 537, 3, 0, 1, 1, -1, 0, 1.137836, 0.642766
25, 538, 3, 0, 1, 1, 1, 0, 0.992118, 0.859469
25, 539, 6, 4, 1, 1, -1, 1, 0.991755, 0.646325
25, 540, 3, 0, 1, 1, -1, 0, 0.916322, 0.685374
25, 541, 5, 1, 1, 1, -1, -1, 0.821377, 0.588711
25, 542, 6, 0, 1, 1, 1, 0, 0.827095, 0.425282
25, 543, 2, 1, 1, 1, -1, 1, 0.984664, 0.498967
25, 544, 6, 1, 1, 1, 1, -1, 1.176609, 0.708149
25, 545, 3, 6, 1, 1, -1, 1, 1.396020, 0.460077
25, 546, 2, 6, 1, 1, 1, 1, 1.146916, 0.736458
25, 547, 1, 4, 1, 1, 1, -1, 1.623552, 0.656471
25, 548, 4, 4, 1, 1, 1, 1, 1.285816, 0.757193
25, 549, 4, 3, 1, 1, 1, 1, 1.120103, 0.952544
25, 550, 4, 0, 1, 1, -1, 0, 1.162308, 0.496831
25, 551, 6, 1, 1, 1, -1, 1, 0.820155, 0.903351
25, 552, 3, 0, 1, 1, -1, 0, 0.737490, 0.693424
25, 553, 3, 0, 1, 1, -1, 0, 0.718013, 0.709472
25, 554, 4, 2, 1, -1, -1, -1, 1.313525, 0.700250
25, 555, 5, 1, 1, -1, 1, -1, 2.718417, 0.936647
25, 556, 4, 2, 1, -1, 1, -1, 1.518383, 1.376847
25, 557, 4, 2, 1, 1, -1, 1, 1.269159, 1.232247
25, 558, 1, 0, 1, 1, 1, 0, 1.005764, 0.001047
25, 559, 4, 3, 1, 1, 1, -1, 0.997060, 0.854917
25, 560, 1, 5, 1, -1, 1, -1, 1.228124, 0.628991
25, 561, 4, 2, 1, 1, -1, -1, 1.323691, 0.790520
25, 562, 5, 6, 1, 1, -1, -1, 0.979894, 0.758212
25, 563, 3, 5, 1, 1, -1, -1, 1.040395, 0.926981
25, 564, 4, 0, 1, 1, 1, 0, 0.914695, 0.807382
25, 565, 3, 0, 1, 1, 1, 0, 1.398034, 0.957041
25, 566, 1, 0, 1, 1, 1, 0, 0.962206, 0.875619
25, 567, 2, 0, 1, 1, -1, 0, 1.105697, 0.814036
25, 568, 1, 6, 1, 1, 1, -1, 1.068928, 0.519505
25, 569, 2, 0, 1, 1, 1, 0, 1.078843, 0.001007
25, 570, 4, 0, 1, 1, -1, 0, 1.257042, 0.867612
25, 571, 5, 4, 1, 1, 1, 1, 1.126992, 0.699621
25, 572, 6, 0, 1, 1, -1, 0, 1.094472, 0.001051
25, 573, 5, 0, 1, 1, -1, 0, 0.950449, 0.001042
25, 574, 5, 3, 1, 1, 1, -1, 0.995577, 0.754611
25, 575, 2, 6, 1, 1, 1, 1, 0.979294, 0.710258
25, 576, 5, 5, 1, 1, -1, 1, 1.121503, 0.691991
