observer, trial, targLoc, distLoc, targDiscrim, thoughtNoAttCap, tc, dc, RT, TrialTypeRT
9, 1, 4, 1, 1, -1, -1, -1, 2.637745, 11.379412
9, 2, 2, 3, 1, -1, -1, -1, 2.762701, 0.793580
9, 3, 2, 0, 1, 1, -1, 0, 1.953360, 2.150289
9, 4, 4, 0, 0, 1, -1, 0, 1.194454, 0.569909
9, 5, 1, 0, 0, 1, 1, 0, 1.523381, 0.324976
9, 6, 3, 0, 1, 1, -1, 0, 2.882616, 0.172941
9, 7, 6, 0, 1, 1, -1, 0, 1.955959, 0.444009
9, 8, 5, 0, 1, 1, 1, 0, 1.156762, 0.445741
9, 9, 2, 5, 1, -1, -1, 1, 2.517208, 0.558297
9, 10, 6, 6, 1, -1, -1, -1, 1.954078, 0.457401
9, 11, 6, 0, 1, 1, 1, 0, 1.271808, 0.967879
9, 12, 2, 2, 1, 1, 1, -1, 4.299557, 0.179556
9, 13, 5, 4, 1, -1, -1, -1, 3.486523, 0.304408
9, 14, 2, 0, 1, 1, 1, 0, 2.700798, 0.179844
9, 15, 3, 6, 1, -1, -1, 1, 5.823717, 0.293105
9, 16, 5, 1, 1, -1, 1, -1, 3.092520, 0.385123
9, 17, 6, 6, 1, -1, 1, -1, 3.260010, 0.431274
9, 18, 6, 0, 1, 1, -1, 0, 2.204633, 0.127357
9, 19, 4, 0, 1, 1, -1, 0, 2.315509, 0.650940
9, 20, 1, 3, 1, 1, -1, -1, 5.050250, 0.908709
9, 21, 4, 1, 1, -1, -1, 1, 3.671816, 0.245873
9, 22, 5, 0, 1, 1, -1, 0, 2.241538, 0.304031
9, 23, 2, 5, 1, 1, -1, -1, 1.526793, 0.100693
9, 24, 2, 6, 1, -1, -1, 1, 2.437365, 0.287054
9, 25, 5, 1, 1, -1, 1, 1, 3.091888, 0.152991
9, 26, 2, 0, 1, 1, 1, 0, 1.458070, 0.121037
9, 27, 5, 0, 1, 1, 1, 0, 2.045463, 0.546438
9, 28, 5, 3, 1, -1, 1, 1, 4.498950, 0.047435
9, 29, 5, 4, 1, -1, 1, -1, 2.579558, 0.254119
9, 30, 5, 2, 1, -1, 1, -1, 2.389359, 0.199712
9, 31, 3, 0, 1, 1, 1, 0, 0.978173, 0.252260
9, 32, 3, 0, 1, -1, -1, 0, 1.555677, 0.211743
9, 33, 1, 0, 1, 1, 1, 0, 1.068436, 0.107325
9, 34, 5, 0, 1, 1, 1, 0, 1.596678, 0.027506
9, 35, 4, 0, 1, 1, 1, 0, 1.085934, 0.107227
9, 36, 2, 4, 1, -1, 1, -1, 1.951078, 0.127805
9, 37, 5, 2, 1, 1, 1, 1, 1.265933, 0.059673
9, 38, 3, 0, 1, 1, -1, 0, 1.414631, 0.377416
9, 39, 5, 0, 1, 1, -1, 0, 1.947869, 0.742587
9, 40, 3, 3, 1, 1, 1, -1, 2.158946, 0.312129
9, 41, 4, 2, 1, -1, -1, -1, 2.317934, 0.060461
9, 42, 6, 3, 1, -1, -1, -1, 2.128901, 0.146127
9, 43, 5, 0, 1, 1, -1, 0, 1.225752, 0.239922
9, 44, 6, 0, 0, 1, 1, 0, 1.704937, 2.552167
9, 45, 6, 5, 1, -1, 1, -1, 2.297120, 0.272269
9, 46, 1, 0, 1, 1, 1, 0, 1.164226, 0.014281
9, 47, 3, 0, 1, 1, -1, 0, 1.514433, 0.318391
9, 48, 1, 3, 1, -1, 1, 1, 1.565769, 0.073999
9, 49, 6, 0, 1, 1, 1, 0, 1.024909, 0.139479
9, 50, 4, 1, 1, 1, 1, 1, 1.679872, 0.047584
9, 51, 6, 0, 1, -1, -1, 0, 2.374950, 1.118584
9, 52, 3, 0, 1, 1, -1, 0, 1.293930, 0.060957
9, 53, 5, 0, 1, 1, -1, 0, 0.917382, 0.246628
9, 54, 2, 3, 1, 1, -1, 1, 1.349454, 0.092899
9, 55, 4, 4, 1, -1, -1, 1, 1.612003, 0.160945
9, 56, 2, 0, 1, 1, -1, 0, 1.033446, 0.813887
9, 57, 6, 0, 1, -1, 1, 0, 1.530830, 0.635179
9, 58, 3, 4, 1, -1, -1, 1, 1.628426, 0.160212
9, 59, 6, 1, 1, 1, -1, -1, 1.645884, 0.060940
9, 60, 3, 0, 1, 1, 1, 0, 2.669663, 0.171860
9, 61, 2, 0, 1, 1, -1, 0, 1.132851, 0.139623
9, 62, 5, 0, 1, 1, 1, 0, 0.916124, 0.186921
9, 63, 6, 0, 1, 1, -1, 0, 1.144700, 0.206880
9, 64, 4, 0, 1, 1, -1, 0, 1.656827, 0.160188
9, 65, 1, 6, 1, 1, -1, -1, 1.749840, 0.067187
9, 66, 5, 0, 1, 1, 1, 0, 1.164249, 0.067300
9, 67, 1, 0, 1, 1, -1, 0, 1.086439, 0.079863
9, 68, 1, 5, 1, -1, 1, -1, 2.158426, 0.113719
9, 69, 2, 0, 1, 1, 1, 0, 0.968645, 0.152540
9, 70, 3, 2, 1, -1, -1, -1, 2.298787, 0.473014
9, 71, 3, 3, 1, 1, -1, 1, 2.522619, 0.034117
9, 72, 1, 0, 1, 1, 1, 0, 0.755710, 0.047113
9, 73, 4, 2, 1, 1, 1, -1, 0.949453, 0.073988
9, 74, 3, 0, 1, 1, 1, 0, 0.829175, 0.054284
9, 75, 2, 0, 1, 1, 1, 0, 0.921686, 0.013981
9, 76, 5, 5, 1, 1, 1, 1, 1.195790, 0.001047
9, 77, 2, 0, 1, 1, -1, 0, 0.848270, 0.060730
9, 78, 1, 4, 0, 1, -1, -1, 1.211916, 0.546082
9, 79, 5, 0, 1, 1, -1, 0, 1.055131, 0.113288
9, 80, 1, 0, 1, 1, 1, 0, 1.020827, 0.160298
9, 81, 1, 6, 1, -1, -1, -1, 3.425696, 0.033898
9, 82, 5, 0, 1, 1, 1, 0, 0.865014, 0.146209
9, 83, 6, 0, 1, 1, -1, 0, 1.380224, 0.014234
9, 84, 5, 0, 1, 1, 1, 0, 0.749956, 0.001025
9, 85, 1, 4, 1, -1, -1, 1, 1.773129, 0.153755
9, 86, 5, 6, 1, 1, 1, -1, 1.090701, 0.001045
9, 87, 2, 3, 1, 1, 1, -1, 1.406761, 0.113346
9, 88, 1, 6, 1, -1, -1, 1, 2.089917, 0.164663
9, 89, 3, 0, 1, 1, -1, 0, 1.256610, 0.014284
9, 90, 5, 4, 1, 1, 1, 1, 1.546951, 0.001086
9, 91, 1, 5, 1, 1, 1, 1, 0.974307, 0.001010
9, 92, 5, 2, 1, 1, 1, 1, 1.117973, 0.001004
9, 93, 3, 0, 1, 1, 1, 0, 0.832625, 0.001070
9, 94, 4, 1, 1, -1, -1, -1, 1.228590, 0.126373
9, 95, 5, 1, 1, -1, -1, -1, 1.610545, 0.001057
9, 96, 3, 6, 1, 1, 1, -1, 1.013516, 0.001000
9, 97, 1, 6, 1, 1, 1, -1, 1.020631, 0.001016
9, 98, 1, 0, 1, 1, 1, 0, 0.903409, 0.001019
9, 99, 6, 0, 1, 1, 1, 0, 0.770675, 0.001027
9, 100, 6, 2, 1, -1, 1, -1, 1.601099, 0.382947
9, 101, 2, 0, 1, 1, -1, 0, 1.665811, 0.266996
9, 102, 5, 2, 1, 1, 1, -1, 0.975790, 0.001002
9, 103, 3, 4, 1, 1, 1, 1, 0.874912, 0.001025
9, 104, 5, 0, 1, 1, 1, 0, 0.630820, 0.001006
9, 105, 2, 0, 1, 1, -1, 0, 1.622206, 0.066708
9, 106, 5, 0, 1, 1, 1, 0, 1.378851, 0.001024
9, 107, 4, 4, 1, -1, 1, 1, 1.503959, 0.001024
9, 108, 2, 0, 1, 1, -1, 0, 1.256189, 0.007737
9, 109, 3, 4, 1, 1, -1, -1, 1.220093, 0.001007
9, 110, 6, 0, 1, 1, -1, 0, 1.025916, 0.001050
9, 111, 6, 6, 1, 1, -1, -1, 0.993780, 0.001002
9, 112, 2, 6, 1, 1, -1, -1, 0.815518, 0.001013
9, 113, 2, 0, 1, 1, 1, 0, 0.856050, 1.510156
9, 114, 6, 2, 1, 1, 1, 1, 0.883443, 0.870497
9, 115, 4, 0, 1, 1, 1, 0, 0.823087, 0.166904
9, 116, 5, 0, 1, 1, -1, 0, 1.049549, 0.001013
9, 117, 1, 2, 1, 1, -1, -1, 1.355410, 0.001035
9, 118, 4, 3, 1, -1, -1, -1, 1.522944, 0.001002
9, 119, 3, 0, 1, 1, -1, 0, 1.019485, 0.001045
9, 120, 4, 0, 1, 1, -1, 0, 0.809409, 0.040939
9, 121, 1, 0, 1, 1, -1, 0, 1.130819, 0.001072
9, 122, 1, 0, 1, 1, -1, 0, 0.719104, 0.001054
9, 123, 5, 5, 1, 1, -1, -1, 0.948720, 0.001063
9, 124, 1, 0, 1, 1, 1, 0, 0.815605, 0.754977
9, 125, 4, 2, 1, -1, 1, 1, 1.422918, 0.699873
9, 126, 3, 0, 1, 1, 1, 0, 0.711111, 0.393625
9, 127, 6, 2, 1, 1, -1, -1, 1.026337, 0.001059
9, 128, 1, 0, 1, 1, -1, 0, 0.896104, 0.040581
9, 129, 2, 5, 1, 1, 1, -1, 0.848130, 0.781630
9, 130, 2, 0, 1, -1, -1, 0, 0.794285, 0.027639
9, 131, 4, 0, 1, 1, 1, 0, 0.701352, 0.001021
9, 132, 1, 0, 1, 1, -1, 0, 0.995034, 0.193253
9, 133, 6, 1, 1, 1, -1, 1, 2.076778, 0.001021
9, 134, 3, 5, 1, 1, 1, 1, 1.380899, 1.511876
9, 135, 3, 2, 1, 1, -1, -1, 1.120584, 0.020778
9, 136, 6, 5, 1, 1, -1, 1, 1.364472, 0.001018
9, 137, 4, 6, 1, 1, -1, -1, 1.221301, 0.001318
9, 138, 2, 6, 1, 1, -1, -1, 0.951946, 0.007635
9, 139, 1, 2, 1, 1, 1, 1, 1.057284, 0.001050
9, 140, 4, 3, 1, 1, -1, 1, 1.044873, 0.014353
9, 141, 4, 0, 1, 1, -1, 0, 1.133390, 0.027376
9, 142, 1, 1, 1, 1, -1, -1, 1.330784, 0.007046
9, 143, 2, 5, 1, 1, 1, 1, 1.320786, 0.001057
9, 144, 4, 0, 1, 1, -1, 0, 1.826368, 0.001071
9, 145, 6, 2, 1, -1, 1, 1, 0.830200, 1.568138
9, 146, 4, 5, 1, 1, -1, 1, 1.080305, 0.001291
9, 147, 3, 0, 1, 1, -1, 0, 1.009279, 0.001005
9, 148, 5, 0, 1, 1, -1, 0, 0.789469, 0.047399
9, 149, 4, 6, 1, -1, -1, -1, 1.226381, 0.001004
9, 150, 3, 2, 1, 1, -1, 1, 1.607077, 0.127119
9, 151, 6, 0, 1, 1, 1, 0, 2.512351, 0.219338
9, 152, 4, 5, 1, -1, -1, -1, 0.985132, 0.040435
9, 153, 6, 0, 1, 1, 1, 0, 0.874432, 0.001012
9, 154, 2, 4, 1, -1, -1, -1, 1.191064, 0.001029
9, 155, 3, 0, 1, 1, -1, 0, 0.993668, 0.014179
9, 156, 1, 0, 1, 1, -1, 0, 1.765717, 0.001060
9, 157, 5, 5, 1, -1, 1, -1, 1.328843, 0.280623
9, 158, 1, 4, 1, -1, 1, -1, 2.784083, 0.047296
9, 159, 5, 4, 0, 1, 1, 1, 0.967005, 0.093881
9, 160, 1, 0, 1, 1, -1, 0, 1.028226, 0.040507
9, 161, 4, 6, 1, 1, 1, 1, 1.070385, 0.001030
9, 162, 5, 0, 1, 1, -1, 0, 0.867840, 0.033646
9, 163, 3, 0, 1, 1, -1, 0, 0.920970, 0.041009
9, 164, 6, 0, 1, 1, 1, 0, 0.768741, 0.060633
9, 165, 2, 2, 1, -1, -1, 1, 1.401818, 0.001249
9, 166, 3, 0, 1, 1, 1, 0, 0.848708, 0.001001
9, 167, 2, 5, 1, -1, -1, -1, 1.386422, 0.047648
9, 168, 3, 4, 1, -1, -1, -1, 1.919781, 0.001087
9, 169, 4, 4, 1, -1, -1, -1, 1.592571, 0.001007
9, 170, 6, 1, 1, -1, 1, -1, 1.666862, 0.105696
9, 171, 2, 3, 1, -1, -1, -1, 1.678657, 0.001275
9, 172, 1, 1, 1, -1, -1, -1, 1.388819, 0.014255
9, 173, 4, 0, 1, 1, 1, 0, 0.961316, 0.054309
9, 174, 1, 5, 1, -1, -1, 1, 1.363115, 0.126147
9, 175, 6, 3, 1, -1, -1, 1, 1.678654, 0.193728
9, 176, 5, 5, 1, -1, -1, 1, 1.768725, 0.001007
9, 177, 1, 0, 1, 1, 1, 0, 0.882099, 0.139256
9, 178, 6, 3, 1, 1, 1, -1, 1.029283, 0.001003
9, 179, 4, 0, 1, -1, -1, 0, 0.867976, 0.001011
9, 180, 1, 0, 1, 1, -1, 0, 0.890171, 0.286345
9, 181, 2, 2, 1, 1, 1, 1, 0.950927, 0.001047
9, 182, 4, 0, 1, 1, -1, 0, 1.584007, 0.127251
9, 183, 3, 0, 1, 1, 1, 0, 0.801759, 0.001317
9, 184, 5, 0, 1, -1, -1, 0, 0.936917, 0.001080
9, 185, 3, 0, 1, 1, -1, 0, 0.995706, 0.001037
9, 186, 1, 0, 1, 1, 1, 0, 0.783783, 0.001062
9, 187, 4, 3, 1, -1, -1, -1, 1.529231, 0.226061
9, 188, 1, 2, 1, 1, 1, 1, 0.955284, 0.001318
9, 189, 1, 0, 1, 1, -1, 0, 0.900071, 0.014188
9, 190, 1, 0, 1, 1, -1, 0, 1.346927, 0.126911
9, 191, 3, 0, 1, 1, -1, 0, 0.873256, 0.093749
9, 192, 3, 6, 1, -1, -1, -1, 1.458367, 0.001091
9, 193, 5, 6, 1, -1, -1, 1, 1.793652, 0.040723
9, 194, 4, 4, 1, 1, 1, -1, 1.349951, 0.054315
9, 195, 6, 3, 0, -1, 1, 1, 1.291333, 0.001010
9, 196, 6, 5, 1, 1, -1, -1, 1.061966, 0.838753
9, 197, 1, 4, 1, 1, 1, 1, 1.047115, 0.000975
9, 198, 4, 0, 1, 1, 1, 0, 0.829906, 0.583177
9, 199, 5, 1, 1, 1, 1, -1, 1.044238, 0.001184
9, 200, 3, 4, 1, 1, 1, -1, 0.831559, 0.001097
9, 201, 5, 6, 1, 1, 1, 1, 0.916723, 0.001018
9, 202, 3, 0, 1, 1, -1, 0, 0.831737, 0.279155
9, 203, 2, 0, 1, 1, 1, 0, 0.722924, 0.052694
9, 204, 2, 6, 1, 1, 1, -1, 0.842615, 0.001014
9, 205, 4, 0, 1, 1, 1, 0, 0.656529, 0.001231
9, 206, 6, 0, 1, 1, 1, 0, 0.624433, 0.001019
9, 207, 6, 3, 1, -1, 1, -1, 1.492930, 0.001053
9, 208, 4, 5, 1, 1, 1, -1, 0.736986, 0.001016
9, 209, 6, 0, 1, 1, 1, 0, 0.754943, 0.001022
9, 210, 2, 0, 1, 1, -1, 0, 0.927655, 0.094254
9, 211, 6, 0, 1, 1, -1, 0, 0.754165, 0.080456
9, 212, 6, 2, 1, 1, -1, -1, 0.867959, 0.073835
9, 213, 1, 1, 0, -1, 1, 1, 1.455735, 0.001030
9, 214, 1, 0, 1, 1, 1, 0, 0.930423, 0.001014
9, 215, 6, 1, 1, 1, 1, 1, 0.781522, 0.001071
9, 216, 2, 2, 1, 1, -1, -1, 1.110787, 1.819533
9, 217, 6, 0, 1, 1, 1, 0, 0.800457, 0.001006
9, 218, 1, 0, 1, 1, 1, 0, 1.270573, 0.001005
9, 219, 4, 0, 1, 1, 1, 0, 0.681934, 0.014266
9, 220, 3, 5, 1, 1, -1, -1, 0.998003, 0.180438
9, 221, 2, 0, 1, 1, -1, 0, 0.824877, 0.027533
9, 222, 2, 3, 1, 1, 1, 1, 0.993832, 0.001005
9, 223, 1, 0, 1, 1, -1, 0, 0.775876, 0.047249
9, 224, 5, 6, 1, 1, -1, 1, 1.775507, 0.027554
9, 225, 1, 4, 1, 1, -1, -1, 0.926287, 0.001011
9, 226, 4, 0, 1, 1, -1, 0, 0.847861, 0.060319
9, 227, 3, 0, 1, 1, 1, 0, 0.902413, 0.007645
9, 228, 6, 5, 1, 1, 1, -1, 0.853813, 0.000989
9, 229, 2, 3, 1, 1, 1, 1, 0.790603, 0.001033
9, 230, 6, 4, 1, 1, 1, 1, 0.955517, 0.001016
9, 231, 4, 0, 1, 1, 1, 0, 0.686047, 0.001007
9, 232, 5, 1, 1, 1, -1, 1, 1.070458, 0.240022
9, 233, 1, 1, 1, 1, 1, -1, 0.967247, 0.001004
9, 234, 3, 0, 1, 1, 1, 0, 0.707464, 0.014353
9, 235, 5, 0, 1, 1, -1, 0, 0.869841, 0.001116
9, 236, 4, 4, 1, 1, -1, -1, 1.080670, 0.001259
9, 237, 2, 3, 1, 1, 1, -1, 0.874075, 0.001017
9, 238, 6, 6, 1, 1, 1, 1, 0.949121, 1.599913
9, 239, 1, 0, 1, 1, -1, 0, 0.878793, 0.060360
9, 240, 3, 1, 1, -1, 1, -1, 2.086499, 0.014365
9, 241, 1, 1, 1, -1, 1, 1, 1.037743, 0.206998
9, 242, 4, 0, 1, 1, -1, 0, 0.974216, 0.001015
9, 243, 1, 0, 1, 1, -1, 0, 0.795664, 0.014271
9, 244, 6, 5, 1, 1, -1, 1, 0.954886, 0.001065
9, 245, 5, 0, 1, 1, 1, 0, 1.165961, 0.001041
9, 246, 1, 2, 1, 1, -1, 1, 0.835691, 0.001252
9, 247, 5, 0, 1, 1, 1, 0, 0.750400, 0.001019
9, 248, 4, 1, 1, 1, 1, -1, 0.767702, 0.001068
9, 249, 4, 2, 1, -1, 1, 1, 0.696829, 0.602629
9, 250, 4, 1, 1, -1, 1, -1, 1.430577, 0.001011
9, 251, 6, 4, 1, -1, 1, 1, 1.819008, 0.001017
9, 252, 1, 0, 1, 1, 1, 0, 0.790122, 0.001013
9, 253, 3, 0, 1, 1, 1, 0, 0.723313, 0.007626
9, 254, 1, 5, 1, -1, -1, -1, 1.888148, 0.001013
9, 255, 4, 0, 1, 1, 1, 0, 0.676800, 0.001025
9, 256, 4, 0, 1, 1, -1, 0, 0.851928, 0.001056
9, 257, 4, 0, 1, 1, -1, 0, 0.705836, 0.020982
9, 258, 5, 5, 1, -1, -1, -1, 1.505060, 0.001007
9, 259, 5, 0, 1, 1, 1, 0, 0.801556, 0.001079
9, 260, 1, 2, 1, 1, 1, -1, 0.871375, 1.072111
9, 261, 4, 0, 1, 1, 1, 0, 0.656094, 0.066963
9, 262, 2, 0, 1, 1, 1, 0, 0.738178, 0.001021
9, 263, 5, 2, 1, -1, -1, -1, 1.288785, 0.001072
9, 264, 2, 6, 1, -1, 1, 1, 1.102518, 0.100259
9, 265, 5, 0, 1, 1, -1, 0, 0.934824, 0.159740
9, 266, 1, 3, 1, 1, 1, -1, 1.000462, 0.001014
9, 267, 4, 0, 1, 1, 1, 0, 0.673860, 0.001004
9, 268, 4, 6, 1, 1, -1, 1, 1.317232, 0.007649
9, 269, 2, 0, 1, 1, 1, 0, 0.702057, 0.001005
9, 270, 2, 4, 1, 1, 1, -1, 0.785654, 0.001019
9, 271, 4, 1, 0, -1, 1, 1, 1.423915, 0.001041
9, 272, 4, 6, 1, -1, 1, -1, 1.147235, 0.001016
9, 273, 3, 1, 1, -1, -1, -1, 1.257858, 0.001012
9, 274, 4, 0, 1, 1, -1, 0, 0.758162, 0.153747
9, 275, 4, 0, 1, 1, -1, 0, 0.714236, 0.020853
9, 276, 6, 0, 1, 1, 1, 0, 0.775851, 0.001010
9, 277, 2, 4, 1, 1, -1, 1, 1.965963, 0.001004
9, 278, 2, 0, 0, 1, -1, 0, 0.772911, 0.227175
9, 279, 4, 0, 1, 1, -1, 0, 0.692282, 0.014273
9, 280, 5, 3, 1, -1, -1, -1, 1.297792, 1.018845
9, 281, 1, 1, 1, -1, -1, 1, 1.208995, 0.001006
9, 282, 5, 3, 1, 1, -1, 1, 0.881481, 0.194194
9, 283, 1, 0, 1, 1, 1, 0, 0.763861, 0.001020
9, 284, 4, 0, 1, 1, 1, 0, 0.670118, 0.001009
9, 285, 6, 5, 1, 1, 1, 1, 0.822180, 0.001011
9, 286, 3, 3, 0, -1, 1, 1, 1.555205, 1.136377
9, 287, 3, 0, 1, 1, -1, 0, 0.822090, 0.014334
9, 288, 1, 0, 1, 1, 1, 0, 0.776756, 0.001036
9, 289, 6, 4, 1, 1, -1, -1, 0.841195, 0.033523
9, 290, 4, 5, 1, 1, -1, 1, 1.077213, 0.001089
9, 291, 6, 2, 1, 1, -1, 1, 0.795435, 0.027769
9, 292, 3, 2, 1, -1, -1, 1, 1.454538, 0.001016
9, 293, 4, 1, 1, -1, -1, 1, 1.087440, 0.180733
9, 294, 6, 0, 1, 1, -1, 0, 0.716805, 0.020869
9, 295, 3, 0, 1, 1, 1, 0, 0.748563, 0.001000
9, 296, 6, 0, 0, 1, -1, 0, 0.876618, 0.001010
9, 297, 4, 4, 1, -1, -1, 1, 1.276298, 0.000991
9, 298, 2, 3, 1, 1, -1, 1, 1.027704, 0.067218
9, 299, 3, 1, 1, -1, 1, -1, 1.706034, 0.001155
9, 300, 2, 4, 1, 1, -1, -1, 1.249903, 0.439720
9, 301, 1, 0, 1, 1, 1, 0, 0.810258, 0.007723
9, 302, 4, 4, 0, -1, 1, 1, 1.264913, 0.001004
9, 303, 4, 3, 1, -1, 1, 1, 1.480178, 0.001013
9, 304, 5, 4, 1, 1, -1, 1, 0.962327, 0.007610
9, 305, 1, 0, 1, 1, 1, 0, 0.748080, 0.001009
9, 306, 2, 1, 1, -1, -1, 1, 1.210159, 0.637675
9, 307, 1, 3, 1, -1, -1, 1, 1.264366, 0.001005
9, 308, 3, 6, 1, 1, -1, 1, 1.013027, 0.159230
9, 309, 6, 0, 0, 1, -1, 0, 0.828525, 1.265531
9, 310, 2, 1, 1, 1, 1, 1, 0.861324, 0.001003
9, 311, 1, 0, 1, 1, -1, 0, 0.914813, 0.020924
9, 312, 3, 3, 1, 1, -1, -1, 1.467812, 0.086947
9, 313, 5, 0, 1, 1, -1, 0, 0.888046, 0.000978
9, 314, 1, 0, 1, 1, -1, 0, 0.711067, 0.001016
9, 315, 2, 0, 1, 1, 1, 0, 0.874769, 0.001021
9, 316, 2, 0, 1, 1, 1, 0, 0.808017, 0.001011
9, 317, 6, 5, 1, 1, 1, 1, 0.777849, 0.001003
9, 318, 1, 4, 1, 1, -1, 1, 0.872830, 0.001171
9, 319, 5, 3, 1, -1, -1, 1, 1.033555, 0.001073
9, 320, 6, 4, 1, 1, 1, -1, 0.881050, 0.001010
9, 321, 1, 2, 1, 1, -1, 1, 0.834847, 0.027508
9, 322, 1, 3, 1, 1, 1, 1, 0.789261, 0.001009
9, 323, 3, 6, 1, 1, 1, -1, 0.755047, 0.001005
9, 324, 3, 0, 1, 1, 1, 0, 0.589220, 0.001068
9, 325, 2, 6, 1, 1, 1, -1, 0.783664, 0.001022
9, 326, 1, 0, 0, 1, -1, 0, 0.838847, 0.001280
9, 327, 5, 2, 1, 1, -1, -1, 0.782228, 0.001222
9, 328, 3, 3, 1, -1, -1, 1, 1.392436, 0.001018
9, 329, 2, 0, 1, 1, 1, 0, 0.556494, 0.001014
9, 330, 4, 0, 1, 1, -1, 0, 0.778290, 0.525999
9, 331, 3, 5, 1, 1, 1, -1, 0.581823, 0.709174
9, 332, 5, 5, 1, -1, 1, 1, 1.906863, 0.001008
9, 333, 2, 0, 1, 1, 1, 0, 0.632791, 0.512433
9, 334, 6, 0, 1, 1, 1, 0, 0.655587, 0.001015
9, 335, 2, 6, 1, -1, -1, 1, 0.975399, 0.001008
9, 336, 1, 0, 1, 1, -1, 0, 0.878476, 0.020936
9, 337, 3, 3, 0, -1, 1, -1, 1.452046, 0.001058
9, 338, 2, 0, 1, 1, -1, 0, 0.709842, 0.001312
9, 339, 6, 5, 1, 1, -1, -1, 1.062240, 0.134310
9, 340, 1, 2, 1, 1, 1, -1, 0.827849, 0.001019
9, 341, 2, 1, 1, 1, 1, -1, 0.931531, 0.001021
9, 342, 1, 0, 1, 1, 1, 0, 0.746494, 0.001061
9, 343, 6, 0, 1, 1, 1, 0, 0.625229, 0.001016
9, 344, 4, 0, 1, 1, 1, 0, 0.693057, 0.001015
9, 345, 2, 0, 1, 1, 1, 0, 0.591170, 0.001018
9, 346, 5, 1, 1, 1, -1, -1, 0.893018, 0.034296
9, 347, 6, 0, 1, 1, -1, 0, 0.874588, 0.007633
9, 348, 6, 0, 1, 1, -1, 0, 0.755943, 0.132938
9, 349, 6, 0, 1, 1, -1, 0, 0.649505, 0.034363
9, 350, 1, 0, 1, 1, 1, 0, 0.654973, 0.001037
9, 351, 3, 0, 1, 1, -1, 0, 0.889212, 0.001051
9, 352, 4, 0, 1, 1, 1, 0, 0.571837, 0.000998
9, 353, 3, 0, 1, 1, 1, 0, 0.552573, 0.001028
9, 354, 2, 0, 1, 1, -1, 0, 0.703191, 0.027509
9, 355, 4, 0, 1, 1, 1, 0, 0.596990, 0.001011
9, 356, 1, 0, 1, 1, 1, 0, 0.625885, 0.001008
9, 357, 2, 0, 1, 1, -1, 0, 0.669271, 0.001016
9, 358, 5, 2, 1, 1, -1, 1, 0.762187, 0.007568
9, 359, 3, 6, 1, 1, -1, -1, 0.663022, 0.001019
9, 360, 2, 0, 1, 1, 1, 0, 0.624491, 0.001053
9, 361, 2, 4, 1, -1, -1, 1, 1.560673, 0.001222
9, 362, 2, 5, 1, -1, -1, 1, 0.913526, 0.027379
9, 363, 4, 0, 1, 1, -1, 0, 0.691578, 0.034336
9, 364, 4, 0, 1, 1, -1, 0, 0.504207, 0.001015
9, 365, 5, 0, 1, 1, 1, 0, 0.639063, 0.000995
9, 366, 1, 0, 1, 1, 1, 0, 0.815155, 0.001002
9, 367, 3, 0, 1, 1, 1, 0, 0.485143, 0.001032
9, 368, 6, 2, 1, -1, -1, 1, 1.338686, 0.001010
9, 369, 5, 0, 1, 1, 1, 0, 0.755480, 0.001086
9, 370, 6, 6, 1, 1, 1, 1, 0.871873, 0.001003
9, 371, 1, 2, 1, -1, -1, -1, 2.057571, 0.007742
9, 372, 3, 0, 1, 1, -1, 0, 0.635707, 0.100527
9, 373, 3, 1, 0, -1, 1, 1, 1.305694, 0.530100
9, 374, 6, 0, 1, 1, 1, 0, 0.731472, 0.712227
9, 375, 6, 0, 1, 1, -1, 0, 0.718365, 0.007616
9, 376, 1, 3, 1, 1, 1, -1, 0.691731, 0.001011
9, 377, 4, 5, 1, 1, -1, -1, 0.811112, 0.007550
9, 378, 5, 0, 1, 1, 1, 0, 0.664080, 0.001019
9, 379, 2, 0, 1, 1, 1, 0, 0.642231, 0.001029
9, 380, 4, 6, 1, 1, 1, -1, 0.735925, 0.001296
9, 381, 3, 0, 1, 1, -1, 0, 0.721687, 0.001402
9, 382, 4, 2, 1, -1, -1, 1, 1.183944, 0.001019
9, 383, 2, 0, 1, 1, 1, 0, 0.657571, 0.001034
9, 384, 5, 0, 1, 1, -1, 0, 0.824417, 0.001064
9, 385, 6, 4, 1, 1, 1, -1, 0.772854, 0.001003
9, 386, 6, 0, 1, 1, -1, 0, 0.774445, 0.007597
9, 387, 3, 0, 1, 1, -1, 0, 0.682787, 0.047170
9, 388, 5, 1, 1, -1, -1, 1, 1.273903, 0.001086
9, 389, 6, 0, 1, 1, 1, 0, 0.697606, 0.001017
9, 390, 3, 0, 1, 1, 1, 0, 0.636557, 0.001035
9, 391, 6, 6, 1, 1, -1, 1, 0.779354, 0.034249
9, 392, 6, 0, 1, 1, -1, 0, 0.795825, 0.001009
9, 393, 5, 0, 1, 1, -1, 0, 0.779066, 0.027848
9, 394, 1, 1, 1, 1, 1, -1, 0.949946, 0.001010
9, 395, 2, 0, 1, 1, 1, 0, 0.720679, 0.001030
9, 396, 5, 3, 1, 1, -1, -1, 0.819428, 0.001030
9, 397, 1, 0, 1, 1, -1, 0, 0.704520, 0.034192
9, 398, 4, 5, 1, 1, 1, 1, 0.729206, 0.001005
9, 399, 2, 4, 0, -1, 1, 1, 1.505825, 0.001010
9, 400, 6, 4, 1, 1, -1, 1, 1.170954, 0.000998
9, 401, 4, 5, 1, -1, 1, -1, 1.774251, 0.001152
9, 402, 6, 0, 1, 1, 1, 0, 0.685496, 0.001029
9, 403, 2, 0, 1, 1, 1, 0, 0.697396, 0.001002
9, 404, 3, 1, 1, -1, -1, 1, 1.138583, 0.001024
9, 405, 6, 0, 1, 1, -1, 0, 0.656078, 0.014291
9, 406, 2, 2, 1, 1, 1, 1, 1.545309, 0.001005
9, 407, 4, 6, 1, -1, 1, 1, 1.535052, 0.001245
9, 408, 6, 6, 1, 1, -1, 1, 0.790262, 0.001014
9, 409, 5, 0, 1, 1, 1, 0, 0.676221, 0.001009
9, 410, 2, 0, 1, 1, -1, 0, 0.759164, 0.001008
9, 411, 3, 0, 1, 1, 1, 0, 0.661186, 0.001020
9, 412, 1, 0, 1, 1, 1, 0, 0.663832, 0.001013
9, 413, 4, 5, 0, -1, 1, 1, 1.437450, 0.529905
9, 414, 5, 0, 1, 1, 1, 0, 0.647120, 0.001011
9, 415, 1, 0, 1, 1, -1, 0, 0.716037, 0.001035
9, 416, 5, 0, 1, 1, -1, 0, 0.840302, 0.001229
9, 417, 6, 0, 1, 1, -1, 0, 1.666441, 0.001016
9, 418, 3, 2, 0, -1, 1, 1, 1.098702, 0.001007
9, 419, 4, 0, 1, 1, 1, 0, 0.650990, 0.001022
9, 420, 5, 0, 1, -1, -1, 0, 0.761912, 0.001084
9, 421, 2, 0, 1, 1, -1, 0, 0.735931, 0.000974
9, 422, 5, 3, 1, 1, 1, -1, 0.888394, 1.267740
9, 423, 5, 0, 1, 1, 1, 0, 0.828322, 3.694418
9, 424, 6, 0, 1, 1, -1, 0, 0.652226, 0.080316
9, 425, 1, 0, 1, 1, -1, 0, 1.340157, 0.047411
9, 426, 6, 0, 1, 1, -1, 0, 0.609790, 0.007634
9, 427, 4, 3, 1, -1, -1, 1, 0.976652, 0.001019
9, 428, 2, 5, 1, 1, 1, -1, 0.774209, 0.001303
9, 429, 1, 3, 1, -1, -1, 1, 1.575621, 0.126226
9, 430, 4, 0, 1, -1, -1, 0, 0.740856, 0.087099
9, 431, 3, 2, 1, -1, 1, -1, 1.495214, 0.001014
9, 432, 1, 5, 1, 1, -1, 1, 1.267767, 0.001031
9, 433, 6, 1, 1, -1, -1, -1, 1.416341, 0.001029
9, 434, 3, 5, 1, -1, 1, -1, 1.160018, 0.001009
9, 435, 4, 0, 1, 1, 1, 0, 0.731180, 0.061131
9, 436, 5, 0, 1, 1, 1, 0, 0.676074, 0.001040
9, 437, 4, 0, 1, 1, -1, 0, 0.728016, 0.000996
9, 438, 4, 0, 1, 1, 1, 0, 0.662116, 0.001008
9, 439, 5, 0, 1, 1, 1, 0, 0.502352, 0.001001
9, 440, 1, 4, 0, -1, 1, 1, 1.378617, 0.040132
9, 441, 1, 6, 0, -1, 1, -1, 1.041907, 0.047604
9, 442, 2, 6, 1, -1, 1, 1, 0.848454, 0.001002
9, 443, 5, 0, 1, 1, 1, 0, 0.632499, 0.127228
9, 444, 3, 0, 1, 1, -1, 0, 0.773992, 0.001005
9, 445, 4, 0, 1, 1, 1, 0, 0.597006, 0.001001
9, 446, 3, 0, 1, 1, -1, 0, 0.777711, 0.001089
9, 447, 3, 3, 1, 1, -1, -1, 1.770285, 0.001012
9, 448, 5, 3, 1, 1, 1, -1, 0.784851, 0.001061
9, 449, 6, 0, 1, 1, -1, 0, 0.849850, 0.001065
9, 450, 5, 0, 1, 1, -1, 0, 0.817276, 0.001029
9, 451, 3, 0, 1, 1, 1, 0, 0.657070, 0.001011
9, 452, 5, 0, 1, 1, -1, 0, 1.341844, 0.133324
9, 453, 2, 1, 1, -1, -1, -1, 1.261953, 0.001007
9, 454, 1, 3, 1, 1, -1, -1, 0.689652, 0.053613
9, 455, 2, 2, 1, 1, -1, 1, 0.881420, 0.001039
9, 456, 2, 0, 1, 1, -1, 0, 0.682251, 0.054230
9, 457, 3, 6, 1, 1, 1, 1, 0.699778, 0.001002
9, 458, 3, 0, 1, 1, -1, 0, 0.691707, 0.001015
9, 459, 3, 4, 1, -1, 1, 1, 1.186357, 0.001010
9, 460, 4, 0, 1, 1, -1, 0, 0.647687, 0.001004
9, 461, 5, 3, 1, 1, 1, 1, 0.655132, 0.001003
9, 462, 2, 0, 1, 1, 1, 0, 0.595460, 0.001007
9, 463, 6, 0, 1, 1, 1, 0, 0.595142, 0.001066
9, 464, 2, 1, 1, -1, -1, 1, 1.006763, 0.001047
9, 465, 5, 0, 1, 1, 1, 0, 0.610679, 0.001011
9, 466, 5, 0, 1, 1, -1, 0, 0.816093, 0.001040
9, 467, 1, 0, 1, 1, 1, 0, 0.688487, 0.001027
9, 468, 3, 0, 1, 1, 1, 0, 0.595673, 0.001004
9, 469, 5, 0, 1, 1, -1, 0, 0.859721, 0.000984
9, 470, 3, 5, 1, -1, -1, -1, 1.086610, 0.001021
9, 471, 4, 3, 1, 1, 1, -1, 0.928953, 0.205405
9, 472, 4, 0, 1, 1, 1, 0, 0.514578, 0.001005
9, 473, 4, 6, 1, -1, -1, 1, 1.073566, 0.293298
9, 474, 6, 3, 1, 1, -1, -1, 0.970229, 0.001048
9, 475, 6, 0, 1, 1, 1, 0, 0.693718, 0.001006
9, 476, 6, 3, 1, 1, -1, 1, 0.954580, 0.716455
9, 477, 2, 0, 1, 1, -1, 0, 0.631393, 0.001042
9, 478, 4, 0, 1, 1, 1, 0, 0.603178, 0.007650
9, 479, 3, 5, 1, -1, -1, 1, 1.222928, 0.001339
9, 480, 1, 1, 1, 1, -1, 1, 0.941212, 0.001009
9, 481, 3, 0, 1, 1, 1, 0, 0.765515, 0.001035
9, 482, 6, 1, 1, 1, 1, 1, 0.738609, 0.001059
9, 483, 3, 1, 0, -1, 1, 1, 1.709688, 0.001011
9, 484, 2, 0, 1, 1, 1, 0, 0.703917, 0.001018
9, 485, 2, 5, 1, -1, 1, 1, 1.161083, 0.227722
9, 486, 2, 1, 1, -1, 1, 1, 0.766753, 0.046942
9, 487, 1, 6, 1, -1, 1, 1, 0.749040, 0.001010
9, 488, 6, 4, 1, 1, -1, 1, 0.940160, 0.040481
9, 489, 2, 2, 0, -1, 1, -1, 1.030946, 0.001022
9, 490, 5, 0, 1, 1, -1, 0, 0.843367, 0.001008
9, 491, 2, 0, 1, 1, -1, 0, 0.611185, 0.092969
9, 492, 2, 0, 1, 1, -1, 0, 0.596756, 0.020909
9, 493, 4, 0, 1, 1, 1, 0, 0.676406, 0.014275
9, 494, 3, 5, 1, -1, -1, 1, 1.063363, 0.001022
9, 495, 1, 0, 1, 1, -1, 0, 0.744505, 0.001054
9, 496, 6, 1, 1, 1, -1, 1, 1.055966, 0.080616
9, 497, 2, 0, 1, 1, -1, 0, 0.669958, 0.001099
9, 498, 3, 0, 1, 1, -1, 0, 0.655409, 0.060655
9, 499, 4, 2, 1, 1, 1, -1, 0.762027, 0.001030
9, 500, 2, 0, 1, 1, 1, 0, 0.603478, 1.315385
9, 501, 5, 4, 1, 1, -1, -1, 0.881595, 0.007652
9, 502, 6, 0, 1, 1, 1, 0, 0.710370, 0.001013
9, 503, 5, 4, 1, 1, 1, -1, 0.647513, 0.001018
9, 504, 5, 6, 1, 1, 1, -1, 1.173955, 0.558053
9, 505, 3, 2, 0, -1, 1, 1, 1.170881, 0.463662
9, 506, 1, 5, 1, -1, 1, -1, 1.165888, 0.000982
9, 507, 3, 0, 1, 1, -1, 0, 0.703138, 0.001046
9, 508, 1, 0, 1, 1, -1, 0, 0.736665, 0.001015
9, 509, 4, 3, 1, -1, 1, 1, 1.043611, 0.001039
9, 510, 3, 4, 1, -1, -1, 1, 1.398627, 0.040699
9, 511, 3, 6, 1, 1, 1, 1, 0.877737, 0.001000
9, 512, 5, 0, 1, 1, -1, 0, 0.738711, 0.007687
9, 513, 1, 6, 1, -1, 1, 1, 1.168262, 0.001025
9, 514, 5, 0, 1, 1, -1, 0, 0.702730, 0.027478
9, 515, 2, 1, 1, -1, -1, -1, 1.030668, 0.731464
9, 516, 3, 4, 1, 1, 1, -1, 0.840709, 0.001018
9, 517, 6, 0, 1, 1, 1, 0, 0.729838, 0.001002
9, 518, 1, 0, 1, 1, 1, 0, 0.689621, 0.001011
9, 519, 6, 0, 1, 1, -1, 0, 0.798841, 0.001047
9, 520, 3, 0, 1, 1, 1, 0, 0.689837, 0.001032
9, 521, 2, 0, 1, 1, 1, 0, 0.729690, 0.000992
9, 522, 2, 1, 1, 1, 1, -1, 1.097680, 0.001011
9, 523, 6, 0, 1, 1, 1, 0, 0.616602, 0.001008
9, 524, 4, 0, 1, 1, -1, 0, 0.634971, 0.001244
9, 525, 4, 2, 1, 1, -1, 1, 0.976658, 0.001054
9, 526, 4, 0, 1, 1, 1, 0, 0.570357, 0.001070
9, 527, 4, 0, 1, 1, 1, 0, 0.868098, 0.001010
9, 528, 6, 0, 1, 1, 1, 0, 0.691521, 0.001051
9, 529, 1, 0, 1, 1, 1, 0, 0.800849, 0.001032
9, 530, 5, 1, 1, 1, 1, 1, 0.648953, 0.001018
9, 531, 5, 0, 1, 1, 1, 0, 0.609885, 0.199642
9, 532, 4, 4, 1, 1, 1, -1, 0.584005, 0.001027
9, 533, 3, 1, 1, -1, -1, 1, 1.227928, 0.001036
9, 534, 4, 2, 1, 1, -1, -1, 1.062463, 0.001014
9, 535, 5, 2, 1, 1, -1, 1, 1.021064, 0.001018
9, 536, 1, 5, 1, -1, 1, 1, 1.429973, 0.034127
9, 537, 3, 5, 1, -1, 1, 1, 0.891113, 0.001014
9, 538, 3, 1, 1, -1, -1, -1, 1.384551, 0.001017
9, 539, 2, 0, 1, 1, -1, 0, 0.730515, 0.001022
9, 540, 2, 2, 1, -1, -1, -1, 0.989909, 0.040581
9, 541, 5, 0, 1, 1, 1, 0, 0.822934, 0.034366
9, 542, 2, 0, 1, 1, -1, 0, 0.637520, 0.001337
9, 543, 5, 0, 1, 1, -1, 0, 0.774193, 0.073801
9, 544, 5, 6, 1, -1, -1, -1, 1.120937, 0.000998
9, 545, 6, 1, 1, -1, 1, -1, 1.144586, 0.001005
9, 546, 2, 0, 1, 1, -1, 0, 0.710873, 0.001118
9, 547, 1, 0, 0, 1, -1, 0, 0.836686, 0.001025
9, 548, 1, 4, 0, 1, 1, -1, 1.065730, 0.120851
9, 549, 5, 6, 0, -1, 1, 1, 1.070848, 0.001047
9, 550, 3, 0, 1, 1, 1, 0, 0.747859, 0.001055
9, 551, 5, 5, 1, -1, -1, 1, 1.187057, 0.001018
9, 552, 6, 0, 1, 1, 1, 0, 0.738159, 0.001030
9, 553, 3, 0, 1, 1, 1, 0, 0.689626, 0.206651
9, 554, 4, 3, 1, -1, 1, -1, 1.161892, 0.001035
9, 555, 3, 0, 1, 1, 1, 0, 0.584011, 0.000997
9, 556, 5, 6, 1, 1, -1, -1, 1.047549, 0.041114
9, 557, 2, 0, 1, 1, 1, 0, 0.677652, 0.001002
9, 558, 1, 5, 1, -1, -1, -1, 1.217236, 0.001003
9, 559, 2, 0, 1, 1, 1, 0, 0.649358, 0.001021
9, 560, 6, 2, 1, -1, 1, -1, 1.124506, 0.014015
9, 561, 4, 0, 1, 1, -1, 0, 0.695930, 0.020497
9, 562, 3, 2, 1, -1, 1, -1, 1.305061, 0.001022
9, 563, 5, 4, 1, -1, -1, 1, 1.413676, 0.001010
9, 564, 1, 6, 1, 1, -1, 1, 1.724992, 0.001044
9, 565, 3, 3, 1, -1, 1, 1, 1.513585, 0.001003
9, 566, 3, 0, 1, 1, -1, 0, 0.887675, 0.001255
9, 567, 5, 5, 1, -1, 1, -1, 1.045116, 0.139605
9, 568, 6, 0, 1, 1, -1, 0, 0.826264, 0.001050
9, 569, 6, 6, 1, -1, 1, -1, 1.241422, 0.001021
9, 570, 4, 0, 1, 1, -1, 0, 0.698158, 0.001014
9, 571, 3, 0, 1, 1, 1, 0, 0.658474, 0.001007
9, 572, 6, 0, 1, 1, -1, 0, 0.735810, 0.001248
9, 573, 2, 4, 1, -1, 1, 1, 1.192871, 0.700928
9, 574, 6, 3, 1, 1, 1, 1, 0.853991, 0.001003
9, 575, 1, 0, 1, 1, -1, 0, 0.705791, 0.001026
9, 576, 6, 4, 1, 1, -1, -1, 0.808563, 0.001001
