observer, trial, targLoc, distLoc, targDiscrim, thoughtNoAttCap, tc, dc, RT, TrialTypeRT
1, 1, 5, 1, 1, -1, -1, 1, 1.302124, 4.248771
1, 3, 3, 2, 1, 1, 1, -1, 1.036873, 2.185729
1, 4, 6, 4, 1, -1, -1, 1, 1.253921, 3.479186
1, 5, 4, 1, 1, -1, 1, -1, 0.951694, 1.525550
1, 6, 2, 5, 1, -1, 1, 1, 0.903160, 2.127304
1, 7, 1, 1, 1, -1, -1, 1, 1.084410, 2.682959
1, 8, 1, 4, 1, -1, 1, 1, 0.982506, 3.429392
1, 9, 4, 0, 1, 1, -1, 0, 0.948148, 1.843075
1, 10, 3, 0, 1, 1, 1, 0, 0.818280, 1.439802
1, 12, 5, 0, 1, -1, 1, 0, 0.611704, 3.274523
1, 13, 3, 1, 1, 1, -1, 1, 0.670304, 2.028064
1, 14, 2, 3, 1, 1, 1, 1, 0.631545, 1.818108
1, 15, 2, 0, 1, 1, -1, 0, 0.699240, 1.309769
1, 16, 6, 0, 1, 1, -1, 0, 0.886470, 1.921264
1, 17, 3, 4, 1, 1, -1, 1, 0.817704, 1.435552
1, 18, 4, 0, 1, 1, 1, 0, 0.763121, 1.922757
1, 19, 5, 6, 1, 1, 1, -1, 0.901289, 1.845636
1, 20, 2, 3, 1, 1, 1, -1, 0.825190, 1.674896
1, 21, 5, 2, 1, -1, 1, -1, 0.932432, 0.705477
1, 22, 4, 2, 1, -1, 1, 1, 0.822145, 2.019228
1, 2, 2, 1, 1, -1, -1, -1, 0.675778, 3.341312
1, 3, 3, 3, 1, -1, -1, -1, 0.763293, 1.539311
1, 4, 6, 6, 1, -1, -1, -1, 0.937485, 3.437223
1, 5, 5, 0, 1, 1, -1, 0, 0.573783, 0.890652
1, 6, 4, 3, 1, -1, 1, -1, 0.765471, 1.118931
1, 7, 1, 5, 1, -1, 1, 1, 0.958240, 3.381733
1, 8, 6, 5, 1, -1, 1, 1, 0.858056, 1.389194
1, 9, 5, 2, 1, -1, -1, 1, 0.889825, 1.548620
1, 10, 2, 2, 0, -1, -1, 1, 0.577024, 2.081733
1, 11, 6, 4, 1, -1, -1, -1, 0.701733, 3.951408
1, 12, 5, 3, 1, 1, -1, -1, 0.526718, 3.552275
1, 13, 3, 6, 1, -1, 1, -1, 0.873627, 2.422252
1, 14, 5, 0, 0, -1, 1, 0, 0.453578, 9.550211
1, 15, 3, 4, 1, -1, -1, -1, 0.578470, 1.419977
1, 16, 1, 0, 1, 1, 1, 0, 0.789182, 0.880527
1, 17, 1, 0, 1, 1, -1, 0, 0.777325, 2.631105
1, 18, 4, 5, 1, -1, 1, 1, 0.869520, 0.810658
1, 19, 5, 1, 1, -1, 1, -1, 0.744431, 0.979725
1, 20, 1, 5, 1, -1, -1, -1, 0.733002, 1.535825
1, 21, 4, 1, 0, -1, -1, -1, 0.710765, 1.499414
1, 22, 6, 5, 1, -1, 1, 1, 0.710015, 3.990971
1, 23, 5, 5, 1, -1, 1, -1, 0.669228, 1.896674
1, 24, 5, 6, 1, -1, 1, -1, 0.796856, 1.110547
1, 25, 4, 5, 1, 1, -1, 1, 0.612367, 2.443594
1, 26, 3, 2, 1, 1, 1, 1, 0.657644, 2.334767
1, 27, 2, 3, 1, -1, -1, 1, 0.564360, 2.572525
1, 28, 1, 2, 1, -1, -1, 1, 0.828030, 3.513931
1, 29, 6, 3, 1, 1, 1, -1, 0.617098, 3.140570
1, 30, 1, 4, 1, -1, -1, 1, 1.383874, 1.647348
1, 31, 4, 5, 1, -1, -1, -1, 0.597719, 2.036296
1, 32, 1, 6, 1, -1, -1, 1, 0.781048, 2.655054
1, 33, 6, 5, 1, 1, -1, -1, 0.603614, 2.937732
1, 34, 2, 3, 1, -1, -1, 1, 0.516505, 3.229509
1, 35, 4, 0, 1, 1, 1, 0, 0.589438, 1.333407
1, 36, 5, 0, 1, 1, -1, 0, 0.768926, 1.992677
1, 37, 2, 5, 1, 1, 1, 1, 0.485622, 1.569391
1, 38, 2, 1, 1, 1, -1, -1, 0.545906, 1.175673
1, 39, 6, 2, 1, -1, 1, -1, 0.855359, 1.383544
1, 40, 3, 5, 1, 1, -1, 1, 0.558419, 2.389060
1, 42, 4, 4, 1, 1, 1, -1, 0.908494, 3.519576
1, 43, 5, 2, 1, -1, 1, 1, 0.774335, 1.938974
1, 44, 1, 1, 1, -1, -1, -1, 0.545892, 1.509612
1, 45, 6, 4, 1, -1, -1, 1, 0.698954, 1.156916
1, 46, 4, 4, 1, -1, 1, -1, 0.684659, 0.716187
1, 47, 3, 3, 1, -1, -1, -1, 0.578699, 2.733976
1, 48, 5, 3, 1, -1, 1, 1, 0.556209, 2.367699
1, 49, 2, 0, 1, -1, 1, 0, 0.426004, 10.167694
1, 50, 4, 2, 1, 1, 1, -1, 0.648456, 4.133034
1, 51, 2, 2, 1, 1, -1, 1, 0.614201, 0.939441
1, 52, 4, 3, 1, 1, -1, 1, 0.794339, 3.072250
1, 53, 3, 1, 1, 1, 1, 1, 0.894728, 2.040422
1, 54, 3, 6, 1, 1, 1, -1, 0.577438, 1.584016
1, 55, 1, 0, 1, -1, -1, 0, 0.522161, 1.889125
1, 56, 1, 4, 1, -1, 1, -1, 0.544867, 1.111546
1, 57, 2, 4, 1, -1, 1, -1, 0.671947, 0.834679
1, 58, 6, 6, 1, -1, -1, 1, 0.677807, 1.148824
1, 59, 4, 5, 1, 1, -1, -1, 1.101673, 2.804836
1, 60, 2, 0, 1, 1, -1, 0, 0.371029, 2.350369
1, 61, 2, 0, 1, -1, -1, 0, 0.499773, 0.737577
1, 62, 2, 4, 1, -1, -1, 1, 0.432302, 1.559350
1, 63, 3, 3, 1, -1, 1, 1, 0.657679, 0.492179
1, 64, 1, 1, 0, -1, -1, 1, 0.697420, 0.927867
1, 65, 6, 5, 1, -1, -1, 1, 0.737329, 0.613488
1, 66, 1, 2, 1, -1, 1, 1, 0.598833, 1.132860
1, 67, 5, 6, 1, -1, 1, 1, 0.697178, 2.437357
1, 68, 3, 0, 1, -1, -1, 0, 0.644112, 0.677550
1, 69, 6, 0, 1, 1, 1, 0, 0.914602, 2.173905
1, 70, 1, 1, 1, -1, 1, 1, 0.577757, 0.775348
1, 71, 4, 0, 1, -1, 1, 0, 0.564992, 0.471026
1, 72, 1, 3, 1, -1, -1, 1, 0.666974, 0.527095
1, 73, 2, 1, 1, -1, 1, 1, 0.500842, 0.499148
1, 74, 4, 5, 1, 1, -1, 1, 0.632680, 1.949428
1, 75, 5, 0, 1, 1, -1, 0, 0.906514, 7.566422
1, 76, 3, 1, 1, 1, -1, -1, 1.053403, 3.995864
1, 77, 3, 0, 1, 1, 1, 0, 0.593720, 0.917918
1, 78, 3, 4, 1, 1, 1, 1, 0.611849, 4.624338
1, 79, 2, 0, 1, 3, 1, 0, 0.511970, 1.067364
1, 80, 1, 3, 1, 1, 1, -1, 0.612330, 2.115311
1, 81, 3, 4, 0, -1, 1, -1, 0.450688, 1.351499
1, 82, 2, 1, 1, -1, 1, -1, 0.528126, 0.633603
1, 83, 5, 1, 1, 1, -1, -1, 0.691829, 0.797602
1, 84, 4, 2, 1, -1, -1, 1, 0.636078, 1.422241
1, 85, 3, 0, 1, 1, -1, 0, 0.636607, 1.074635
1, 86, 3, 1, 1, 1, -1, 1, 0.683286, 2.472666
1, 87, 2, 6, 1, 1, 1, -1, 0.577595, 0.783211
1, 88, 2, 4, 1, -1, -1, -1, 0.519293, 0.956501
1, 89, 1, 4, 1, -1, -1, -1, 0.651169, 0.903175
1, 90, 3, 2, 1, 1, -1, -1, 0.663355, 0.781081
1, 91, 6, 6, 1, 1, 1, 1, 0.505361, 2.361060
1, 92, 2, 0, 1, -1, 1, 0, 0.742923, 1.559623
1, 93, 3, 4, 1, 1, -1, -1, 0.606411, 0.577461
1, 94, 4, 4, 1, 3, -1, 1, 0.665472, 0.532635
1, 95, 1, 6, 1, -1, 1, -1, 0.486036, 1.177334
1, 96, 5, 4, 1, 1, -1, -1, 0.659394, 1.180125
1, 97, 2, 4, 1, 1, 1, 1, 0.752672, 0.640751
1, 98, 4, 1, 1, 1, 1, 1, 0.775757, 0.524495
1, 99, 1, 6, 1, 1, 1, -1, 0.493231, 1.078129
1, 100, 3, 0, 1, 1, 1, 0, 0.519890, 0.809259
1, 101, 6, 2, 1, 1, -1, 1, 0.784894, 3.716456
1, 102, 5, 4, 1, 3, 1, -1, 0.492883, 0.579173
1, 103, 6, 4, 1, 1, 1, 1, 0.558552, 3.977714
1, 104, 2, 0, 1, -1, -1, 0, 0.559299, 0.997422
1, 105, 4, 0, 1, 1, 1, 0, 0.715820, 0.848199
1, 106, 6, 5, 1, 1, -1, -1, 0.672033, 0.797203
1, 107, 3, 0, 1, 1, -1, 0, 0.586005, 1.561442
1, 108, 1, 0, 1, 1, -1, 0, 0.556120, 0.749715
1, 109, 6, 0, 1, 1, -1, 0, 0.823812, 0.680897
1, 110, 5, 0, 0, -1, 1, 0, 0.616493, 2.300614
1, 111, 6, 4, 1, -1, 1, -1, 0.503502, 1.118764
1, 112, 6, 0, 1, -1, 1, 0, 0.486974, 3.762552
1, 114, 6, 0, 1, 1, 1, 0, 0.524278, 1.733454
1, 115, 5, 6, 0, -1, -1, 1, 0.690271, 1.277062
1, 116, 5, 1, 1, -1, -1, 1, 0.545139, 0.907333
1, 117, 6, 0, 1, 1, 1, 0, 0.425121, 1.024542
1, 118, 6, 4, 1, -1, -1, 1, 0.583086, 0.863066
1, 119, 6, 0, 1, 1, -1, 0, 0.564980, 0.666050
1, 120, 6, 0, 1, -1, -1, 0, 0.466488, 0.706503
1, 121, 4, 3, 1, 1, -1, 1, 0.623642, 0.619034
1, 122, 2, 0, 0, -1, -1, 0, 0.512926, 1.420770
1, 123, 4, 1, 1, -1, 1, -1, 0.858262, 1.838984
1, 124, 6, 1, 1, -1, 1, 1, 0.610041, 1.449803
1, 125, 1, 4, 1, 1, 1, 1, 0.500670, 1.355984
1, 126, 2, 5, 1, -1, 1, 1, 0.447291, 0.763063
1, 127, 5, 1, 1, 1, 1, 1, 0.602991, 0.854063
1, 128, 5, 0, 1, -1, 1, 0, 0.440210, 0.926075
1, 129, 5, 5, 1, 3, -1, 1, 0.677659, 0.445710
1, 130, 4, 1, 1, -1, -1, -1, 0.630637, 0.537410
1, 131, 2, 2, 1, 1, -1, -1, 0.433174, 1.986682
1, 132, 4, 0, 1, 1, -1, 0, 0.565987, 0.919452
1, 133, 4, 0, 1, 3, -1, 0, 0.603128, 2.592803
1, 134, 2, 1, 1, 1, -1, 1, 0.691518, 0.735301
1, 135, 6, 0, 1, 1, 1, 0, 0.598736, 0.869618
1, 136, 6, 6, 1, -1, 1, 1, 0.591745, 1.161952
1, 137, 3, 6, 1, -1, -1, 1, 0.669515, 0.792012
1, 138, 5, 0, 1, 1, 1, 0, 0.638484, 6.032716
1, 139, 2, 5, 1, 1, -1, 1, 0.619107, 1.588501
1, 140, 4, 0, 1, 1, 1, 0, 0.576750, 1.425324
1, 141, 6, 0, 1, 1, -1, 0, 0.629130, 3.978864
1, 142, 4, 6, 1, -1, 1, 1, 0.523127, 1.067719
1, 143, 1, 0, 1, -1, 1, 0, 0.545387, 1.899910
1, 144, 2, 0, 1, -1, 1, 0, 0.788084, 0.908428
1, 145, 1, 6, 1, -1, -1, -1, 0.516891, 0.670368
1, 146, 3, 3, 1, -1, 1, -1, 0.589718, 0.437381
1, 147, 2, 6, 1, -1, 1, -1, 0.504451, 0.813649
1, 148, 4, 4, 1, -1, 1, 1, 0.658641, 0.466687
1, 149, 5, 2, 1, -1, 1, -1, 0.681567, 0.299735
1, 150, 3, 5, 1, -1, -1, 1, 0.559443, 0.715330
1, 151, 3, 2, 0, 1, 1, -1, 0.579288, 3.408447
1, 152, 2, 4, 1, 1, 1, -1, 0.439292, 0.894119
1, 153, 2, 3, 1, 1, 1, 1, 0.412061, 1.197625
1, 154, 4, 6, 1, 1, -1, -1, 0.625665, 1.417409
1, 155, 5, 6, 1, 1, -1, -1, 0.582935, 1.023879
1, 156, 6, 3, 0, -1, -1, 1, 0.451765, 1.284255
1, 157, 5, 1, 1, 1, -1, 1, 0.420554, 0.717085
1, 158, 4, 0, 1, 3, -1, 0, 0.398653, 0.645491
1, 159, 4, 2, 1, 1, -1, -1, 0.545571, 0.856591
1, 160, 5, 4, 1, 1, -1, 1, 0.651943, 4.270872
1, 161, 1, 3, 1, 1, 1, -1, 0.486874, 0.605218
1, 162, 3, 0, 1, 1, 1, 0, 0.564836, 0.525686
1, 163, 6, 0, 1, 1, -1, 0, 0.546914, 0.393445
1, 164, 1, 0, 1, 1, -1, 0, 0.664406, 0.219142
1, 165, 2, 0, 1, 1, 1, 0, 0.571573, 0.557380
1, 166, 2, 4, 1, 1, 1, 1, 0.599988, 0.386822
1, 167, 4, 2, 1, 1, -1, 1, 0.497957, 0.245898
1, 168, 3, 2, 1, 1, -1, -1, 0.603165, 0.565260
1, 169, 5, 0, 1, -1, -1, 0, 0.851120, 0.985304
1, 170, 4, 3, 1, 1, 1, 1, 0.744093, 0.690514
1, 171, 5, 3, 1, 1, 1, 1, 0.539468, 1.737855
1, 172, 3, 0, 1, 1, -1, 0, 0.539518, 0.300429
1, 173, 4, 6, 1, 1, 1, -1, 0.545425, 0.172702
1, 174, 6, 1, 1, 1, -1, 1, 0.925001, 0.327180
1, 175, 3, 0, 1, 1, -1, 0, 0.511269, 0.512283
1, 176, 6, 0, 1, 1, -1, 0, 0.652437, 0.393279
1, 177, 6, 1, 1, 1, -1, -1, 0.484768, 0.326081
1, 178, 3, 0, 1, 1, 1, 0, 0.439084, 0.399954
1, 179, 4, 0, 1, -1, 1, 0, 0.751431, 1.868811
1, 180, 2, 5, 1, 1, 1, -1, 0.592311, 0.506221
1, 181, 2, 1, 1, 1, 1, 1, 0.626666, 0.473365
1, 182, 4, 0, 1, 1, 1, 0, 0.640085, 0.401066
1, 183, 1, 4, 1, 1, -1, 1, 0.951219, 1.162146
1, 184, 3, 5, 1, 1, 1, -1, 0.624879, 1.506880
1, 185, 5, 0, 1, 1, -1, 0, 0.505757, 0.386055
1, 186, 6, 2, 1, 1, -1, -1, 0.545930, 0.326067
1, 187, 3, 5, 1, 1, -1, -1, 0.552292, 0.387108
1, 188, 6, 0, 1, 1, -1, 0, 0.451707, 2.718334
1, 189, 2, 0, 1, 1, 1, 0, 0.398709, 0.365493
1, 190, 6, 0, 1, 1, -1, 0, 0.419310, 0.372038
1, 191, 1, 0, 1, 1, 1, 0, 0.332396, 0.432421
1, 192, 5, 0, 1, -1, -1, 0, 0.532677, 1.439004
1, 193, 4, 0, 1, -1, -1, 0, 0.485742, 0.843755
1, 194, 2, 0, 1, -1, -1, 0, 0.664697, 0.549946
1, 195, 6, 4, 1, -1, -1, -1, 0.578984, 0.427669
1, 196, 1, 1, 1, -1, -1, -1, 0.564036, 0.392777
1, 197, 3, 1, 1, 1, -1, -1, 0.856432, 0.663514
1, 198, 4, 6, 0, 1, -1, 1, 0.704666, 0.518712
1, 199, 4, 0, 1, 1, 1, 0, 0.757004, 0.415617
1, 200, 2, 0, 1, 1, 1, 0, 0.478172, 0.638224
1, 201, 4, 4, 1, 1, 1, 1, 0.639271, 0.526341
1, 202, 2, 0, 1, 1, -1, 0, 0.658610, 0.450952
1, 203, 3, 4, 1, 1, 1, -1, 0.556308, 2.088909
1, 204, 6, 0, 1, 1, 1, 0, 1.116437, 1.342225
1, 205, 6, 2, 0, -1, 1, 1, 0.499067, 1.594156
1, 206, 3, 5, 1, -1, 1, 1, 0.605141, 0.809312
1, 207, 4, 0, 1, -1, -1, 0, 0.545544, 0.824912
1, 208, 5, 0, 1, -1, -1, 0, 0.540653, 1.187598
1, 209, 2, 3, 1, 1, 1, -1, 0.576255, 0.589463
1, 210, 1, 0, 1, 1, -1, 0, 0.699032, 0.831015
1, 211, 5, 0, 1, 1, 1, 0, 0.490363, 0.577378
1, 212, 1, 3, 1, 1, -1, -1, 0.570690, 0.681957
1, 213, 5, 6, 1, 1, -1, -1, 0.914916, 0.399129
1, 214, 1, 0, 1, 3, 1, 0, 0.407109, 0.604669
1, 215, 6, 5, 1, 1, 1, -1, 0.864208, 0.559319
1, 216, 3, 1, 1, 1, 1, 1, 0.572636, 0.467216
1, 217, 6, 5, 1, 1, 1, -1, 0.604991, 0.526562
1, 218, 3, 6, 1, 1, 1, 1, 0.595633, 0.531789
1, 219, 6, 3, 1, 1, -1, -1, 0.664341, 0.531271
1, 220, 6, 4, 1, -1, 1, 1, 0.460272, 1.068050
1, 221, 6, 6, 1, 1, -1, 1, 0.542641, 0.868478
1, 222, 5, 5, 1, 1, -1, -1, 0.447113, 0.723411
1, 223, 3, 3, 1, 1, -1, 1, 0.819612, 0.842330
1, 224, 1, 2, 1, -1, 1, -1, 0.419054, 0.584769
1, 225, 6, 6, 0, -1, 1, -1, 0.433375, 0.978079
1, 226, 5, 0, 1, -1, 1, 0, 0.471388, 1.662959
1, 227, 4, 0, 1, -1, 1, 0, 0.486727, 4.109578
1, 228, 1, 0, 1, -1, -1, 0, 0.546349, 6.688686
1, 229, 2, 1, 0, -1, -1, 1, 0.572519, 1.073076
1, 230, 4, 0, 1, 1, 1, 0, 0.599570, 0.910102
1, 231, 5, 5, 1, 1, -1, 1, 0.644173, 1.510629
1, 232, 4, 0, 1, 1, -1, 0, 0.506797, 0.605586
1, 233, 2, 0, 1, 1, 1, 0, 0.406227, 0.445945
1, 234, 4, 0, 1, 1, 1, 0, 0.717708, 0.605776
1, 235, 2, 3, 1, 1, -1, -1, 0.577796, 0.366692
1, 237, 6, 3, 1, 1, 1, 1, 0.835978, 0.445627
1, 238, 4, 4, 1, 1, -1, 1, 0.517748, 0.846711
1, 239, 1, 0, 1, 1, -1, 0, 0.565174, 0.252874
1, 240, 5, 4, 1, 1, 1, 1, 0.618895, 0.391986
1, 241, 2, 6, 1, 1, -1, 1, 0.545352, 0.273095
1, 242, 3, 1, 1, 1, 1, -1, 0.559663, 0.278595
1, 243, 4, 0, 1, 1, 1, 0, 0.538428, 0.252111
1, 244, 5, 1, 1, 1, 1, -1, 0.543401, 0.292354
1, 245, 6, 0, 1, 1, 1, 0, 0.492010, 0.831974
1, 246, 6, 0, 1, 1, -1, 0, 0.452055, 0.299385
1, 247, 2, 6, 1, 1, 1, 1, 0.412119, 0.318881
1, 248, 4, 6, 1, 1, 1, 1, 0.585063, 0.220275
1, 249, 4, 0, 1, 1, -1, 0, 0.453465, 0.305350
1, 250, 2, 6, 1, 1, 1, 1, 0.532567, 0.311490
1, 251, 3, 4, 1, 1, 1, 1, 0.554938, 0.292668
1, 252, 5, 0, 1, -1, -1, 0, 0.406587, 0.572116
1, 253, 5, 2, 1, 1, -1, 1, 0.987495, 0.344490
1, 254, 1, 3, 1, -1, 1, 1, 0.606815, 1.038933
1, 255, 2, 0, 1, 1, -1, 0, 0.458736, 0.305738
1, 256, 2, 5, 1, 1, -1, -1, 0.558473, 0.272311
1, 257, 2, 2, 1, 1, 1, 1, 0.482805, 0.187455
1, 258, 6, 6, 1, 1, -1, -1, 0.449424, 0.212667
1, 259, 3, 6, 1, 1, -1, -1, 0.504044, 0.344617
1, 260, 2, 0, 1, 1, -1, 0, 0.518615, 0.470864
1, 261, 4, 3, 1, 1, 1, -1, 0.619262, 0.207450
1, 262, 5, 0, 1, 1, -1, 0, 0.525932, 1.060976
1, 263, 1, 2, 1, -1, -1, -1, 0.564456, 2.106117
1, 264, 5, 2, 1, 1, -1, -1, 0.664298, 0.261533
1, 265, 5, 0, 1, 1, -1, 0, 0.419435, 0.831297
1, 266, 1, 0, 1, 1, 1, 0, 0.412375, 0.418053
1, 267, 2, 0, 1, 1, -1, 0, 0.499183, 0.293052
1, 268, 2, 4, 1, 1, -1, 1, 0.749709, 0.377952
1, 269, 4, 3, 1, 1, -1, -1, 0.631582, 0.292530
1, 270, 4, 2, 1, 1, -1, -1, 0.379934, 0.430256
1, 271, 3, 0, 1, 1, -1, 0, 0.600235, 0.652865
1, 272, 1, 0, 1, 1, -1, 0, 0.380311, 0.312190
1, 273, 1, 0, 1, 1, 1, 0, 0.325938, 0.374152
1, 274, 5, 0, 1, 1, -1, 0, 0.398350, 0.247550
1, 275, 3, 0, 1, 1, -1, 0, 0.537162, 0.273062
1, 276, 3, 0, 1, 1, 1, 0, 0.586719, 0.207337
1, 277, 6, 0, 1, -1, 1, 0, 0.591093, 0.532352
1, 278, 3, 0, 1, -1, -1, 0, 0.393202, 0.929363
1, 279, 3, 1, 1, -1, 1, -1, 0.600889, 0.637931
1, 280, 3, 2, 1, -1, -1, 1, 0.533073, 0.327051
1, 281, 2, 0, 1, -1, 1, 0, 0.426195, 0.431206
1, 282, 1, 2, 0, -1, -1, 1, 0.492037, 0.750865
1, 283, 4, 5, 1, -1, 1, -1, 0.703404, 0.776497
1, 284, 2, 6, 1, -1, -1, 1, 0.464930, 0.775771
1, 285, 6, 0, 1, -1, 1, 0, 0.676808, 0.540115
1, 286, 6, 0, 1, -1, -1, 0, 0.413324, 0.746107
1, 287, 6, 3, 1, 1, 1, 1, 0.837173, 1.833153
1, 288, 3, 0, 1, -1, -1, 0, 0.480301, 0.604094
1, 289, 3, 3, 1, -1, 1, -1, 0.585726, 0.491176
1, 290, 1, 0, 1, -1, 1, 0, 0.512539, 0.360253
1, 291, 1, 2, 1, -1, 1, 1, 0.347652, 1.317920
1, 292, 3, 0, 1, 1, 1, 0, 0.704297, 1.376063
1, 293, 5, 3, 0, -1, -1, 1, 0.569495, 1.096782
1, 294, 4, 0, 1, 1, -1, 0, 0.412268, 0.910485
1, 295, 2, 6, 1, 1, -1, -1, 0.585309, 0.477849
1, 296, 3, 2, 0, 1, 1, 1, 0.544565, 6.769815
1, 297, 5, 5, 0, -1, 1, 1, 0.431822, 1.625851
1, 298, 4, 0, 1, 1, -1, 0, 0.520549, 1.262039
1, 299, 4, 1, 1, 1, -1, 1, 0.663254, 0.703946
1, 300, 3, 1, 1, 1, -1, 1, 0.582226, 0.358592
1, 301, 6, 0, 1, 1, -1, 0, 0.592789, 0.702829
1, 302, 4, 0, 1, 1, -1, 0, 0.512775, 0.280363
1, 303, 5, 0, 1, 1, 1, 0, 0.651831, 0.272622
1, 304, 2, 2, 1, 1, -1, -1, 0.652939, 0.645654
1, 305, 1, 2, 1, 1, 1, -1, 0.900375, 0.760614
1, 306, 6, 1, 1, 1, 1, 1, 0.570373, 0.392026
1, 307, 5, 4, 1, 1, 1, 1, 0.459838, 0.299845
1, 308, 2, 2, 1, 1, 1, -1, 0.426487, 0.426362
1, 309, 5, 6, 0, -1, -1, 1, 0.432945, 1.101386
1, 310, 4, 5, 1, 1, 1, -1, 0.468850, 0.385653
1, 311, 3, 0, 1, 1, -1, 0, 0.469527, 0.410956
1, 312, 2, 2, 1, 1, 1, -1, 0.638903, 0.333221
1, 313, 2, 1, 1, 1, 1, -1, 0.484474, 0.371215
1, 314, 1, 0, 1, 1, 1, 0, 0.522837, 0.213303
1, 315, 1, 6, 1, 1, 1, 1, 0.452244, 0.429825
1, 316, 2, 0, 1, 1, -1, 0, 0.552076, 0.233022
1, 317, 3, 0, 1, 1, 1, 0, 0.465306, 0.251545
1, 318, 4, 6, 1, 1, -1, -1, 0.555451, 0.220599
1, 319, 1, 0, 1, 1, 1, 0, 0.439127, 1.698800
1, 320, 1, 1, 1, 1, 1, 1, 0.684761, 0.326143
1, 321, 1, 0, 1, 1, 1, 0, 0.809036, 0.166378
1, 322, 1, 5, 1, 1, -1, -1, 0.598527, 0.273436
1, 323, 4, 0, 1, 1, 1, 0, 0.445786, 0.147706
1, 324, 1, 5, 1, 1, 1, -1, 0.585770, 0.174397
1, 325, 3, 6, 1, 1, -1, -1, 0.498018, 0.232953
1, 326, 4, 0, 1, 1, -1, 0, 0.486764, 0.259440
1, 327, 3, 4, 0, 1, -1, 1, 0.525431, 0.677291
1, 328, 6, 2, 1, 1, -1, -1, 0.384457, 0.886488
1, 329, 1, 1, 0, -1, -1, 1, 0.543939, 1.331470
1, 330, 3, 2, 1, 1, -1, 1, 0.677836, 0.861961
1, 331, 2, 0, 1, 1, 1, 0, 0.491947, 1.036044
1, 332, 4, 2, 1, -1, 1, 1, 0.677127, 0.359834
1, 333, 6, 0, 0, -1, 1, 0, 0.466659, 0.658186
1, 334, 4, 4, 1, 1, -1, -1, 0.539239, 0.658661
1, 335, 1, 4, 1, -1, -1, -1, 0.544218, 0.469891
1, 336, 5, 5, 1, 1, 1, -1, 0.665418, 0.404180
1, 337, 1, 5, 1, 1, -1, 1, 0.579395, 0.917023
1, 338, 3, 6, 1, 1, -1, 1, 0.645386, 0.371913
1, 339, 2, 2, 1, 1, 1, 1, 0.400037, 0.359637
1, 340, 3, 4, 1, 1, -1, 1, 0.497420, 0.351976
1, 341, 3, 6, 1, 1, 1, 1, 0.532072, 0.273268
1, 342, 1, 6, 1, 1, -1, -1, 0.492983, 0.311581
1, 343, 1, 6, 1, 1, 1, 1, 0.463735, 0.359505
1, 344, 1, 0, 1, 1, -1, 0, 0.445489, 0.311482
1, 345, 6, 0, 1, 3, -1, 0, 0.493400, 0.670819
1, 346, 4, 4, 1, -1, -1, -1, 0.519120, 0.660494
1, 347, 4, 2, 1, 1, 1, 1, 0.537715, 0.300139
1, 348, 2, 5, 1, 1, -1, 1, 0.605915, 0.391296
1, 349, 2, 3, 1, 1, -1, -1, 0.534992, 1.535846
1, 350, 5, 4, 1, 1, -1, 1, 0.632281, 0.503482
1, 351, 6, 5, 1, 1, -1, 1, 0.526346, 0.573223
1, 352, 2, 0, 1, 1, 1, 0, 0.419728, 0.351935
1, 353, 2, 0, 1, 1, -1, 0, 0.365492, 1.742156
1, 354, 1, 3, 1, 1, -1, 1, 0.493507, 0.412953
1, 355, 6, 2, 1, 1, 1, 1, 0.479092, 0.325722
1, 356, 5, 0, 1, 1, 1, 0, 0.721793, 0.278807
1, 357, 6, 0, 1, 3, 1, 0, 0.538841, 0.000000
1, 358, 1, 3, 1, 1, 1, 1, 0.823419, 0.616872
1, 359, 5, 4, 1, 1, -1, -1, 0.400041, 1.986621
1, 360, 5, 3, 1, 1, -1, 1, 0.572470, 0.420195
1, 361, 4, 3, 1, 1, -1, -1, 0.447335, 0.300258
1, 362, 2, 3, 1, 1, 1, -1, 0.457191, 0.303979
1, 363, 5, 0, 1, 1, 1, 0, 0.694229, 0.180333
1, 364, 5, 3, 1, 3, 1, -1, 0.604532, 0.027495
1, 365, 6, 3, 1, 1, 1, -1, 0.604144, 0.279666
1, 366, 5, 0, 1, 1, 1, 0, 0.491719, 0.232760
1, 367, 5, 2, 1, 1, 1, 1, 0.478333, 0.446343
1, 368, 2, 6, 1, 1, -1, -1, 0.490415, 0.259623
1, 369, 1, 4, 1, 1, 1, 1, 0.491948, 0.465409
1, 370, 3, 2, 1, 1, 1, -1, 0.583139, 0.265645
1, 371, 5, 6, 1, 1, 1, 1, 0.498809, 0.253080
1, 372, 1, 2, 1, 1, -1, -1, 0.612234, 0.277098
1, 373, 5, 0, 1, 1, 1, 0, 0.545474, 0.280413
1, 374, 1, 0, 1, 1, -1, 0, 0.499494, 0.259093
1, 375, 2, 4, 1, 1, -1, -1, 0.638123, 1.572351
1, 376, 2, 0, 1, -1, -1, 0, 0.527541, 0.784236
1, 377, 1, 5, 1, 1, -1, 1, 0.474369, 0.556220
1, 378, 3, 0, 1, -1, 1, 0, 0.373360, 0.577506
1, 379, 4, 6, 1, 1, 1, -1, 0.565581, 0.421182
1, 380, 6, 1, 1, 1, -1, 1, 0.815206, 0.498000
1, 381, 6, 0, 1, 1, 1, 0, 0.538937, 0.273088
1, 382, 2, 5, 1, 1, 1, -1, 0.498846, 0.498040
1, 383, 4, 2, 1, 1, 1, -1, 0.539524, 0.160023
1, 384, 5, 5, 1, 1, 1, 1, 0.538026, 0.338623
1, 385, 2, 5, 1, -1, -1, -1, 0.518699, 0.780646
1, 386, 4, 1, 1, 1, 1, -1, 0.523749, 0.552745
1, 387, 1, 5, 1, 1, 1, 1, 0.485360, 0.327249
1, 388, 1, 1, 1, 1, 1, -1, 0.625715, 0.360038
1, 389, 1, 0, 1, 1, -1, 0, 0.572783, 0.187469
1, 390, 1, 0, 1, 1, -1, 0, 0.704532, 0.067463
1, 392, 4, 6, 1, 1, -1, 1, 0.499008, 0.411406
1, 393, 3, 3, 1, 1, 1, 1, 0.472409, 0.445451
1, 394, 5, 0, 1, 1, 1, 0, 0.665578, 0.311658
1, 395, 6, 1, 0, -1, 1, -1, 0.444735, 1.030981
1, 396, 1, 3, 0, -1, -1, -1, 0.392789, 0.658169
1, 397, 3, 0, 1, -1, 1, 0, 0.584422, 0.444094
1, 398, 4, 1, 1, 1, 1, 1, 0.591434, 0.331859
1, 399, 1, 1, 1, 1, 1, -1, 0.737504, 0.642699
1, 400, 6, 1, 1, 1, 1, -1, 0.944311, 0.200649
1, 401, 3, 0, 1, 1, -1, 0, 1.062989, 1.284398
1, 402, 4, 0, 1, 1, -1, 0, 0.716430, 1.207560
1, 403, 5, 6, 0, 3, 1, -1, 0.685877, 0.571020
1, 404, 5, 1, 1, 1, 1, 1, 0.524268, 0.405075
1, 405, 3, 0, 1, 1, -1, 0, 0.616779, 0.260582
1, 406, 6, 4, 1, 1, 1, -1, 0.544055, 0.325695
1, 407, 3, 5, 1, 1, -1, -1, 0.576575, 0.326839
1, 408, 5, 2, 1, 1, -1, -1, 0.592751, 0.134432
1, 409, 5, 0, 1, 1, -1, 0, 0.473843, 0.311515
1, 410, 3, 0, 1, 1, 1, 0, 0.419801, 0.569948
1, 411, 1, 4, 1, 1, 1, -1, 0.492174, 0.318465
1, 412, 4, 3, 1, 1, 1, 1, 0.477414, 0.206683
1, 413, 1, 0, 1, 1, 1, 0, 0.571714, 0.312552
1, 414, 6, 6, 1, 1, 1, -1, 0.544994, 0.192271
1, 415, 1, 6, 1, 1, -1, 1, 0.578712, 0.120364
1, 416, 4, 5, 1, 1, 1, 1, 0.478953, 0.645967
1, 417, 6, 3, 1, 1, -1, -1, 0.797199, 0.419646
1, 418, 2, 0, 1, 1, 1, 0, 0.393425, 0.253231
1, 419, 2, 3, 1, 1, 1, 1, 0.440899, 0.267623
1, 420, 5, 3, 0, -1, 1, -1, 0.559959, 0.865450
1, 421, 3, 0, 1, -1, 1, 0, 0.929035, 5.186495
1, 422, 6, 3, 1, 1, -1, 1, 0.643416, 0.517090
1, 423, 5, 4, 1, 1, 1, -1, 0.658223, 0.272300
1, 424, 1, 5, 1, 1, 1, -1, 0.489122, 0.446512
1, 425, 4, 1, 1, 1, -1, 1, 0.665195, 0.167569
1, 426, 6, 1, 1, 1, -1, -1, 0.599649, 0.598222
1, 427, 3, 5, 1, 1, 1, -1, 0.716392, 0.788337
1, 428, 5, 2, 1, 1, 1, -1, 0.666071, 0.160130
1, 429, 6, 2, 1, 1, 1, -1, 0.698084, 0.312701
1, 430, 3, 5, 1, 1, 1, 1, 0.531382, 0.226075
1, 431, 3, 3, 1, 1, -1, 1, 0.752722, 0.466049
1, 432, 6, 2, 0, 1, -1, 1, 0.562712, 0.364718
1, 433, 5, 5, 1, 1, -1, -1, 0.491674, 0.465687
1, 434, 5, 3, 1, 1, -1, -1, 0.525525, 0.259915
1, 435, 3, 0, 1, 1, 1, 0, 0.624480, 0.232832
1, 436, 1, 0, 1, 1, 1, 0, 0.459633, 0.192853
1, 437, 5, 1, 1, 1, -1, -1, 0.490948, 0.252952
