observer, trial, targLoc, distLoc, targDiscrim, thoughtNoAttCap, tc, dc, RT, TrialTypeRT
2, 1, 2, 0, 1, -1, -1, 0, 1.197375, 9.245197
2, 4, 1, 0, 1, 1, -1, 0, 0.803178, 1.794827
2, 5, 5, 0, 0, -1, 1, 0, 0.625276, 6.036511
2, 7, 1, 3, 1, -1, -1, -1, 1.256075, 1.628723
2, 8, 6, 3, 0, -1, 1, 1, 1.020272, 1.497347
2, 9, 3, 3, 0, -1, 1, -1, 0.944861, 1.568129
2, 10, 4, 1, 1, -1, -1, 1, 1.071787, 0.982070
2, 11, 2, 5, 0, -1, -1, 1, 0.881180, 1.270841
2, 12, 3, 1, 1, -1, -1, 1, 0.855496, 1.067506
2, 13, 4, 1, 1, -1, 1, -1, 0.928021, 1.062430
2, 14, 4, 2, 1, -1, 1, -1, 0.803726, 0.788025
2, 15, 2, 6, 1, -1, 1, 1, 0.861179, 0.719599
2, 16, 4, 0, 1, -1, 1, 0, 0.707099, 0.935135
2, 17, 4, 0, 1, 1, -1, 0, 0.659470, 0.935787
2, 18, 6, 0, 0, -1, -1, 0, 0.697035, 1.569493
2, 19, 4, 3, 1, 1, -1, 1, 0.611746, 1.037881
2, 20, 6, 0, 1, 1, -1, 0, 0.775184, 0.992236
2, 21, 6, 6, 1, -1, 1, 1, 0.758524, 0.976932
2, 22, 3, 5, 0, -1, -1, 1, 0.995445, 0.873136
2, 23, 5, 1, 1, -1, -1, 1, 0.769567, 0.636138
2, 1, 6, 6, 0, -1, 1, -1, 0.825754, 0.807443
2, 2, 5, 0, 1, 1, -1, 0, 0.688141, 0.780164
2, 3, 3, 0, 1, 1, -1, 0, 0.619380, 1.002695
2, 4, 1, 0, 1, 1, 1, 0, 0.622024, 0.801179
2, 5, 2, 6, 1, -1, -1, -1, 0.668968, 0.635811
2, 6, 1, 0, 1, 1, -1, 0, 0.605625, 1.112880
2, 7, 4, 5, 0, -1, 1, -1, 0.986496, 1.038190
2, 8, 3, 6, 0, 3, 1, -1, 0.976219, 1.716797
2, 9, 3, 0, 1, 1, 1, 0, 0.833148, 1.050839
2, 10, 1, 2, 1, -1, -1, -1, 1.031640, 2.343899
2, 11, 3, 2, 1, -1, 1, -1, 0.986863, 1.068800
2, 12, 5, 6, 0, -1, 1, 1, 0.986830, 0.979323
2, 13, 4, 4, 0, -1, 1, 1, 0.758270, 0.827992
2, 14, 6, 0, 1, 1, 1, 0, 0.745906, 1.119291
2, 15, 6, 2, 1, -1, -1, 1, 0.959818, 0.615507
2, 16, 3, 4, 1, -1, 1, -1, 1.112597, 0.864558
2, 17, 6, 3, 1, -1, -1, -1, 0.906895, 0.819296
2, 18, 2, 3, 1, -1, 1, 1, 0.758983, 0.692035
2, 19, 4, 5, 1, 1, 1, 1, 0.770639, 0.886420
2, 20, 3, 0, 1, 1, 1, 0, 1.019247, 0.702930
2, 21, 2, 3, 1, 1, 1, -1, 0.716146, 1.376014
2, 22, 3, 0, 1, 1, 1, 0, 0.689696, 0.516850
2, 23, 1, 1, 1, 3, -1, 1, 0.728014, 0.537211
2, 24, 1, 0, 1, 1, 1, 0, 0.606989, 0.661379
2, 25, 4, 4, 1, 1, 1, -1, 0.736266, 0.720569
2, 26, 2, 5, 1, 1, -1, -1, 0.749911, 0.745755
2, 27, 1, 1, 1, 1, -1, 1, 1.032798, 0.677781
2, 28, 3, 3, 1, -1, 1, -1, 0.935163, 0.609089
2, 29, 6, 3, 1, -1, -1, 1, 1.008890, 0.925172
2, 30, 1, 0, 1, 1, 1, 0, 0.572772, 0.564464
2, 31, 2, 6, 1, -1, 1, -1, 0.735880, 0.585887
2, 32, 1, 0, 1, 1, -1, 0, 0.592118, 0.626015
2, 33, 1, 0, 1, 1, 1, 0, 0.610045, 1.719135
2, 34, 5, 1, 1, 1, 1, 1, 0.631349, 0.900532
2, 35, 2, 0, 1, 1, -1, 0, 0.503519, 1.245171
2, 36, 2, 2, 1, -1, 1, 1, 0.537144, 0.826972
2, 37, 6, 1, 1, -1, -1, -1, 0.939824, 0.652389
2, 38, 4, 0, 1, -1, -1, 0, 0.855407, 1.659247
2, 39, 5, 0, 1, -1, 1, 0, 0.517330, 0.907669
2, 40, 6, 6, 1, -1, -1, -1, 0.981697, 0.550104
2, 41, 4, 0, 1, 1, -1, 0, 0.813445, 0.759837
2, 42, 1, 1, 1, -1, 1, 1, 0.659513, 0.697203
2, 43, 1, 5, 1, -1, 1, 1, 0.596713, 0.941220
2, 44, 3, 3, 1, -1, 1, -1, 1.116089, 0.509951
2, 45, 5, 4, 1, 1, 1, -1, 0.697259, 0.533941
2, 46, 5, 3, 1, -1, -1, -1, 0.818300, 0.461045
2, 47, 5, 0, 1, -1, 1, 0, 0.588057, 0.510207
2, 48, 4, 0, 1, 1, 1, 0, 0.611249, 0.467748
2, 49, 1, 0, 1, 1, -1, 0, 0.709344, 0.530998
2, 50, 5, 6, 1, -1, -1, 1, 1.016798, 0.468233
2, 51, 6, 5, 1, -1, -1, -1, 1.195147, 0.925412
2, 52, 6, 5, 1, -1, -1, 1, 0.938013, 0.446508
2, 53, 6, 0, 1, 1, -1, 0, 0.753081, 0.758990
2, 54, 4, 3, 1, -1, -1, -1, 0.892866, 0.536722
2, 55, 5, 2, 1, -1, 1, -1, 0.902440, 0.484501
2, 56, 4, 5, 1, -1, 1, 1, 1.048662, 0.781984
2, 57, 6, 5, 1, -1, -1, -1, 0.823567, 0.540158
2, 58, 5, 0, 1, 1, 1, 0, 0.551299, 0.470760
2, 59, 1, 6, 1, -1, -1, 1, 0.930516, 0.449624
2, 60, 6, 3, 1, -1, 1, -1, 0.934643, 0.716243
2, 61, 1, 6, 1, 1, 1, -1, 0.723048, 0.662503
2, 62, 4, 0, 1, 1, 1, 0, 0.524375, 0.947527
2, 63, 4, 2, 1, 1, 1, 1, 0.737420, 2.521563
2, 64, 4, 2, 1, -1, -1, -1, 0.859193, 0.417354
2, 65, 6, 5, 1, -1, 1, -1, 0.855980, 0.411908
2, 66, 1, 2, 1, -1, -1, 1, 0.935156, 0.464468
2, 67, 6, 0, 0, 1, -1, 0, 0.432047, 1.057406
2, 68, 4, 1, 1, -1, 1, -1, 0.815753, 0.464008
2, 69, 4, 3, 1, -1, 1, 1, 1.012662, 0.451949
2, 70, 3, 0, 1, 1, -1, 0, 0.669893, 0.550416
2, 71, 2, 6, 1, -1, -1, -1, 0.993818, 0.437777
2, 72, 4, 4, 1, -1, -1, -1, 0.639122, 0.714148
2, 73, 6, 0, 1, 1, -1, 0, 0.878759, 0.538829
2, 74, 6, 0, 1, 1, -1, 0, 0.622812, 0.557082
2, 75, 2, 4, 1, 1, 1, -1, 0.831825, 0.658860
2, 76, 4, 5, 1, -1, -1, -1, 0.769221, 1.038585
2, 77, 3, 1, 1, 1, 1, 1, 0.635683, 0.994270
2, 78, 6, 0, 1, 1, -1, 0, 0.644287, 0.552663
2, 79, 5, 0, 1, 1, -1, 0, 0.595857, 0.436018
2, 80, 5, 5, 1, -1, 1, 1, 0.939369, 0.406470
2, 81, 4, 0, 1, 1, 1, 0, 0.511685, 1.436424
2, 82, 1, 0, 1, 1, -1, 0, 0.612599, 1.169080
2, 83, 3, 3, 1, -1, -1, -1, 1.024792, 0.457122
2, 84, 6, 3, 1, 1, 1, -1, 1.166646, 0.465851
2, 85, 3, 0, 1, 1, 1, 0, 0.686382, 0.580170
2, 86, 1, 5, 1, 1, -1, 1, 0.753694, 0.794369
2, 87, 5, 1, 1, 1, -1, 1, 0.800583, 0.743065
2, 88, 5, 4, 1, 1, 1, -1, 0.808194, 0.596631
2, 89, 1, 0, 1, 1, 1, 0, 0.632650, 0.298707
2, 90, 6, 0, 1, 1, -1, 0, 0.628628, 0.352402
2, 91, 5, 3, 1, -1, -1, -1, 0.532681, 0.911762
2, 92, 6, 3, 1, 1, 1, 1, 0.789665, 0.587174
2, 93, 3, 0, 1, 1, -1, 0, 1.185306, 0.505185
2, 94, 2, 0, 1, 1, 1, 0, 0.625880, 0.385751
2, 95, 4, 1, 1, -1, 1, -1, 0.737090, 0.477571
2, 96, 1, 5, 1, 1, 1, 1, 0.660205, 0.485352
2, 97, 2, 0, 1, 1, 1, 0, 0.580593, 0.453037
2, 98, 5, 4, 1, -1, -1, 1, 0.792857, 0.398166
2, 99, 2, 0, 1, 1, -1, 0, 0.764854, 0.465541
2, 100, 4, 1, 1, -1, -1, 1, 0.819277, 0.813472
2, 101, 6, 6, 1, -1, -1, 1, 0.723535, 0.377361
2, 102, 5, 5, 1, -1, -1, 1, 1.177544, 0.386212
2, 103, 3, 5, 1, -1, 1, 1, 0.859342, 1.926787
2, 104, 4, 1, 1, -1, -1, -1, 0.791072, 0.443569
2, 105, 6, 6, 1, -1, -1, -1, 0.942520, 0.326621
2, 106, 6, 3, 1, -1, -1, -1, 1.199090, 0.522395
2, 107, 3, 4, 1, 1, -1, -1, 0.904014, 0.598684
2, 108, 6, 0, 1, 1, 1, 0, 0.744256, 0.477224
2, 109, 1, 0, 1, 1, -1, 0, 0.699983, 0.786575
2, 110, 3, 0, 1, 1, 1, 0, 0.703630, 1.047760
2, 111, 2, 6, 1, 1, 1, -1, 0.643427, 0.795321
2, 112, 6, 0, 1, 1, -1, 0, 0.727368, 0.649110
2, 113, 2, 6, 1, 1, -1, 1, 0.557681, 0.827890
2, 114, 3, 3, 1, -1, -1, 1, 1.012362, 0.549707
2, 115, 4, 0, 1, 1, 1, 0, 0.643120, 0.654025
2, 116, 1, 0, 1, 1, -1, 0, 0.542839, 0.872581
2, 117, 1, 0, 1, 1, 1, 0, 0.562541, 0.384443
2, 118, 4, 5, 1, -1, -1, 1, 0.919357, 0.601544
2, 119, 6, 2, 1, 1, -1, 1, 0.856082, 0.749575
2, 120, 6, 6, 1, -1, 1, 1, 0.709511, 0.285611
2, 121, 6, 0, 1, 1, -1, 0, 0.599464, 0.463641
2, 122, 5, 4, 1, 1, -1, -1, 0.675390, 0.585030
2, 123, 2, 0, 1, 1, -1, 0, 0.573381, 0.791002
2, 124, 6, 5, 1, -1, 1, 1, 0.886748, 0.313732
2, 125, 1, 3, 1, 1, 1, -1, 0.564088, 0.507763
2, 126, 1, 0, 1, 1, -1, 0, 0.669803, 0.344982
2, 127, 4, 6, 1, 1, -1, -1, 0.720305, 0.695980
2, 128, 3, 5, 1, -1, 1, 1, 0.945108, 0.318521
2, 129, 4, 5, 1, 1, -1, -1, 0.692788, 0.893115
2, 130, 2, 5, 1, 1, 1, 1, 0.598974, 0.771940
2, 131, 1, 0, 1, 1, -1, 0, 0.663408, 0.701984
2, 132, 3, 2, 1, -1, 1, 1, 0.889628, 0.431520
2, 133, 3, 6, 1, -1, -1, -1, 0.802391, 0.358354
2, 134, 3, 4, 1, -1, -1, 1, 0.868276, 0.298866
2, 135, 2, 1, 1, 1, 1, 1, 0.741732, 0.602376
2, 136, 6, 0, 1, 1, 1, 0, 0.653993, 1.283612
2, 137, 5, 6, 1, -1, -1, -1, 0.755130, 0.384697
2, 138, 4, 6, 1, 1, 1, 1, 0.629746, 0.696551
2, 139, 1, 3, 1, 1, -1, 1, 0.678098, 0.672678
2, 140, 4, 4, 1, 1, -1, 1, 0.609404, 0.471983
2, 141, 2, 4, 1, 1, 1, 1, 0.597406, 0.484218
2, 142, 3, 3, 1, 1, 1, 1, 1.131966, 0.436956
2, 143, 3, 1, 1, 1, 1, -1, 0.829952, 0.480477
2, 144, 5, 1, 1, -1, -1, -1, 1.148403, 0.367517
2, 145, 6, 2, 1, -1, 1, 1, 0.935412, 0.451582
2, 146, 5, 3, 1, -1, 1, -1, 0.796785, 1.325466
2, 147, 5, 0, 1, 1, 1, 0, 0.482862, 0.822315
2, 148, 1, 3, 1, -1, -1, -1, 0.835316, 1.964782
2, 149, 4, 6, 1, 1, 1, 1, 0.523244, 1.746226
2, 150, 6, 4, 1, -1, -1, -1, 0.739392, 0.333369
2, 151, 1, 1, 1, -1, 1, -1, 0.755494, 1.052281
2, 152, 6, 2, 1, -1, -1, -1, 0.849601, 0.845677
2, 153, 4, 2, 1, -1, 1, -1, 0.649989, 1.272392
2, 154, 6, 0, 1, 1, 1, 0, 0.620235, 0.758130
2, 155, 3, 4, 1, 1, 1, -1, 0.638864, 1.460748
2, 156, 5, 6, 1, -1, -1, -1, 0.858052, 0.439031
2, 157, 2, 0, 1, 1, 1, 0, 0.510708, 1.249664
2, 158, 1, 6, 1, 1, -1, 1, 0.618559, 0.700406
2, 159, 6, 6, 1, -1, 1, 1, 0.492791, 0.643842
2, 160, 4, 0, 1, 1, 1, 0, 0.602961, 1.921167
2, 161, 6, 5, 1, 1, -1, 1, 0.832832, 1.413611
2, 162, 5, 6, 1, -1, 1, -1, 0.742529, 0.284966
2, 163, 2, 0, 1, 1, 1, 0, 0.537869, 1.271882
2, 164, 4, 0, 1, 1, 1, 0, 0.511419, 0.546328
2, 165, 3, 2, 1, 1, -1, 1, 0.720041, 1.086888
2, 166, 1, 2, 1, -1, 1, -1, 0.888974, 0.312086
2, 167, 1, 0, 1, 1, -1, 0, 0.729966, 0.597798
2, 168, 2, 6, 1, -1, 1, 1, 0.589601, 0.424968
2, 169, 5, 4, 1, -1, 1, 1, 0.799415, 0.556337
2, 170, 6, 0, 1, -1, -1, 0, 0.669453, 0.962083
2, 171, 6, 5, 1, -1, 1, -1, 0.712559, 0.674198
2, 172, 3, 5, 1, -1, -1, -1, 0.874498, 0.284980
2, 173, 6, 1, 1, 1, 1, 1, 0.651700, 0.533953
2, 174, 3, 2, 1, -1, -1, 1, 0.778203, 0.885187
2, 175, 2, 0, 1, 1, -1, 0, 0.525056, 0.759557
2, 176, 6, 1, 1, -1, 1, -1, 0.789574, 0.591125
2, 177, 4, 6, 1, -1, -1, 1, 0.953566, 1.401350
2, 178, 2, 2, 1, -1, 1, 1, 0.771334, 1.693870
2, 179, 1, 5, 1, 1, 1, -1, 0.659801, 0.986091
2, 180, 5, 2, 1, -1, 1, 1, 0.796706, 0.244940
2, 181, 4, 1, 1, -1, 1, 1, 0.543032, 0.312547
2, 182, 3, 2, 1, -1, -1, -1, 0.818241, 0.221448
2, 183, 5, 2, 1, 1, 1, -1, 0.657109, 0.312166
2, 184, 1, 0, 1, 1, 1, 0, 0.432875, 0.414047
2, 185, 4, 0, 1, 3, -1, 0, 0.709139, 0.423619
2, 186, 2, 2, 1, 1, -1, 1, 0.649475, 0.398144
2, 187, 1, 4, 1, 1, 1, -1, 0.616206, 0.510288
2, 188, 6, 2, 1, -1, -1, -1, 0.832264, 0.206721
2, 189, 5, 0, 1, 1, -1, 0, 0.664081, 0.509986
2, 190, 3, 0, 1, 1, 1, 0, 0.600754, 1.191762
2, 191, 4, 0, 1, 1, -1, 0, 0.551765, 0.985969
2, 192, 1, 4, 0, 1, -1, -1, 0.624914, 1.653728
2, 193, 5, 0, 1, 1, 1, 0, 0.538288, 0.397400
2, 194, 2, 6, 1, 1, -1, 1, 0.471941, 0.357346
2, 195, 2, 5, 1, -1, 1, 1, 0.811498, 0.226512
2, 196, 1, 0, 1, 1, 1, 0, 0.437832, 0.417783
2, 197, 3, 5, 1, 1, -1, 1, 0.690234, 0.299713
2, 198, 3, 5, 1, -1, -1, -1, 0.719848, 0.094077
2, 199, 3, 2, 1, -1, 1, 1, 0.724721, 0.141291
2, 200, 2, 3, 1, -1, -1, 1, 0.465998, 0.160367
2, 201, 2, 3, 1, 1, 1, 1, 0.566446, 0.292113
2, 202, 2, 1, 1, 1, 1, 1, 0.499189, 0.340805
2, 203, 6, 3, 1, 1, -1, 1, 0.728218, 0.649295
2, 204, 2, 3, 1, -1, -1, 1, 0.702242, 0.338430
2, 205, 5, 0, 1, 1, 1, 0, 0.547176, 0.333055
2, 206, 4, 0, 1, 1, -1, 0, 0.562133, 0.457998
2, 207, 2, 4, 1, -1, 1, -1, 0.491638, 0.346052
2, 208, 1, 0, 1, -1, -1, 0, 0.525996, 0.286673
2, 209, 2, 0, 1, -1, 1, 0, 0.477167, 0.444156
2, 210, 3, 3, 1, -1, -1, 1, 1.086699, 0.299521
2, 211, 1, 4, 1, 1, 1, 1, 0.484697, 0.286901
2, 212, 4, 3, 1, 1, 1, -1, 0.781490, 0.395704
2, 213, 3, 0, 1, 1, -1, 0, 0.657840, 0.736544
2, 214, 5, 4, 1, -1, -1, -1, 0.938451, 0.955048
2, 215, 3, 4, 1, -1, 1, 1, 0.828304, 0.159508
2, 216, 3, 1, 1, -1, -1, 1, 0.705265, 0.380954
2, 217, 1, 1, 1, -1, -1, -1, 0.748009, 0.219055
2, 218, 2, 0, 1, -1, -1, 0, 0.504589, 0.351672
2, 219, 2, 0, 1, 1, 1, 0, 0.458129, 0.285199
2, 220, 2, 1, 1, -1, -1, -1, 0.696743, 0.219788
2, 221, 3, 5, 1, -1, 1, -1, 0.878185, 0.234418
2, 222, 3, 0, 1, 1, -1, 0, 0.603227, 0.185940
2, 223, 4, 0, 1, 1, 1, 0, 0.490246, 0.166501
2, 224, 4, 0, 1, 1, -1, 0, 0.419496, 0.252338
2, 225, 2, 0, 1, 1, 1, 0, 0.783473, 0.364962
2, 226, 5, 2, 1, 1, 1, 1, 0.663955, 0.252564
2, 227, 5, 2, 1, -1, -1, 1, 0.658315, 0.206587
2, 228, 6, 5, 1, -1, 1, 1, 0.596654, 0.503862
2, 229, 3, 0, 1, 1, -1, 0, 0.492098, 0.367134
2, 230, 5, 3, 1, -1, -1, 1, 0.625298, 0.186592
2, 231, 5, 0, 1, 1, 1, 0, 0.549957, 0.198933
2, 232, 3, 0, 1, 1, -1, 0, 0.576216, 0.272251
2, 233, 5, 2, 1, 1, -1, -1, 0.476256, 0.307179
2, 234, 5, 1, 1, 1, -1, 1, 0.563975, 0.232635
2, 235, 5, 0, 1, 1, -1, 0, 0.385034, 0.278432
2, 236, 1, 3, 1, 1, -1, -1, 0.880410, 0.340165
2, 237, 4, 0, 1, 3, -1, 0, 0.686523, 0.471844
2, 238, 5, 5, 1, 1, -1, -1, 0.617645, 0.271584
2, 239, 5, 0, 1, 1, -1, 0, 0.446014, 0.266505
2, 240, 4, 0, 1, 1, 1, 0, 0.589942, 0.266210
2, 241, 3, 5, 1, -1, 1, -1, 0.741787, 0.747897
2, 242, 1, 2, 1, 1, 1, -1, 0.648703, 0.192548
2, 243, 6, 2, 1, -1, 1, 1, 0.952819, 0.272196
2, 244, 3, 3, 1, 1, -1, -1, 0.650083, 0.537678
2, 245, 3, 0, 1, -1, 1, 0, 0.578411, 0.233788
2, 246, 2, 0, 1, 1, 1, 0, 0.433247, 0.266461
2, 247, 1, 5, 1, 1, -1, 1, 0.604236, 0.244731
2, 248, 1, 5, 1, 1, -1, -1, 0.781346, 0.257747
2, 249, 2, 3, 1, 1, 1, -1, 0.472826, 0.284772
2, 250, 5, 2, 1, -1, -1, 1, 0.551335, 0.325216
2, 251, 2, 5, 1, 3, 1, -1, 0.511283, 0.266475
2, 252, 6, 4, 0, -1, 1, -1, 0.781158, 0.783362
2, 253, 2, 3, 0, 1, -1, -1, 0.451744, 0.378263
2, 254, 2, 0, 1, 1, -1, 0, 0.457804, 0.232989
2, 255, 6, 3, 1, -1, 1, 1, 0.603411, 0.386120
2, 256, 1, 3, 1, 1, 1, 1, 0.438055, 0.232182
2, 257, 6, 0, 1, 1, 1, 0, 0.626230, 0.234367
2, 258, 6, 2, 1, -1, 1, -1, 1.035632, 1.469300
2, 259, 1, 6, 1, 1, 1, -1, 0.690372, 0.212488
2, 260, 5, 0, 1, 3, -1, 0, 0.393438, 0.293486
2, 261, 4, 1, 1, -1, -1, 1, 0.910106, 0.434003
2, 262, 2, 5, 1, -1, -1, 1, 0.639561, 0.966247
2, 263, 6, 0, 1, 1, 1, 0, 0.751211, 0.320762
2, 264, 5, 0, 1, 1, 1, 0, 0.549199, 0.259464
2, 265, 3, 1, 1, 1, -1, 1, 0.730105, 0.839856
2, 266, 4, 6, 1, 1, 1, -1, 0.653369, 0.556789
2, 267, 1, 4, 1, -1, 1, 1, 0.669317, 0.544202
2, 268, 5, 5, 1, 1, 1, -1, 0.787066, 0.160209
2, 269, 3, 1, 1, 1, -1, -1, 0.743638, 0.781675
2, 270, 2, 4, 1, -1, -1, 1, 0.617393, 0.699787
2, 271, 1, 5, 1, 1, -1, -1, 0.689433, 1.422631
2, 272, 6, 6, 1, 1, 1, -1, 0.674469, 0.271068
2, 273, 2, 1, 1, -1, -1, -1, 0.875183, 0.246337
2, 274, 2, 5, 1, 1, 1, -1, 0.438861, 0.320242
2, 275, 1, 2, 1, 1, -1, 1, 0.578025, 0.409179
2, 276, 2, 5, 1, 1, -1, -1, 0.571294, 0.140319
2, 277, 4, 6, 1, 1, 1, -1, 0.515592, 0.246107
2, 278, 1, 0, 1, 1, 1, 0, 0.477821, 0.153256
2, 279, 5, 0, 1, 1, 1, 0, 0.503651, 0.113265
2, 280, 4, 6, 1, 1, -1, -1, 0.705765, 0.493483
2, 281, 6, 0, 1, 1, -1, 0, 0.588019, 0.086428
2, 282, 3, 0, 1, 1, -1, 0, 0.579986, 0.074456
2, 283, 4, 3, 1, 1, -1, -1, 0.535347, 0.099393
2, 284, 5, 3, 1, -1, 1, 1, 0.745074, 0.327681
2, 285, 5, 5, 1, 1, 1, -1, 0.630594, 0.776544
2, 286, 5, 5, 1, 1, 1, 1, 0.517924, 0.126478
2, 287, 6, 0, 1, 1, 1, 0, 0.669861, 0.087112
2, 288, 3, 6, 1, 1, -1, -1, 0.632447, 0.100207
2, 289, 2, 0, 1, 1, 1, 0, 0.477514, 0.770175
2, 290, 3, 6, 1, -1, 1, -1, 0.775352, 1.287596
2, 291, 5, 5, 1, 1, -1, -1, 0.796705, 0.239350
2, 292, 5, 3, 1, -1, 1, -1, 0.650705, 0.539170
2, 293, 2, 0, 1, 1, 1, 0, 0.427369, 0.492462
2, 294, 4, 2, 1, -1, 1, -1, 0.683896, 0.251405
2, 295, 4, 0, 1, 1, 1, 0, 0.419844, 0.266049
2, 296, 4, 0, 1, 1, -1, 0, 0.642715, 0.207418
2, 297, 3, 0, 1, 1, 1, 0, 0.586542, 0.499252
2, 298, 6, 0, 1, 1, 1, 0, 0.420744, 0.293162
2, 299, 4, 5, 1, 1, 1, -1, 0.536464, 0.086484
2, 300, 5, 1, 1, 1, 1, -1, 0.643312, 0.147043
2, 301, 6, 4, 1, -1, -1, -1, 0.865128, 0.200015
2, 302, 5, 5, 1, 1, -1, 1, 0.599175, 0.267546
2, 303, 2, 2, 1, -1, -1, -1, 0.729994, 0.777238
2, 304, 5, 3, 1, -1, -1, 1, 0.666193, 0.200086
2, 305, 1, 2, 1, 1, 1, 1, 0.611241, 0.243795
2, 306, 1, 3, 1, 1, -1, 1, 0.697465, 0.408582
2, 307, 5, 0, 1, 1, -1, 0, 0.550714, 0.053685
2, 308, 4, 3, 1, -1, -1, 1, 0.740423, 0.179730
2, 309, 2, 6, 1, -1, 1, 1, 0.722268, 0.179638
2, 310, 2, 0, 1, 1, -1, 0, 0.497484, 0.219602
2, 311, 3, 1, 1, 1, -1, -1, 0.815632, 0.266628
2, 312, 3, 4, 1, -1, 1, 1, 0.597112, 0.550646
2, 313, 1, 1, 1, 1, 1, -1, 0.690116, 0.239556
2, 314, 3, 3, 1, -1, 1, 1, 0.779798, 0.318618
2, 315, 2, 0, 1, 1, -1, 0, 0.537108, 0.225405
2, 316, 1, 4, 1, -1, -1, 1, 0.781169, 0.266362
2, 317, 4, 4, 0, -1, 1, 1, 0.670415, 0.604608
2, 318, 6, 0, 1, 1, -1, 0, 0.600301, 0.167877
2, 319, 5, 0, 1, 1, -1, 0, 0.560007, 0.133356
2, 320, 4, 2, 1, -1, 1, 1, 0.521774, 0.331796
2, 321, 4, 1, 1, -1, 1, 1, 0.841776, 0.312236
2, 322, 1, 3, 1, 1, 1, 1, 0.529609, 0.185678
2, 323, 1, 0, 1, 1, -1, 0, 0.480316, 0.094156
2, 324, 3, 0, 1, 1, -1, 0, 0.623098, 0.119742
2, 325, 3, 0, 1, 3, -1, 0, 0.431071, 0.292529
2, 326, 2, 2, 1, 1, -1, 1, 0.688877, 0.239560
2, 327, 1, 4, 1, 1, 1, -1, 0.549482, 0.240074
2, 328, 4, 4, 1, -1, -1, -1, 0.498138, 0.245533
2, 329, 1, 3, 1, 1, 1, -1, 0.464700, 0.266187
2, 330, 5, 6, 1, -1, 1, 1, 0.980890, 0.164747
2, 331, 1, 4, 1, 1, -1, -1, 0.542216, 0.292008
2, 332, 4, 5, 1, -1, -1, 1, 0.654823, 0.252529
2, 333, 2, 0, 1, 1, -1, 0, 0.452270, 0.073652
2, 334, 1, 2, 1, -1, -1, -1, 0.602603, 0.113202
2, 335, 2, 1, 1, -1, -1, 1, 0.516467, 0.174280
2, 336, 5, 2, 1, -1, -1, -1, 0.675223, 0.199236
2, 337, 3, 0, 1, 1, 1, 0, 0.827770, 0.618532
2, 338, 3, 1, 1, -1, 1, 1, 0.490775, 0.292850
2, 339, 4, 3, 1, -1, 1, 1, 0.675780, 0.502043
2, 340, 2, 0, 1, -1, 1, 0, 0.358795, 0.357607
2, 341, 4, 1, 1, -1, -1, -1, 0.988390, 0.523046
2, 342, 4, 0, 1, 1, 1, 0, 0.384547, 1.061162
2, 343, 1, 6, 1, 1, 1, 1, 0.405700, 0.377942
2, 344, 3, 1, 1, -1, 1, -1, 0.378504, 0.364461
2, 345, 6, 4, 1, 1, 1, -1, 0.503848, 1.470670
2, 346, 2, 3, 1, -1, -1, -1, 0.652118, 0.174023
2, 347, 3, 0, 1, 1, 1, 0, 0.513419, 0.205314
2, 348, 6, 1, 0, 3, 1, -1, 0.566219, 0.201077
2, 349, 5, 0, 1, 1, 1, 0, 0.405694, 0.126707
2, 350, 6, 0, 1, 1, 1, 0, 0.373327, 0.153670
2, 351, 2, 4, 0, -1, -1, 1, 0.404360, 0.900452
2, 352, 6, 0, 1, 1, 1, 0, 0.564538, 0.133468
2, 353, 6, 1, 0, -1, -1, 1, 0.506445, 0.758891
2, 354, 3, 6, 1, 1, 1, 1, 0.548777, 0.456630
2, 355, 5, 4, 1, -1, 1, 1, 0.754926, 0.233941
2, 356, 2, 5, 1, -1, -1, 1, 0.656759, 0.267230
2, 357, 4, 0, 1, 3, -1, 0, 0.459680, 0.427029
2, 358, 5, 0, 1, 1, -1, 0, 0.636142, 0.742036
2, 359, 1, 5, 1, -1, 1, -1, 0.678322, 1.515858
2, 360, 5, 0, 1, 1, -1, 0, 0.680117, 0.652497
2, 361, 3, 2, 1, -1, -1, -1, 0.895467, 0.690423
2, 362, 5, 0, 1, 1, 1, 0, 0.384802, 0.285991
2, 363, 2, 2, 1, 1, 1, -1, 0.517625, 1.734345
2, 364, 6, 6, 0, -1, -1, 1, 0.487333, 0.737007
2, 365, 3, 0, 1, 1, 1, 0, 0.611998, 0.366463
2, 366, 3, 6, 1, -1, -1, 1, 0.660715, 1.522218
2, 367, 2, 4, 1, 1, 1, 1, 0.404395, 0.246035
2, 368, 4, 0, 1, 1, -1, 0, 0.451211, 0.470434
2, 369, 1, 0, 1, 1, -1, 0, 0.600067, 0.647692
2, 370, 5, 0, 1, 1, -1, 0, 0.571862, 0.472386
2, 371, 5, 1, 1, 1, 1, 1, 0.570543, 0.239755
2, 372, 1, 6, 1, 1, 1, 1, 0.453484, 0.174203
2, 373, 6, 4, 1, -1, 1, 1, 0.459740, 0.879749
2, 374, 4, 6, 1, -1, -1, 1, 1.075421, 0.187506
2, 375, 3, 2, 1, -1, 1, -1, 1.018528, 0.308160
2, 376, 3, 6, 1, -1, 1, 1, 0.782055, 0.490550
2, 377, 5, 0, 1, 1, -1, 0, 0.565234, 0.704216
2, 378, 4, 3, 1, -1, 1, -1, 0.879013, 0.231686
2, 379, 3, 0, 1, -1, -1, 0, 0.458590, 0.240832
2, 380, 6, 0, 1, 1, 1, 0, 0.479068, 0.120720
2, 381, 4, 0, 1, 1, -1, 0, 0.398908, 0.159709
2, 382, 6, 4, 1, 1, -1, 1, 0.699810, 0.114099
2, 383, 1, 6, 1, 1, -1, -1, 0.529566, 0.112678
2, 384, 2, 0, 1, 1, -1, 0, 0.517252, 0.590369
2, 385, 3, 6, 1, -1, -1, 1, 0.483682, 0.456835
2, 386, 2, 4, 1, 1, -1, -1, 0.643495, 0.132946
2, 387, 3, 0, 1, 1, -1, 0, 0.645103, 0.193918
2, 388, 4, 0, 1, 1, 1, 0, 0.464498, 0.193479
2, 389, 1, 4, 1, -1, -1, 1, 0.794697, 0.139867
2, 390, 5, 3, 1, -1, 1, 1, 0.773784, 0.646845
2, 391, 4, 4, 1, -1, 1, -1, 0.716082, 0.279100
2, 392, 6, 1, 1, -1, 1, 1, 0.612984, 0.444837
2, 393, 2, 2, 1, 1, 1, -1, 0.564503, 0.959062
2, 394, 2, 1, 1, 1, 1, -1, 0.504310, 0.458486
2, 395, 6, 0, 1, 1, 1, 0, 0.433896, 0.234702
2, 396, 1, 1, 1, -1, -1, -1, 0.617289, 0.206221
2, 397, 4, 0, 1, 1, 1, 0, 0.439700, 0.274159
2, 398, 3, 0, 1, 1, 1, 0, 0.420900, 0.233563
2, 399, 4, 2, 1, -1, -1, -1, 0.670480, 0.204690
2, 400, 5, 6, 1, -1, 1, -1, 0.635414, 0.266138
2, 401, 4, 2, 0, -1, -1, 1, 0.628413, 0.389919
2, 402, 2, 4, 1, 1, -1, -1, 0.562239, 0.218679
2, 403, 2, 0, 1, 1, -1, 0, 0.527296, 0.213708
2, 404, 2, 0, 1, 1, -1, 0, 0.385527, 0.232392
2, 405, 3, 4, 1, 1, -1, 1, 0.419650, 0.166954
2, 406, 6, 1, 1, 1, -1, -1, 0.473608, 0.213602
2, 407, 6, 4, 1, -1, 1, 1, 0.567360, 0.254079
2, 408, 3, 4, 1, 1, -1, -1, 0.557206, 0.489730
2, 409, 2, 2, 1, -1, -1, -1, 0.503380, 0.219980
2, 410, 5, 0, 1, 1, 1, 0, 0.418669, 0.259522
2, 411, 6, 0, 1, 1, -1, 0, 0.429467, 0.265969
2, 412, 1, 0, 1, 1, 1, 0, 0.466923, 0.247470
2, 413, 2, 1, 1, 1, 1, -1, 0.467340, 0.386443
2, 414, 6, 2, 0, -1, 1, -1, 0.532115, 0.737137
2, 415, 3, 5, 1, -1, -1, 1, 0.718086, 0.180115
2, 416, 4, 0, 1, 1, -1, 0, 0.433469, 0.260289
2, 417, 5, 4, 1, -1, -1, 1, 0.466778, 0.200552
2, 418, 5, 1, 1, 1, -1, -1, 0.483422, 0.307389
2, 419, 2, 1, 0, -1, -1, 1, 0.485628, 0.447908
2, 420, 6, 1, 1, 1, -1, 1, 0.472092, 0.238477
2, 421, 5, 1, 1, 1, 1, -1, 0.530065, 0.179593
2, 422, 1, 0, 1, 1, 1, 0, 0.385409, 0.226382
2, 423, 6, 4, 1, 1, -1, 1, 0.663137, 0.245491
2, 424, 4, 3, 1, -1, -1, 1, 0.539031, 0.300299
2, 425, 1, 0, 1, 1, 1, 0, 0.386501, 0.219888
2, 426, 4, 4, 1, 1, -1, 1, 0.453024, 0.200154
2, 427, 5, 6, 0, 1, -1, 1, 0.425163, 0.286665
2, 428, 1, 6, 1, -1, -1, -1, 0.576200, 0.423716
2, 429, 2, 0, 1, 1, 1, 0, 0.364258, 0.166120
2, 430, 1, 1, 1, 1, 1, 1, 0.619281, 0.259089
2, 431, 4, 2, 1, 1, -1, 1, 0.459254, 0.254129
2, 432, 1, 2, 1, -1, 1, 1, 0.577689, 0.205799
