observer, trial, targLoc, distLoc, targDiscrim, thoughtNoAttCap, tc, dc, RT, TrialTypeRT
1, 2, 2, 0, 1, 1, 1, 0, 0.586379, 9.038796
1, 3, 4, 1, 0, -1, -1, 1, 0.846478, 1.564736
1, 4, 4, 0, 1, 1, -1, 0, 0.673839, 0.938354
1, 5, 6, 4, 1, -1, 1, 1, 0.637175, 0.850340
1, 6, 6, 6, 1, -1, 1, -1, 0.518975, 1.338302
1, 7, 3, 0, 0, -1, 1, 0, 0.472195, 1.098291
1, 8, 2, 3, 0, 1, -1, -1, 0.493992, 2.216283
1, 9, 1, 1, 1, 1, -1, -1, 0.717888, 1.406951
1, 10, 5, 5, 1, 1, 1, -1, 0.701122, 1.447622
1, 11, 2, 4, 0, 1, -1, -1, 0.507537, 1.344400
1, 12, 3, 0, 0, 3, 1, 0, 0.491208, 1.069140
1, 13, 1, 1, 1, -1, 1, -1, 0.636843, 1.546252
1, 14, 1, 3, 1, -1, -1, 1, 0.846180, 0.877549
1, 15, 2, 0, 1, 1, -1, 0, 0.688646, 0.870868
1, 16, 4, 4, 1, 3, -1, 1, 0.624309, 0.231906
1, 17, 4, 6, 1, -1, 1, -1, 0.648143, 0.837197
1, 18, 5, 2, 0, 1, 1, -1, 0.560449, 1.200571
1, 19, 1, 0, 1, 1, -1, 0, 0.858649, 0.663050
1, 20, 1, 2, 1, 3, 1, 1, 0.586734, 0.586603
1, 21, 4, 6, 1, 1, 1, 1, 0.611213, 0.405449
1, 1, 3, 0, 0, -1, 1, 0, 0.572999, 1.317104
1, 2, 2, 2, 0, -1, -1, -1, 0.512879, 1.009168
1, 3, 5, 3, 0, -1, 1, -1, 1.134479, 1.800195
1, 4, 3, 4, 1, 1, 1, -1, 0.763232, 0.881384
1, 5, 4, 4, 1, 1, -1, -1, 0.518161, 1.010083
1, 6, 5, 5, 1, 1, -1, -1, 0.438795, 0.730448
1, 7, 5, 5, 1, 1, 1, 1, 0.979873, 1.062898
1, 8, 2, 0, 1, 1, -1, 0, 0.461946, 0.819578
1, 9, 3, 0, 1, 1, 1, 0, 0.630562, 1.147118
1, 10, 3, 0, 1, 1, 1, 0, 0.599546, 1.153491
1, 11, 2, 6, 1, 1, -1, 1, 0.572501, 1.001496
1, 12, 1, 0, 1, -1, -1, 0, 0.593881, 0.635327
1, 13, 5, 1, 1, 1, -1, 1, 0.552718, 0.443884
1, 14, 1, 5, 0, -1, -1, -1, 0.471490, 0.678709
1, 15, 4, 3, 0, -1, 1, 1, 0.495551, 0.528219
1, 16, 3, 0, 1, 3, -1, 0, 0.589976, 0.650084
1, 17, 3, 1, 1, 1, 1, -1, 0.551302, 0.795467
1, 18, 1, 0, 0, -1, -1, 0, 0.394819, 0.494166
1, 19, 2, 0, 1, 1, -1, 0, 0.643536, 0.564070
1, 20, 1, 4, 1, -1, 1, -1, 0.593266, 0.361072
1, 21, 5, 0, 0, 1, 1, 0, 0.503963, 0.306929
1, 22, 1, 4, 0, 1, -1, 1, 0.498941, 0.815644
1, 23, 3, 2, 1, 1, -1, -1, 0.914017, 0.850727
1, 24, 4, 6, 1, 1, 1, 1, 0.657121, 0.823051
1, 25, 3, 2, 1, 1, -1, 1, 0.645753, 0.604202
1, 26, 6, 4, 1, 1, -1, 1, 0.750272, 0.700532
1, 27, 5, 0, 1, 1, 1, 0, 0.844694, 1.109334
1, 28, 4, 0, 1, -1, 1, 0, 0.802418, 0.340890
1, 29, 6, 0, 1, -1, -1, 0, 1.061592, 0.674411
1, 30, 5, 6, 1, 1, 1, 1, 0.596921, 0.578188
1, 31, 3, 3, 1, 1, -1, -1, 1.141749, 2.642351
1, 32, 2, 3, 1, 1, -1, 1, 0.675427, 0.265324
1, 33, 5, 1, 1, 1, 1, -1, 0.753115, 0.694165
1, 34, 3, 5, 1, -1, 1, -1, 0.756260, 0.990148
1, 35, 4, 2, 1, -1, -1, -1, 0.976653, 0.964050
1, 36, 3, 6, 1, 1, 1, 1, 0.680747, 1.324324
1, 37, 6, 0, 1, -1, 1, 0, 0.967846, 0.033770
1, 38, 4, 4, 1, 1, -1, 1, 0.604506, 1.505781
1, 39, 1, 4, 1, -1, 1, -1, 0.491307, 0.891206
1, 40, 4, 0, 1, -1, 1, 0, 0.552442, 0.803278
1, 41, 2, 0, 1, 1, -1, 0, 0.646153, 1.124093
1, 42, 2, 1, 1, -1, -1, -1, 0.648344, 0.405832
1, 43, 5, 0, 1, -1, 1, 0, 0.846554, 0.635568
1, 44, 2, 0, 1, 1, 1, 0, 0.500261, 0.385881
1, 45, 2, 2, 1, 1, 1, 1, 0.510662, 0.312269
1, 46, 1, 0, 1, 1, 1, 0, 0.458848, 0.240379
1, 47, 5, 0, 1, 1, 1, 0, 0.606795, 0.181344
1, 48, 1, 1, 1, -1, 1, 1, 0.697293, 0.240064
1, 49, 2, 2, 1, 1, 1, 1, 0.657739, 0.346080
1, 50, 4, 0, 1, 1, -1, 0, 0.530426, 0.558835
1, 51, 2, 1, 1, 1, 1, -1, 0.621118, 1.066638
1, 52, 3, 2, 1, 1, -1, 1, 0.733498, 0.373476
1, 53, 5, 0, 1, 1, -1, 0, 0.627366, 0.645418
1, 54, 6, 1, 1, 1, 1, 1, 0.637527, 0.233959
1, 55, 5, 2, 1, 1, 1, 1, 0.671594, 0.736700
1, 56, 4, 6, 1, 1, 1, 1, 0.694883, 0.377422
1, 57, 6, 5, 1, 1, -1, 1, 0.769681, 0.491469
1, 58, 2, 1, 1, 1, -1, 1, 0.720116, 0.993187
1, 59, 1, 6, 1, 1, 1, -1, 0.618841, 0.226276
1, 60, 4, 0, 1, 1, 1, 0, 0.700566, 0.213807
1, 61, 5, 5, 1, 1, 1, -1, 0.478901, 0.430521
1, 62, 1, 0, 1, 1, -1, 0, 0.573362, 0.601036
1, 63, 3, 5, 1, 1, 1, 1, 1.170188, 0.074732
1, 64, 3, 4, 1, 1, -1, -1, 0.658450, 0.266005
1, 65, 1, 6, 1, -1, -1, 1, 0.630836, 0.226009
1, 66, 5, 0, 1, -1, -1, 0, 0.461028, 0.094777
1, 67, 1, 0, 1, 1, 1, 0, 0.461162, 0.000000
1, 68, 5, 0, 1, 1, -1, 0, 0.472018, 0.000000
1, 69, 6, 3, 1, -1, -1, -1, 0.717721, 0.041062
1, 70, 5, 5, 1, 1, -1, -1, 0.671477, 1.125757
1, 71, 4, 6, 1, 1, 1, -1, 0.504673, 0.040974
1, 72, 3, 6, 1, -1, -1, -1, 0.945286, 0.000000
1, 73, 2, 5, 1, -1, -1, 1, 0.706114, 0.000000
1, 74, 5, 2, 1, 1, 1, -1, 0.635015, 0.281136
1, 75, 1, 3, 1, 1, 1, -1, 0.598003, 0.459018
1, 76, 6, 3, 1, -1, -1, -1, 0.844997, 0.000000
1, 77, 6, 4, 1, -1, -1, 1, 0.680336, 1.115656
1, 78, 5, 1, 0, -1, -1, 1, 0.750206, 0.996015
1, 79, 3, 5, 1, -1, -1, 1, 0.532242, 2.537236
1, 80, 5, 2, 1, -1, 1, 1, 1.345346, 1.193986
1, 81, 4, 0, 1, 1, -1, 0, 0.535212, 0.240953
1, 82, 4, 0, 1, 1, 1, 0, 0.526040, 0.214245
1, 83, 1, 0, 0, 1, -1, 0, 0.593701, 0.846798
1, 84, 4, 5, 1, -1, -1, 1, 0.735051, 0.188163
1, 85, 1, 0, 1, 1, -1, 0, 0.560328, 0.674017
1, 86, 2, 0, 0, -1, 1, 0, 0.754184, 1.285334
1, 87, 6, 0, 1, 1, -1, 0, 0.545796, 0.753763
1, 88, 6, 6, 1, 1, 1, 1, 0.553746, 0.581677
1, 89, 1, 3, 1, 1, -1, 1, 0.583584, 0.453319
1, 90, 1, 4, 1, -1, -1, 1, 0.704629, 0.484724
1, 91, 3, 5, 1, 1, -1, -1, 0.826277, 1.140682
1, 92, 6, 0, 1, 1, -1, 0, 0.533450, 0.640794
1, 93, 3, 6, 1, -1, 1, 1, 0.729842, 0.410579
1, 94, 1, 5, 1, -1, -1, 1, 0.617734, 0.306437
1, 95, 3, 4, 1, -1, 1, -1, 0.647121, 3.272078
1, 96, 2, 0, 1, 1, -1, 0, 0.600742, 0.781899
1, 97, 2, 0, 1, -1, 1, 0, 0.653823, 0.320274
1, 98, 3, 0, 1, -1, 1, 0, 0.687425, 0.087879
1, 99, 5, 0, 1, -1, -1, 0, 0.570476, 0.266209
1, 100, 5, 4, 1, -1, -1, -1, 0.474687, 5.448553
1, 101, 2, 4, 1, 1, -1, 1, 0.700397, 0.261322
1, 102, 6, 2, 1, -1, -1, 1, 0.680522, 0.727958
1, 103, 5, 5, 1, 1, -1, 1, 0.590390, 0.665160
1, 104, 4, 0, 1, -1, 1, 0, 0.579170, 0.414501
1, 105, 2, 6, 1, 3, -1, -1, 0.873517, 0.560613
1, 106, 2, 1, 1, -1, 1, -1, 0.653378, 0.359647
1, 107, 4, 2, 1, -1, -1, -1, 0.505792, 0.307077
1, 108, 6, 0, 1, -1, 1, 0, 0.583261, 0.592022
1, 109, 5, 4, 1, -1, 1, -1, 0.693619, 0.240342
1, 110, 1, 3, 1, -1, 1, 1, 0.845021, 0.570841
1, 111, 6, 5, 1, 3, 1, -1, 0.530910, 0.642163
1, 112, 4, 1, 1, 1, 1, -1, 0.656860, 0.419043
1, 113, 4, 4, 1, 1, 1, -1, 0.599113, 0.459492
1, 114, 6, 6, 1, 1, 1, -1, 0.629896, 0.571554
1, 115, 6, 0, 1, 1, 1, 0, 0.440195, 0.326073
1, 116, 4, 1, 1, 1, 1, 1, 0.498686, 0.345164
1, 117, 5, 3, 1, 1, 1, -1, 0.617904, 0.360372
1, 118, 6, 1, 1, 1, -1, -1, 0.786060, 0.426564
1, 119, 2, 3, 1, -1, 1, -1, 0.546439, 0.386771
1, 120, 5, 0, 1, -1, 1, 0, 0.605398, 0.486891
1, 121, 2, 5, 1, 3, -1, 1, 0.787203, 1.126971
1, 122, 5, 4, 1, -1, -1, -1, 0.819746, 7.780349
1, 123, 6, 2, 0, 1, 1, -1, 0.457701, 0.285865
1, 124, 6, 4, 1, -1, 1, -1, 0.753316, 0.060924
1, 125, 2, 4, 1, -1, 1, 1, 0.612348, 0.672165
1, 126, 2, 5, 1, -1, 1, -1, 0.652839, 0.848334
1, 127, 4, 5, 1, -1, 1, -1, 0.650760, 0.458288
1, 128, 4, 3, 1, -1, 1, -1, 0.612249, 0.583385
1, 129, 3, 4, 1, -1, 1, 1, 0.645885, 0.174886
1, 130, 4, 5, 1, -1, 1, 1, 0.513586, 0.040903
1, 131, 2, 6, 0, 1, 1, -1, 0.513395, 0.053882
1, 132, 2, 2, 1, -1, -1, 1, 0.670312, 0.106115
1, 133, 1, 6, 1, 3, 1, -1, 0.577817, 0.840945
1, 134, 1, 1, 0, -1, -1, 1, 1.055236, 0.915298
1, 135, 5, 1, 1, -1, 1, 1, 0.594149, 0.080820
1, 136, 2, 0, 1, 3, -1, 0, 0.826888, 0.674674
1, 137, 3, 0, 1, 3, 1, 0, 0.539202, 1.027559
1, 138, 4, 0, 1, -1, -1, 0, 0.528726, 0.606658
1, 139, 1, 2, 1, -1, -1, -1, 0.863116, 0.040973
1, 140, 6, 0, 1, -1, 1, 0, 0.546999, 0.638904
1, 141, 5, 6, 1, -1, -1, 1, 0.720969, 0.293308
1, 142, 3, 2, 1, -1, 1, 1, 0.524358, 0.260084
1, 143, 4, 6, 1, 3, -1, -1, 0.563246, 1.147250
1, 144, 2, 5, 1, -1, 1, -1, 0.524480, 0.133918
1, 145, 2, 0, 1, -1, 1, 0, 0.445471, 0.137944
1, 146, 2, 2, 1, -1, -1, 1, 0.704014, 0.378595
1, 147, 1, 0, 1, -1, 1, 0, 0.543610, 0.007627
1, 148, 5, 0, 0, -1, 1, 0, 0.007692, 0.817924
1, 149, 5, 0, 1, -1, -1, 0, 0.534317, 0.020918
1, 150, 3, 0, 1, -1, 1, 0, 0.665882, 0.307273
1, 151, 5, 4, 1, -1, -1, 1, 0.720345, 0.373697
1, 152, 3, 1, 1, -1, -1, -1, 0.677812, 0.060897
1, 153, 5, 2, 1, -1, -1, 1, 0.656572, 0.519190
1, 154, 6, 6, 1, -1, -1, 1, 0.650795, 0.735173
1, 155, 3, 0, 1, -1, -1, 0, 0.618341, 0.359674
1, 156, 2, 0, 1, -1, -1, 0, 0.487895, 0.478900
1, 157, 3, 4, 1, -1, 1, 1, 0.559022, 0.320499
1, 158, 5, 3, 1, -1, 1, 1, 0.671369, 0.034078
1, 159, 5, 6, 1, -1, 1, -1, 0.604160, 0.027540
1, 160, 1, 6, 1, -1, -1, 1, 0.517790, 0.033764
1, 161, 1, 6, 1, -1, 1, 1, 0.452378, 0.179820
1, 162, 2, 2, 1, -1, 1, -1, 0.447059, 0.041030
1, 163, 6, 0, 1, -1, 1, 0, 0.587034, 0.272411
1, 164, 5, 1, 1, 1, 1, 1, 0.617897, 0.476024
1, 165, 6, 1, 1, -1, 1, -1, 0.760672, 0.081087
1, 166, 6, 0, 1, 3, 1, 0, 0.704595, 2.090395
1, 167, 3, 4, 0, -1, -1, 1, 0.564088, 0.259548
1, 168, 1, 0, 1, -1, -1, 0, 0.567205, 0.067479
1, 169, 4, 2, 1, -1, 1, -1, 0.586934, 0.040791
1, 170, 2, 5, 1, -1, -1, -1, 0.824861, 0.000000
1, 171, 1, 5, 0, -1, 1, 1, 0.568636, 0.033614
1, 172, 2, 4, 1, -1, -1, -1, 0.506394, 0.000000
1, 173, 6, 0, 1, -1, 1, 0, 0.560344, 0.145851
1, 174, 2, 6, 1, -1, -1, 1, 0.605633, 0.352435
1, 175, 4, 3, 1, -1, 1, 1, 0.553266, 0.153517
1, 176, 2, 1, 1, 3, -1, -1, 0.715530, 0.581398
1, 177, 1, 0, 1, -1, -1, 0, 1.096023, 0.260108
1, 178, 4, 4, 1, -1, -1, -1, 0.548356, 0.631562
1, 179, 3, 0, 1, -1, 1, 0, 0.591471, 0.438185
1, 180, 2, 2, 1, -1, 1, -1, 0.521762, 0.200922
1, 181, 6, 5, 1, -1, -1, -1, 0.672869, 0.128320
1, 182, 3, 2, 1, -1, 1, 1, 0.677947, 0.245865
1, 183, 4, 3, 1, 3, -1, 1, 0.591282, 1.459524
1, 184, 4, 1, 1, -1, -1, -1, 0.596382, 0.060900
1, 185, 6, 5, 1, -1, 1, 1, 0.504499, 0.148182
1, 186, 1, 0, 1, -1, 1, 0, 0.425682, 0.293698
1, 187, 2, 4, 1, -1, -1, 1, 0.553211, 0.372590
1, 188, 6, 0, 1, -1, -1, 0, 0.505450, 0.020897
1, 189, 4, 0, 1, -1, 1, 0, 0.531224, 0.000000
1, 190, 3, 0, 1, -1, -1, 0, 0.510254, 0.020868
1, 191, 1, 0, 1, -1, 1, 0, 0.367853, 0.081085
1, 192, 1, 0, 1, -1, -1, 0, 0.565534, 0.259421
1, 193, 5, 0, 1, 3, -1, 0, 0.374413, 0.334010
1, 195, 6, 0, 1, -1, -1, 0, 0.962576, 0.320118
1, 196, 4, 4, 1, -1, 1, 1, 0.636878, 0.484904
1, 197, 5, 1, 1, -1, -1, -1, 0.638697, 0.226908
1, 198, 1, 3, 1, -1, -1, 1, 0.584091, 0.074076
1, 199, 4, 2, 1, -1, 1, 1, 0.886678, 1.672291
1, 200, 6, 0, 1, -1, -1, 0, 0.620581, 0.213831
1, 201, 1, 6, 1, -1, 1, 1, 0.565521, 0.061051
1, 202, 1, 1, 1, -1, -1, -1, 0.613251, 0.000000
1, 203, 3, 5, 1, 3, 1, -1, 0.850951, 0.527296
1, 204, 3, 4, 1, -1, -1, 1, 0.534298, 0.073557
1, 205, 1, 0, 1, -1, -1, 0, 0.511879, 0.014249
1, 206, 2, 0, 1, -1, 1, 0, 0.540395, 0.387152
1, 207, 4, 4, 1, -1, -1, 1, 0.530234, 0.080531
1, 208, 4, 0, 1, -1, -1, 0, 0.431496, 0.081028
1, 209, 5, 5, 1, -1, 1, 1, 0.577575, 0.047532
1, 210, 1, 3, 1, -1, -1, -1, 0.490633, 0.020971
1, 211, 3, 0, 1, -1, 1, 0, 0.542552, 0.246221
1, 212, 5, 3, 1, 1, -1, 1, 0.474137, 0.174000
1, 213, 6, 4, 1, -1, -1, -1, 1.127965, 0.160705
1, 214, 2, 0, 1, 3, -1, 0, 0.551347, 0.553311
1, 215, 2, 4, 1, -1, 1, 1, 0.517018, 0.080469
1, 216, 2, 0, 1, -1, 1, 0, 0.704756, 0.201135
1, 217, 3, 0, 0, -1, 1, 0, 0.613440, 0.426372
1, 218, 5, 2, 1, -1, -1, -1, 0.652766, 0.007695
1, 219, 3, 0, 1, 3, -1, 0, 0.545581, 0.258927
1, 220, 3, 0, 0, -1, -1, 0, 0.167973, 0.306245
1, 221, 6, 4, 0, -1, 1, -1, 0.040590, 0.305779
1, 222, 1, 4, 1, -1, -1, -1, 0.537484, 0.054440
1, 223, 3, 1, 1, 3, 1, 1, 0.603395, 0.000000
1, 224, 6, 4, 1, 1, 1, 1, 0.732295, 0.021032
1, 225, 4, 1, 1, 1, -1, -1, 0.585253, 0.000000
1, 226, 3, 3, 1, 1, -1, 1, 0.633402, 0.480857
1, 227, 2, 6, 1, 1, 1, 1, 0.612231, 0.207489
1, 228, 4, 0, 1, 3, -1, 0, 0.546002, 0.939489
1, 229, 5, 5, 0, 1, 1, -1, 0.493791, 0.640229
1, 230, 2, 0, 1, -1, -1, 0, 0.452623, 0.133313
1, 231, 4, 2, 1, 1, 1, -1, 0.526274, 0.305992
1, 232, 1, 0, 1, 1, -1, 0, 0.504669, 0.027557
1, 233, 2, 0, 1, 1, 1, 0, 0.486855, 0.239901
1, 234, 5, 3, 1, 1, 1, 1, 0.644442, 1.352733
1, 236, 2, 0, 1, -1, 1, 0, 0.539799, 1.146611
1, 237, 5, 4, 1, -1, -1, 1, 0.705205, 0.225810
1, 238, 1, 0, 1, 1, 1, 0, 0.491323, 0.166536
1, 239, 1, 5, 1, -1, -1, -1, 0.584921, 0.033688
1, 240, 6, 4, 1, 1, -1, -1, 1.328209, 0.106708
1, 241, 5, 0, 1, 3, 1, 0, 0.716340, 1.279134
1, 242, 6, 3, 1, 3, 1, 1, 0.619633, 0.799992
1, 243, 6, 0, 1, 3, -1, 0, 0.604251, 0.969442
1, 244, 5, 4, 1, -1, 1, -1, 0.672341, 0.340480
1, 245, 1, 5, 1, -1, 1, -1, 0.561483, 0.365659
1, 246, 4, 0, 1, 1, -1, 0, 0.834829, 0.828543
1, 247, 6, 1, 1, 1, 1, -1, 0.903968, 0.618507
1, 248, 2, 4, 1, -1, -1, -1, 0.545204, 0.214371
1, 249, 2, 6, 1, 1, -1, -1, 0.862121, 0.809601
1, 250, 1, 0, 1, -1, 1, 0, 0.558893, 0.398678
1, 251, 2, 4, 0, 1, 1, -1, 0.652895, 0.560085
1, 252, 6, 0, 1, -1, -1, 0, 1.119838, 0.619768
1, 253, 1, 5, 1, 3, 1, -1, 0.442084, 0.007674
1, 254, 4, 1, 1, -1, 1, 1, 0.546745, 0.000000
1, 255, 5, 0, 1, 1, 1, 0, 0.583050, 0.127962
1, 256, 4, 0, 1, -1, 1, 0, 0.498366, 0.000000
1, 257, 5, 0, 1, -1, -1, 0, 0.482004, 0.054444
1, 258, 4, 4, 1, -1, 1, 1, 0.571305, 0.289858
1, 259, 3, 0, 1, -1, -1, 0, 0.564771, 0.372345
1, 260, 6, 0, 1, 1, 1, 0, 0.947660, 0.933795
1, 261, 1, 0, 1, 1, 1, 0, 0.576114, 0.464704
1, 262, 6, 3, 1, -1, 1, -1, 0.611220, 1.068662
1, 263, 6, 6, 1, -1, -1, 1, 0.600769, 0.632254
1, 264, 3, 2, 1, -1, 1, -1, 0.539814, 3.570318
1, 265, 4, 0, 1, -1, 1, 0, 0.568854, 2.652907
1, 266, 3, 0, 1, -1, 1, 0, 0.541142, 0.188122
1, 267, 6, 5, 1, -1, 1, 1, 0.525200, 0.106711
1, 268, 1, 2, 1, -1, -1, 1, 0.726128, 0.274737
1, 269, 3, 0, 1, -1, -1, 0, 0.557275, 0.425563
1, 270, 5, 6, 1, 3, 1, 1, 0.533777, 2.465894
1, 271, 3, 3, 1, -1, 1, 1, 0.621353, 0.799273
1, 272, 1, 0, 1, -1, -1, 0, 0.505374, 0.257452
1, 273, 1, 4, 1, 3, 1, 1, 0.500754, 2.437820
1, 274, 1, 6, 1, -1, -1, -1, 0.647599, 0.061196
1, 275, 1, 1, 1, 1, -1, 1, 0.585071, 1.050904
1, 276, 4, 3, 1, -1, -1, -1, 0.651001, 0.884434
1, 277, 6, 0, 1, -1, 1, 0, 0.995806, 0.406809
1, 278, 3, 1, 1, 3, -1, 1, 0.720617, 1.224726
1, 279, 3, 2, 1, -1, 1, -1, 0.565416, 0.545329
1, 280, 6, 6, 1, -1, -1, -1, 0.871568, 0.373910
1, 281, 1, 1, 1, -1, 1, -1, 0.657555, 0.471436
1, 282, 4, 4, 1, -1, 1, -1, 0.713538, 0.851328
1, 283, 2, 6, 1, -1, 1, 1, 0.671387, 0.446170
1, 284, 6, 2, 1, 3, 1, 1, 0.613383, 0.965688
1, 285, 4, 1, 1, -1, -1, 1, 1.080598, 0.939682
1, 286, 4, 3, 1, 1, -1, 1, 0.650840, 0.464460
1, 287, 5, 3, 1, 3, -1, 1, 0.460152, 0.700768
1, 288, 3, 6, 1, 1, -1, -1, 0.931506, 0.538739
1, 289, 1, 5, 0, 1, -1, 1, 0.588544, 0.208404
1, 290, 5, 0, 1, -1, 1, 0, 0.664893, 0.180146
1, 291, 3, 5, 1, 1, -1, 1, 0.678964, 1.027156
1, 292, 6, 3, 1, 1, -1, 1, 0.784017, 1.065846
1, 293, 4, 0, 1, 1, 1, 0, 1.264651, 0.791606
1, 294, 6, 5, 1, 1, -1, 1, 0.628693, 0.667717
1, 295, 2, 5, 1, -1, 1, 1, 0.491334, 0.119924
1, 296, 3, 5, 1, -1, 1, 1, 0.532847, 0.717030
1, 297, 4, 0, 1, -1, -1, 0, 0.515960, 0.094679
1, 298, 5, 6, 1, 1, -1, -1, 0.594599, 0.454582
1, 299, 6, 1, 1, -1, -1, -1, 0.648727, 1.147712
1, 300, 1, 0, 1, 1, 1, 0, 0.621735, 2.227821
1, 301, 5, 0, 1, -1, -1, 0, 0.457622, 0.100884
1, 302, 2, 1, 1, 1, 1, 1, 0.612066, 0.000000
1, 303, 4, 2, 1, 1, 1, 1, 0.546835, 0.007614
1, 304, 4, 0, 1, -1, 1, 0, 0.444948, 0.100726
1, 305, 3, 1, 1, -1, -1, 1, 0.607133, 0.027772
1, 306, 2, 1, 1, -1, -1, 1, 0.564537, 0.207979
1, 307, 4, 1, 1, -1, 1, -1, 0.701336, 0.200639
1, 308, 5, 3, 1, 1, -1, -1, 0.571803, 0.266030
1, 309, 6, 5, 1, 1, 1, -1, 0.654191, 0.493579
1, 310, 5, 1, 1, 1, -1, -1, 0.628054, 0.567521
1, 311, 3, 3, 1, 1, 1, 1, 0.740245, 0.495034
1, 312, 2, 3, 1, 3, 1, 1, 0.524996, 1.425704
1, 313, 5, 0, 1, 1, 1, 0, 0.849388, 0.610701
1, 314, 1, 0, 1, 1, 1, 0, 0.572520, 0.469851
1, 315, 5, 2, 1, -1, 1, -1, 0.562492, 0.439581
1, 316, 3, 2, 1, -1, -1, -1, 0.572289, 0.033548
1, 317, 3, 5, 1, 1, -1, -1, 0.867022, 2.481362
1, 318, 5, 4, 1, 1, 1, 1, 0.536730, 0.080681
1, 319, 2, 0, 1, 1, -1, 0, 0.659447, 0.000000
1, 320, 3, 3, 1, 1, 1, -1, 0.656479, 0.020982
1, 321, 1, 2, 1, -1, 1, -1, 0.650633, 0.000000
1, 322, 4, 0, 1, -1, 1, 0, 0.643574, 0.000000
1, 323, 3, 3, 1, -1, 1, -1, 0.626298, 0.000000
1, 324, 1, 2, 1, 1, 1, 1, 0.783995, 0.866578
1, 325, 1, 1, 1, 3, 1, -1, 0.770818, 1.453260
1, 326, 4, 5, 1, -1, -1, -1, 0.652268, 0.134062
1, 327, 1, 0, 1, 1, 1, 0, 0.507109, 2.549736
1, 328, 3, 1, 1, -1, 1, 1, 0.746190, 0.000000
1, 329, 6, 0, 1, 1, -1, 0, 0.819574, 0.013620
1, 331, 3, 6, 1, -1, 1, -1, 0.645026, 0.014128
1, 332, 2, 0, 1, 1, 1, 0, 0.604020, 1.567027
1, 333, 1, 1, 1, 1, -1, -1, 0.652429, 1.903802
1, 334, 4, 0, 1, 1, -1, 0, 0.661796, 0.000000
1, 335, 6, 0, 0, 1, 1, 0, 0.490722, 0.000000
1, 336, 5, 3, 1, 3, -1, -1, 0.613310, 0.658602
1, 337, 1, 2, 1, 1, 1, -1, 0.812680, 0.539500
1, 338, 1, 1, 1, -1, 1, 1, 0.627132, 0.251958
1, 339, 3, 0, 1, 1, -1, 0, 0.544832, 0.588830
1, 340, 6, 4, 1, -1, 1, 1, 0.634919, 0.780015
1, 341, 6, 1, 1, 1, -1, 1, 0.802152, 0.582562
1, 342, 4, 2, 1, 3, -1, 1, 0.577467, 0.755380
1, 343, 6, 0, 1, 1, -1, 0, 0.650530, 0.285332
1, 344, 4, 3, 1, 1, 1, -1, 0.677982, 0.000000
1, 345, 2, 3, 1, -1, 1, -1, 0.537326, 0.080663
1, 346, 4, 0, 1, 3, -1, 0, 0.567057, 0.319318
1, 347, 4, 5, 1, -1, 1, -1, 0.694457, 0.074005
1, 348, 4, 6, 1, -1, -1, -1, 0.646700, 0.000000
1, 349, 6, 0, 1, 1, -1, 0, 0.641432, 0.000000
1, 350, 1, 3, 1, -1, 1, -1, 0.595572, 0.007663
1, 351, 3, 0, 1, 1, -1, 0, 0.628042, 1.200074
1, 352, 5, 4, 1, -1, 1, 1, 0.710990, 0.000000
1, 353, 4, 0, 1, -1, -1, 0, 0.554064, 0.413258
1, 354, 5, 0, 1, 1, -1, 0, 0.531743, 0.219562
1, 355, 3, 1, 1, 1, 1, -1, 0.547947, 0.000000
1, 356, 2, 2, 1, -1, -1, -1, 0.646617, 0.467224
1, 357, 5, 6, 1, 1, -1, -1, 0.627633, 0.247360
1, 358, 5, 0, 1, 1, -1, 0, 0.473802, 0.000000
1, 359, 6, 3, 1, 1, -1, 1, 0.982427, 0.000000
1, 360, 6, 6, 1, 1, 1, 1, 0.563474, 0.749648
1, 361, 5, 2, 1, 1, -1, -1, 0.571108, 0.060833
1, 362, 2, 0, 1, 1, -1, 0, 0.532078, 0.240196
1, 363, 6, 0, 1, -1, 1, 0, 0.542701, 0.286324
1, 364, 6, 6, 1, 1, -1, -1, 0.567492, 0.227477
1, 365, 3, 0, 1, -1, 1, 0, 0.560527, 0.034529
1, 367, 1, 2, 1, 1, -1, -1, 0.680516, 0.001056
1, 368, 1, 3, 1, 1, -1, -1, 0.737993, 0.589097
1, 369, 2, 0, 1, 1, 1, 0, 0.506080, 0.000000
1, 370, 6, 0, 1, -1, 1, 0, 0.517940, 0.512143
1, 371, 5, 0, 1, -1, -1, 0, 0.611823, 0.360933
1, 372, 4, 6, 1, 1, 1, -1, 0.752674, 0.234983
1, 373, 5, 2, 1, -1, -1, 1, 0.565958, 0.260994
1, 374, 5, 0, 1, 1, 1, 0, 0.619838, 0.173989
1, 375, 3, 1, 1, 1, -1, -1, 0.596005, 0.014242
1, 376, 4, 3, 1, -1, -1, -1, 0.569079, 0.366173
1, 377, 5, 6, 1, 1, 1, -1, 0.714885, 0.234443
1, 378, 6, 1, 1, 1, -1, 1, 0.535688, 0.253321
1, 379, 5, 6, 1, 1, -1, 1, 0.470776, 0.060975
1, 380, 1, 4, 1, -1, 1, 1, 0.539152, 0.180362
1, 381, 6, 2, 1, 1, -1, -1, 0.558569, 0.034114
1, 382, 1, 2, 1, 1, -1, 1, 0.598652, 0.226171
1, 383, 2, 0, 0, 3, 1, 0, 0.630298, 0.718241
1, 384, 2, 3, 1, 1, -1, -1, 0.572790, 0.622247
1, 385, 4, 0, 1, -1, -1, 0, 0.471354, 0.788009
1, 386, 6, 2, 1, 1, -1, -1, 0.608842, 0.153033
1, 387, 4, 0, 1, -1, -1, 0, 0.434194, 0.448626
1, 388, 1, 0, 1, 1, 1, 0, 0.656815, 0.624002
1, 389, 4, 5, 1, -1, 1, 1, 0.836265, 0.498152
1, 390, 1, 4, 0, 1, -1, -1, 0.497206, 0.186836
1, 391, 5, 1, 1, 1, 1, -1, 0.855621, 0.061110
1, 392, 4, 6, 1, -1, -1, 1, 0.786579, 0.240267
1, 393, 4, 6, 1, -1, -1, 1, 0.636159, 0.126828
1, 394, 2, 0, 1, 1, -1, 0, 0.595038, 0.271556
1, 395, 1, 3, 1, -1, 1, 1, 0.715277, 0.694404
1, 396, 4, 5, 1, -1, -1, 1, 0.492224, 0.278793
1, 397, 2, 0, 1, -1, 1, 0, 0.400296, 0.253789
1, 398, 6, 1, 0, 1, 1, 1, 0.454490, 0.541201
1, 399, 2, 3, 1, -1, -1, -1, 0.597770, 0.287009
1, 400, 3, 6, 1, 1, 1, -1, 0.605075, 0.100825
1, 401, 3, 0, 1, 1, 1, 0, 0.519983, 0.095025
1, 402, 3, 3, 1, 1, -1, 1, 0.829813, 0.007601
1, 405, 3, 0, 1, -1, -1, 0, 0.532193, 0.247329
1, 406, 3, 6, 1, 1, -1, 1, 0.605894, 0.359880
1, 407, 6, 3, 0, 3, 1, 1, 0.000000, 0.957169
1, 408, 3, 0, 1, -1, -1, 0, 0.512574, 0.165605
1, 409, 4, 5, 1, -1, -1, -1, 0.438818, 0.218134
1, 410, 5, 5, 1, -1, -1, 1, 0.509682, 0.226767
1, 411, 5, 0, 1, 1, 1, 0, 0.505278, 1.069193
1, 412, 6, 3, 1, 1, 1, -1, 0.912491, 0.275397
1, 413, 5, 0, 1, -1, -1, 0, 0.668026, 0.502265
1, 415, 2, 3, 1, 1, 1, 1, 0.564623, 0.159812
1, 416, 2, 5, 1, -1, -1, -1, 0.518499, 0.033731
1, 417, 6, 2, 1, -1, -1, 1, 0.756263, 0.027571
1, 418, 4, 2, 1, 1, -1, 1, 0.620114, 0.061171
1, 419, 2, 5, 1, 1, 1, 1, 0.531206, 0.153770
1, 420, 6, 0, 0, 1, -1, 0, 0.498956, 0.199552
1, 421, 4, 0, 0, 1, 1, 0, 0.348281, 0.227955
1, 422, 6, 6, 1, -1, 1, -1, 0.741956, 0.000000
1, 423, 2, 3, 1, 1, -1, 1, 0.807427, 0.000000
1, 424, 2, 4, 1, 1, 1, -1, 0.519464, 0.000000
1, 425, 2, 0, 1, 1, -1, 0, 0.585159, 0.139392
1, 426, 4, 1, 1, 1, -1, 1, 0.753657, 0.000000
1, 427, 2, 1, 1, 1, 1, 1, 0.539473, 0.000000
1, 428, 3, 0, 1, 1, -1, 0, 0.688563, 1.218527
1, 429, 1, 5, 1, -1, 1, 1, 0.540740, 0.121216
1, 430, 6, 2, 1, 1, 1, 1, 0.809245, 0.014338
1, 431, 3, 4, 1, 1, -1, -1, 0.676993, 0.400003
1, 432, 6, 2, 1, 1, 1, -1, 0.687413, 0.380530
1, 433, 3, 6, 1, -1, -1, 1, 0.852374, 0.448778
1, 434, 1, 2, 1, -1, 1, 1, 0.537550, 0.027573
1, 435, 3, 3, 1, 1, -1, -1, 0.671525, 0.014329
1, 436, 1, 6, 1, -1, -1, -1, 0.713426, 0.000000
1, 437, 1, 0, 1, -1, -1, 0, 0.636691, 0.014322
1, 438, 2, 6, 1, 3, 1, -1, 0.486420, 0.000000
1, 439, 6, 5, 1, -1, -1, -1, 0.703451, 0.034105
