observer, trial, targLoc, distLoc, targDiscrim, thoughtNoAttCap, tc, dc, RT, TrialTypeRT
3, 1, 6, 0, 1, -1, -1, 0, 0.968718, 1.939567
3, 3, 1, 5, 0, 3, -1, 1, 0.641793, 1.697262
3, 4, 3, 0, 1, -1, -1, 0, 1.131944, 1.913451
3, 5, 6, 1, 1, -1, 1, 1, 0.647719, 1.551735
3, 6, 1, 2, 1, 1, 1, -1, 0.441896, 1.204313
3, 7, 4, 0, 1, -1, -1, 0, 0.525741, 1.635303
3, 8, 5, 0, 0, -1, 1, 0, 0.440804, 2.261546
3, 9, 4, 2, 1, -1, -1, -1, 0.818310, 1.493366
3, 10, 5, 0, 1, 1, -1, 0, 0.593164, 1.232215
3, 11, 5, 2, 1, 1, -1, -1, 0.466915, 1.533073
3, 12, 1, 0, 0, -1, -1, 0, 0.469664, 1.751668
3, 13, 5, 0, 1, 1, -1, 0, 0.501188, 1.263857
3, 14, 6, 0, 1, 1, 1, 0, 0.540603, 1.125481
3, 15, 6, 6, 1, 1, 1, 1, 0.560114, 1.187116
3, 16, 3, 4, 0, -1, -1, 1, 0.327742, 1.058848
3, 17, 1, 6, 1, 1, -1, -1, 0.522581, 3.692821
3, 18, 3, 3, 0, -1, 1, -1, 0.654042, 1.300639
3, 19, 5, 2, 0, -1, -1, 1, 0.426663, 2.998141
3, 20, 3, 0, 1, 1, 1, 0, 0.580395, 1.040396
3, 21, 6, 4, 1, -1, 1, 1, 0.374296, 0.740810
3, 1, 5, 1, 1, -1, 1, -1, 0.760354, 1.065222
3, 2, 1, 3, 1, -1, 1, -1, 0.551993, 0.799716
3, 3, 1, 2, 0, 1, -1, 1, 0.359690, 1.099612
3, 4, 3, 1, 1, -1, -1, -1, 0.629939, 1.117248
3, 5, 6, 0, 1, -1, 1, 0, 0.622807, 1.168938
3, 6, 4, 3, 0, -1, -1, -1, 0.281355, 1.019429
3, 7, 1, 4, 0, -1, -1, 1, 0.516286, 0.842133
3, 8, 6, 1, 0, -1, -1, 1, 0.883790, 0.775291
3, 9, 2, 3, 1, -1, 1, 1, 0.666947, 0.969739
3, 10, 2, 4, 0, -1, -1, -1, 0.482198, 0.922621
3, 11, 2, 0, 1, -1, -1, 0, 0.516987, 1.076703
3, 12, 4, 0, 1, -1, -1, 0, 0.327684, 0.574356
3, 13, 1, 5, 1, 1, -1, 1, 0.609292, 0.659817
3, 14, 2, 4, 1, 1, -1, 1, 0.442764, 0.796639
3, 15, 1, 0, 1, -1, -1, 0, 0.514451, 0.361830
3, 16, 5, 0, 1, 1, -1, 0, 0.400750, 0.715063
3, 17, 2, 0, 1, -1, 1, 0, 0.518791, 0.442735
3, 18, 1, 4, 0, -1, 1, -1, 0.447605, 0.691755
3, 19, 6, 1, 0, -1, -1, 1, 0.501089, 0.798930
3, 20, 1, 0, 0, 1, -1, 0, 0.481697, 0.915816
3, 21, 1, 5, 0, -1, 1, -1, 0.168163, 0.525446
3, 22, 4, 6, 1, 1, -1, -1, 0.497920, 0.596052
3, 23, 3, 0, 0, 1, 1, 0, 0.895317, 0.815395
3, 24, 4, 5, 0, -1, 1, -1, 0.488114, 1.178239
3, 25, 6, 4, 0, 1, -1, 1, 0.404084, 0.536776
3, 26, 2, 0, 1, 1, 1, 0, 0.321657, 0.580498
3, 27, 1, 0, 1, 1, 1, 0, 0.579141, 0.394532
3, 28, 1, 6, 1, 1, 1, -1, 0.348729, 0.902973
3, 29, 5, 0, 1, 1, -1, 0, 0.721544, 0.629507
3, 30, 3, 0, 1, 1, 1, 0, 0.367995, 0.381171
3, 31, 4, 2, 1, -1, -1, 1, 0.865314, 1.015427
3, 32, 5, 0, 1, -1, -1, 0, 0.414025, 1.278107
3, 33, 5, 0, 0, -1, 1, 0, 0.361065, 0.868120
3, 34, 4, 0, 1, -1, -1, 0, 0.474390, 0.513032
3, 35, 2, 5, 1, 1, 1, -1, 0.381486, 1.230496
3, 36, 4, 0, 1, 1, 1, 0, 0.533035, 0.192976
3, 37, 5, 2, 1, 1, 1, 1, 0.401390, 0.808002
3, 38, 4, 4, 1, 1, 1, 1, 0.295320, 0.537357
3, 39, 4, 0, 1, 1, 1, 0, 0.380539, 0.435225
3, 40, 3, 2, 0, -1, -1, -1, 0.312012, 0.674995
3, 41, 2, 1, 0, -1, -1, 1, 0.541669, 0.774837
3, 43, 1, 2, 1, -1, -1, -1, 0.847173, 0.781116
3, 44, 6, 0, 0, -1, 1, 0, 0.661296, 3.111240
3, 45, 2, 5, 0, -1, -1, 1, 0.793073, 0.887103
3, 46, 3, 2, 1, 1, -1, -1, 0.441935, 0.926330
3, 47, 4, 6, 1, 1, 1, -1, 0.460560, 1.305525
3, 48, 2, 0, 1, 1, -1, 0, 0.513417, 0.833327
3, 49, 1, 3, 1, 1, 1, 1, 0.474126, 1.015114
3, 50, 2, 2, 0, -1, -1, 1, 0.503099, 0.794772
3, 51, 1, 6, 1, 1, 1, -1, 0.473480, 0.912617
3, 52, 4, 1, 1, 1, 1, 1, 0.491794, 0.547384
3, 53, 2, 0, 1, 1, -1, 0, 0.446499, 0.180431
3, 54, 4, 6, 1, 1, -1, 1, 0.308237, 0.487119
3, 55, 3, 5, 1, 1, 1, 1, 0.360451, 0.381740
3, 56, 1, 1, 1, -1, -1, 1, 0.408632, 0.776400
3, 57, 6, 6, 0, -1, 1, -1, 0.347159, 0.722293
3, 58, 5, 6, 1, 1, 1, -1, 0.566467, 0.569655
3, 59, 4, 0, 1, 1, 1, 0, 0.393538, 0.489134
3, 60, 3, 0, 1, 1, 1, 0, 0.352552, 0.268362
3, 61, 6, 6, 0, -1, -1, -1, 0.395294, 0.857084
3, 62, 6, 3, 1, -1, 1, 1, 0.281752, 1.450913
3, 63, 1, 3, 1, 1, -1, -1, 0.628879, 0.785366
3, 64, 3, 0, 1, 1, -1, 0, 0.433222, 0.235107
3, 65, 1, 5, 0, -1, 1, -1, 0.402384, 0.819635
3, 66, 6, 0, 1, 1, -1, 0, 0.495641, 0.668960
3, 67, 4, 0, 1, 1, -1, 0, 0.340167, 1.509541
3, 68, 1, 0, 1, 1, 1, 0, 0.441348, 0.463192
3, 69, 2, 1, 1, 1, 1, 1, 0.314544, 0.255499
3, 70, 5, 0, 1, 1, 1, 0, 0.427678, 0.327951
3, 71, 4, 3, 0, -1, -1, 1, 0.476249, 0.646340
3, 72, 5, 1, 1, 1, -1, 1, 0.482274, 0.629142
3, 73, 2, 5, 1, -1, -1, -1, 0.493158, 1.083406
3, 74, 4, 1, 0, -1, -1, 1, 0.487842, 0.746345
3, 75, 2, 5, 1, 1, 1, 1, 0.354906, 1.244907
3, 76, 4, 2, 0, -1, -1, -1, 0.575634, 0.908223
3, 77, 3, 2, 1, -1, 1, -1, 0.548570, 1.301834
3, 78, 2, 0, 1, 1, -1, 0, 0.572699, 0.827891
3, 79, 4, 4, 1, 1, -1, 1, 0.389221, 0.562615
3, 80, 4, 0, 0, -1, 1, 0, 0.314361, 0.666243
3, 81, 4, 0, 1, 1, 1, 0, 0.328280, 0.367964
3, 82, 3, 1, 1, 1, 1, -1, 0.634837, 0.267885
3, 83, 2, 1, 1, 1, 1, -1, 0.376142, 0.287596
3, 84, 2, 5, 1, 1, -1, 1, 0.612227, 0.280754
3, 85, 2, 5, 1, 1, 1, 1, 0.455399, 0.347332
3, 86, 4, 0, 1, 1, -1, 0, 0.448882, 0.380590
3, 87, 3, 1, 1, 1, 1, 1, 0.521009, 0.040948
3, 88, 6, 2, 0, 1, -1, -1, 0.388200, 0.604101
3, 89, 1, 3, 1, -1, -1, 1, 0.693190, 0.812153
3, 90, 4, 4, 1, -1, -1, 1, 0.474662, 0.848622
3, 91, 3, 0, 1, 1, -1, 0, 0.387942, 0.913954
3, 92, 6, 5, 1, -1, -1, -1, 0.348405, 1.311682
3, 93, 5, 3, 0, -1, -1, 1, 0.479613, 1.080534
3, 94, 6, 0, 1, 1, -1, 0, 0.428621, 0.514083
3, 95, 2, 0, 1, -1, 1, 0, 0.389088, 0.801320
3, 96, 1, 0, 1, 1, -1, 0, 0.456138, 1.131877
3, 97, 5, 0, 1, 1, 1, 0, 0.455095, 1.204095
3, 98, 4, 1, 1, -1, 1, -1, 0.621046, 1.199706
3, 99, 6, 1, 1, -1, -1, -1, 0.514847, 5.136409
3, 100, 6, 2, 0, -1, 1, -1, 0.514717, 0.658166
3, 101, 3, 4, 0, -1, -1, -1, 0.635940, 1.256475
3, 102, 5, 2, 1, -1, 1, -1, 0.649965, 0.695055
3, 103, 4, 6, 1, 1, 1, -1, 0.480223, 0.859980
3, 104, 5, 6, 1, -1, 1, -1, 0.487338, 0.687027
3, 105, 1, 4, 1, 1, 1, -1, 0.544360, 0.917764
3, 106, 5, 1, 1, 1, 1, -1, 0.472282, 1.192025
3, 107, 6, 3, 0, -1, -1, 1, 0.487333, 0.580161
3, 108, 5, 4, 1, -1, 1, 1, 0.414337, 1.536318
3, 109, 5, 0, 1, 1, 1, 0, 0.352456, 0.767234
3, 110, 3, 0, 1, 1, -1, 0, 0.510209, 0.640994
3, 111, 6, 0, 0, -1, -1, 0, 0.428825, 0.867480
3, 112, 1, 5, 1, 1, -1, 1, 0.543941, 0.494782
3, 113, 4, 0, 1, 1, 1, 0, 0.401245, 0.354485
3, 114, 1, 0, 1, 1, -1, 0, 0.438805, 0.340394
3, 115, 4, 2, 1, 1, 1, 1, 0.488070, 0.520633
3, 116, 1, 4, 1, -1, 1, 1, 0.460457, 0.656695
3, 117, 5, 0, 1, 1, -1, 0, 0.547015, 0.983450
3, 118, 2, 6, 1, -1, 1, 1, 0.538671, 1.532930
3, 119, 3, 2, 1, -1, -1, 1, 0.850743, 0.756546
3, 120, 3, 5, 1, -1, 1, -1, 0.980599, 1.063790
3, 121, 2, 2, 1, -1, -1, -1, 0.745037, 0.678473
3, 122, 2, 0, 1, -1, -1, 0, 0.487882, 0.500065
3, 123, 1, 2, 1, -1, 1, 1, 0.548693, 0.892552
3, 124, 3, 0, 1, 1, -1, 0, 0.572441, 0.695705
3, 125, 1, 3, 1, 1, 1, -1, 0.566396, 1.236556
3, 126, 6, 1, 1, -1, -1, -1, 0.583460, 1.683246
3, 127, 1, 1, 1, 1, 1, -1, 0.635515, 2.042327
3, 128, 2, 4, 1, -1, 1, 1, 0.455807, 0.968275
3, 129, 4, 1, 1, 1, 1, -1, 0.602369, 1.699362
3, 130, 2, 6, 1, -1, 1, -1, 0.822231, 0.714855
3, 131, 6, 5, 1, -1, 1, 1, 0.998918, 2.358675
3, 132, 5, 5, 1, -1, -1, 1, 1.143063, 0.656141
3, 133, 3, 0, 0, 1, -1, 0, 0.905017, 0.920691
3, 134, 6, 6, 1, -1, 1, 1, 0.580890, 2.375909
3, 135, 2, 0, 1, 1, -1, 0, 0.525484, 0.722898
3, 136, 5, 4, 1, -1, 1, 1, 0.547786, 0.734779
3, 137, 2, 0, 1, 1, 1, 0, 0.782212, 0.458473
3, 138, 5, 2, 1, 1, -1, -1, 0.501518, 2.488251
3, 139, 2, 0, 1, 1, 1, 0, 0.360282, 0.485328
3, 140, 4, 4, 1, -1, 1, -1, 0.957414, 0.921316
3, 141, 3, 2, 1, -1, 1, -1, 0.729971, 0.888834
3, 142, 6, 0, 1, 1, 1, 0, 0.400480, 0.348311
3, 143, 5, 5, 1, 1, -1, -1, 0.507408, 0.620737
3, 144, 1, 0, 1, 1, -1, 0, 0.475689, 0.627464
3, 145, 5, 6, 1, 1, 1, 1, 0.439624, 0.907075
3, 146, 5, 6, 0, -1, -1, 1, 0.488977, 0.695013
3, 147, 3, 0, 1, -1, -1, 0, 0.721421, 0.488534
3, 148, 4, 6, 1, 1, 1, 1, 0.468302, 1.834465
3, 149, 1, 1, 1, 1, 1, 1, 0.475431, 0.687653
3, 150, 5, 5, 1, 1, -1, -1, 0.480234, 0.675266
3, 151, 3, 3, 1, -1, 1, 1, 0.441189, 1.084362
3, 152, 5, 1, 1, -1, -1, -1, 0.567121, 0.856379
3, 153, 1, 1, 1, 1, 1, 1, 0.388078, 0.803291
3, 154, 2, 0, 1, 1, 1, 0, 0.373324, 0.293528
3, 155, 6, 2, 0, -1, -1, -1, 0.281187, 0.804490
3, 156, 2, 1, 1, 1, -1, -1, 0.547405, 1.876714
3, 157, 2, 3, 1, -1, 1, 1, 0.442070, 0.709529
3, 158, 1, 4, 1, -1, -1, -1, 0.575011, 1.040304
3, 159, 4, 5, 0, -1, -1, 1, 0.620591, 0.484429
3, 160, 3, 4, 1, 1, 1, 1, 0.426492, 0.799157
3, 161, 4, 5, 1, 1, -1, -1, 0.480749, 1.061144
3, 162, 6, 3, 1, 1, -1, -1, 0.459198, 0.486570
3, 163, 4, 0, 1, 1, -1, 0, 0.387744, 0.893293
3, 164, 5, 0, 1, 1, 1, 0, 0.441423, 0.455019
3, 165, 1, 6, 0, -1, -1, 1, 0.680793, 0.627336
3, 166, 2, 3, 0, -1, 1, -1, 0.407140, 0.487212
3, 167, 2, 1, 1, 1, -1, 1, 0.740987, 0.899867
3, 168, 5, 4, 1, 1, -1, 1, 0.460617, 1.182430
3, 169, 2, 3, 1, 1, -1, -1, 0.340034, 0.746720
3, 170, 1, 0, 1, 1, -1, 0, 0.450424, 0.911194
3, 171, 6, 3, 1, 1, -1, 1, 0.593186, 0.737107
3, 172, 2, 5, 0, 1, 1, -1, 0.602304, 0.693353
3, 173, 2, 0, 1, 1, -1, 0, 0.395479, 0.856357
3, 174, 3, 0, 1, 1, 1, 0, 0.460692, 0.366797
3, 175, 4, 0, 1, 1, -1, 0, 0.389861, 1.066964
3, 176, 5, 0, 1, 1, 1, 0, 0.448265, 0.612073
3, 177, 2, 0, 1, 1, 1, 0, 0.348237, 0.548123
3, 178, 4, 0, 1, 1, -1, 0, 0.381271, 0.446878
3, 179, 4, 2, 1, 1, -1, -1, 0.630402, 0.572593
3, 180, 5, 0, 1, 1, -1, 0, 0.411807, 0.568781
3, 181, 1, 5, 1, 1, 1, 1, 0.448817, 0.399776
3, 182, 6, 0, 1, 1, 1, 0, 0.554085, 0.628079
3, 183, 6, 4, 1, 1, 1, 1, 0.449040, 0.475616
3, 184, 5, 4, 1, -1, -1, -1, 0.522682, 0.490739
3, 185, 1, 6, 1, 1, 1, 1, 0.449145, 0.849555
3, 186, 3, 2, 1, 1, 1, 1, 0.428349, 0.585955
3, 187, 4, 0, 1, -1, -1, 0, 0.462298, 0.626314
3, 188, 6, 5, 0, -1, -1, 1, 0.463147, 0.723509
3, 189, 5, 0, 0, -1, -1, 0, 0.000000, 2.684503
3, 190, 4, 0, 1, -1, -1, 0, 0.649878, 0.642630
3, 191, 2, 4, 1, 1, 1, 1, 0.501235, 0.587644
3, 192, 6, 4, 0, -1, -1, 1, 0.467029, 0.650419
3, 193, 6, 6, 1, -1, 1, 1, 0.546605, 0.562167
3, 194, 4, 0, 1, 1, 1, 0, 0.462418, 0.862274
3, 195, 5, 5, 1, -1, -1, 1, 1.304844, 0.926176
3, 196, 2, 1, 1, 1, 1, 1, 0.458969, 0.454305
3, 197, 1, 5, 1, 1, -1, -1, 0.532224, 0.583485
3, 198, 1, 6, 1, 1, 1, 1, 0.374297, 0.409115
3, 199, 1, 0, 1, -1, -1, 0, 0.442513, 1.225648
3, 200, 3, 0, 1, 1, -1, 0, 0.488488, 1.182871
3, 201, 2, 3, 1, 1, 1, -1, 0.428790, 0.242001
3, 202, 6, 0, 1, 1, 1, 0, 0.468918, 0.501602
3, 203, 5, 2, 1, 1, -1, 1, 0.707961, 0.367248
3, 204, 6, 5, 1, 1, -1, -1, 0.735702, 0.644443
3, 205, 5, 1, 1, 1, -1, 1, 0.461576, 0.669574
3, 206, 6, 0, 1, 1, 1, 0, 0.421353, 0.273753
3, 207, 4, 1, 1, 1, -1, -1, 0.468873, 0.422316
3, 208, 6, 5, 1, 1, -1, 1, 0.827403, 0.361112
3, 209, 2, 0, 1, 1, 1, 0, 0.408571, 0.433845
3, 210, 5, 3, 1, -1, 1, 1, 0.767830, 0.854225
3, 211, 2, 6, 1, 1, -1, 1, 0.871649, 0.946594
3, 212, 3, 4, 0, 1, 1, 1, 1.061127, 1.081611
3, 213, 6, 1, 1, 1, 1, -1, 1.130544, 0.841812
3, 215, 5, 1, 1, -1, 1, 1, 0.500470, 0.774372
3, 216, 5, 3, 1, 1, 1, 1, 0.440301, 0.327764
3, 217, 4, 3, 1, 1, 1, 1, 0.428178, 0.434244
3, 218, 2, 5, 1, 1, -1, -1, 0.607484, 0.360554
3, 219, 6, 0, 1, 1, 1, 0, 0.467060, 0.267983
3, 220, 6, 6, 1, 1, -1, 1, 0.792745, 0.674095
3, 221, 6, 4, 1, 1, 1, 1, 0.432824, 0.319986
3, 222, 4, 3, 1, 1, -1, -1, 0.567440, 0.540598
3, 223, 3, 5, 1, -1, -1, 1, 1.019643, 0.839925
3, 224, 5, 0, 1, 1, 1, 0, 0.513081, 0.521012
3, 225, 2, 3, 1, 1, -1, -1, 0.560444, 0.307120
3, 226, 3, 3, 1, 1, 1, -1, 0.587356, 0.214913
3, 227, 2, 4, 1, -1, 1, -1, 0.400285, 0.827087
3, 228, 4, 4, 1, -1, 1, -1, 0.888673, 0.474060
3, 229, 2, 2, 1, -1, -1, -1, 0.646280, 0.627093
3, 230, 2, 1, 1, -1, -1, -1, 0.519797, 0.508680
3, 231, 6, 0, 1, 1, -1, 0, 0.480441, 0.307147
3, 232, 6, 4, 1, 1, 1, -1, 0.816241, 0.646627
3, 233, 6, 4, 1, 1, 1, -1, 0.853656, 0.629077
3, 234, 2, 2, 1, 1, 1, -1, 0.509803, 0.234309
3, 235, 5, 2, 1, 1, -1, 1, 0.562583, 1.679999
3, 236, 2, 6, 1, 1, -1, -1, 0.601926, 0.489015
3, 237, 4, 6, 1, 1, -1, 1, 0.369774, 0.575835
3, 238, 4, 2, 1, 1, 1, 1, 0.472908, 0.208130
3, 239, 6, 5, 1, -1, 1, 1, 0.402717, 0.929216
3, 240, 2, 6, 1, -1, 1, 1, 0.354519, 0.779911
3, 241, 6, 6, 1, 1, -1, -1, 0.553176, 0.849822
3, 242, 6, 3, 1, 1, -1, -1, 0.696561, 0.663068
3, 243, 6, 3, 1, 1, 1, -1, 0.779359, 0.819674
3, 244, 3, 6, 1, 1, 1, 1, 0.421818, 0.621763
3, 245, 2, 6, 1, 1, -1, -1, 0.522622, 0.576297
3, 246, 1, 3, 1, 1, 1, 1, 0.434975, 0.256304
3, 247, 3, 2, 1, 1, 1, 1, 0.467345, 0.247176
3, 248, 1, 3, 1, 1, -1, -1, 0.556136, 0.285639
3, 249, 2, 0, 1, 1, -1, 0, 0.422515, 0.309283
3, 250, 4, 0, 1, 1, 1, 0, 0.395698, 0.175058
3, 251, 2, 0, 1, 1, -1, 0, 0.445716, 0.907372
3, 252, 5, 6, 1, 1, -1, 1, 0.399588, 0.590938
3, 253, 4, 0, 1, 1, 1, 0, 0.420857, 0.288313
3, 254, 4, 6, 1, 1, 1, 1, 0.602337, 0.353352
3, 255, 6, 0, 1, -1, -1, 0, 0.634966, 0.568385
3, 256, 4, 5, 1, -1, 1, -1, 0.681519, 0.482069
3, 257, 1, 0, 1, 1, 1, 0, 0.382116, 0.366765
3, 258, 3, 0, 1, 1, 1, 0, 0.661177, 1.122717
3, 259, 5, 3, 1, 1, -1, 1, 0.613556, 0.241246
3, 260, 4, 0, 1, 1, 1, 0, 0.414440, 0.254267
3, 261, 1, 0, 1, 1, 1, 0, 0.394107, 0.127644
3, 262, 4, 3, 1, 1, 1, 1, 0.440896, 0.221604
3, 263, 5, 4, 1, 1, -1, 1, 0.539858, 0.108287
3, 264, 4, 5, 1, -1, 1, 1, 0.490247, 0.746948
3, 265, 2, 4, 1, -1, -1, 1, 0.955037, 0.787252
3, 266, 1, 0, 1, 1, -1, 0, 0.434999, 0.573610
3, 267, 6, 2, 1, -1, 1, 1, 1.034690, 0.928168
3, 268, 1, 2, 1, 1, 1, -1, 0.526822, 0.180830
3, 269, 5, 0, 1, 1, 1, 0, 0.414389, 0.207803
3, 270, 5, 3, 1, 1, -1, -1, 0.449147, 0.154216
3, 271, 6, 2, 1, 1, -1, 1, 0.698211, 0.154365
3, 272, 6, 0, 1, 1, -1, 0, 0.567667, 0.254928
3, 273, 2, 2, 1, 1, 1, 1, 0.556175, 0.101472
3, 274, 3, 6, 1, 1, -1, 1, 0.454046, 0.179284
3, 275, 3, 5, 1, 3, -1, -1, 0.507860, 0.607873
3, 276, 1, 3, 1, 1, -1, 1, 0.580650, 0.153682
3, 277, 4, 4, 1, 1, -1, -1, 0.440759, 0.294533
3, 278, 3, 1, 1, 1, 1, 1, 0.460924, 0.147564
3, 279, 3, 6, 1, 1, 1, -1, 0.513619, 0.206983
3, 280, 1, 0, 1, -1, -1, 0, 1.127060, 0.661704
3, 281, 4, 2, 1, -1, -1, 1, 0.779680, 0.760172
3, 282, 4, 4, 1, -1, -1, -1, 0.453843, 0.533453
3, 283, 2, 3, 1, -1, -1, 1, 0.649504, 0.588240
3, 284, 6, 5, 1, -1, 1, -1, 0.800003, 0.639424
3, 285, 1, 0, 1, 1, 1, 0, 0.349667, 0.206618
3, 286, 6, 1, 1, -1, 1, 1, 0.601428, 0.486316
3, 287, 4, 1, 0, -1, -1, 1, 0.500085, 0.643852
3, 288, 1, 0, 1, 1, 1, 0, 0.460240, 0.778489
3, 289, 3, 0, 1, 1, -1, 0, 0.507253, 0.261146
3, 290, 5, 3, 1, 1, 1, -1, 0.613136, 0.273443
3, 291, 1, 6, 1, 1, -1, -1, 0.474371, 0.287996
3, 292, 1, 1, 1, 1, -1, 1, 0.489065, 0.576403
3, 293, 3, 5, 1, -1, 1, 1, 0.886170, 0.568566
3, 294, 6, 0, 1, 1, -1, 0, 0.475068, 0.679520
3, 295, 2, 0, 1, -1, 1, 0, 1.003830, 1.718130
3, 296, 3, 6, 1, -1, -1, -1, 0.956470, 0.850300
3, 297, 1, 2, 1, -1, -1, 1, 0.881668, 0.613712
3, 298, 1, 6, 1, -1, -1, 1, 0.827774, 0.488052
3, 299, 3, 0, 0, 1, -1, 0, 1.392169, 1.073348
3, 300, 4, 3, 1, 1, -1, 1, 0.554282, 0.394000
3, 301, 1, 0, 1, 1, 1, 0, 0.362501, 0.207910
3, 302, 3, 3, 1, -1, -1, -1, 0.975745, 1.083987
3, 303, 5, 6, 1, 1, -1, -1, 0.495443, 0.447988
3, 304, 6, 0, 1, 1, 1, 0, 0.520870, 0.573865
3, 305, 3, 0, 1, 1, 1, 0, 0.426080, 0.274383
3, 306, 4, 6, 1, -1, -1, -1, 0.796299, 1.242747
3, 307, 4, 3, 1, -1, 1, -1, 0.501816, 0.440174
3, 308, 5, 2, 1, 1, 1, -1, 0.429146, 0.228218
3, 309, 4, 1, 1, 1, -1, -1, 0.394326, 0.214928
3, 310, 3, 6, 1, 1, -1, 1, 0.441852, 0.201003
3, 311, 1, 0, 1, 1, -1, 0, 0.507281, 0.200778
3, 312, 2, 6, 1, 1, 1, -1, 0.408892, 0.234123
3, 313, 3, 1, 0, -1, -1, 1, 0.487883, 0.847094
3, 314, 1, 4, 1, 1, 1, 1, 0.488898, 0.240354
3, 315, 3, 4, 1, 1, -1, 1, 0.508548, 0.522283
3, 316, 2, 0, 1, 1, 1, 0, 0.428718, 0.266655
3, 317, 6, 3, 1, -1, 1, 1, 0.693254, 0.651009
3, 318, 2, 6, 1, -1, -1, 1, 0.721540, 1.026764
3, 319, 3, 3, 1, -1, -1, -1, 0.508291, 1.715532
3, 320, 6, 0, 1, 1, -1, 0, 0.387577, 0.407763
3, 321, 3, 3, 1, 1, 1, 1, 0.441787, 0.168035
3, 322, 6, 0, 0, -1, -1, 0, 0.520486, 0.621296
3, 323, 3, 5, 1, -1, -1, -1, 0.520429, 0.694566
3, 324, 5, 3, 1, -1, 1, -1, 0.666710, 0.294637
3, 325, 3, 0, 1, 1, 1, 0, 0.447926, 0.140694
3, 326, 2, 2, 0, 1, -1, 1, 0.361897, 0.135088
3, 327, 4, 3, 1, 1, 1, -1, 0.509026, 0.000000
3, 328, 6, 2, 1, 1, 1, 1, 0.554565, 0.034150
3, 329, 3, 3, 1, 1, 1, -1, 0.961444, 0.068238
3, 330, 1, 1, 1, -1, 1, -1, 0.553268, 0.280959
3, 331, 2, 2, 1, 1, 1, -1, 0.432934, 0.493126
3, 332, 1, 0, 1, 1, -1, 0, 0.574842, 0.267883
3, 333, 1, 2, 1, 1, 1, 1, 0.446854, 0.187618
3, 334, 3, 1, 1, 1, -1, -1, 0.540634, 0.227434
3, 335, 4, 2, 1, 1, 1, -1, 0.519123, 0.187859
3, 336, 1, 0, 1, 1, 1, 0, 0.392123, 0.160926
3, 337, 5, 5, 1, 1, 1, 1, 0.506283, 0.207034
3, 338, 4, 0, 1, 1, -1, 0, 0.528017, 0.432381
3, 339, 3, 0, 1, 1, 1, 0, 0.446900, 0.174023
3, 340, 6, 4, 1, 1, -1, -1, 0.544167, 0.220806
3, 341, 3, 0, 1, 1, 1, 0, 1.393421, 0.581057
3, 342, 3, 0, 1, 1, -1, 0, 0.553659, 0.080515
3, 343, 6, 5, 1, -1, 1, -1, 1.192715, 0.327714
3, 344, 1, 0, 1, 1, 1, 0, 0.434094, 0.133880
3, 345, 5, 3, 1, 1, -1, -1, 0.466007, 0.107916
3, 346, 6, 0, 1, 1, -1, 0, 0.448788, 0.207461
3, 347, 6, 1, 1, 1, 1, 1, 0.538379, 0.306450
3, 348, 1, 0, 1, 1, 1, 0, 0.381867, 0.187213
3, 349, 5, 0, 1, 1, 1, 0, 0.361907, 0.200576
3, 350, 3, 5, 0, 1, -1, 1, 0.373397, 0.181761
3, 351, 5, 0, 1, 1, 1, 0, 0.382865, 0.220953
3, 352, 5, 0, 1, 1, 1, 0, 0.348404, 0.081445
3, 353, 1, 6, 1, 1, -1, -1, 0.501784, 0.067881
3, 354, 3, 0, 1, -1, 1, 0, 0.408857, 0.471001
3, 355, 5, 1, 1, -1, -1, -1, 0.570025, 0.722728
3, 356, 5, 4, 1, 1, -1, -1, 0.463116, 0.181433
3, 357, 4, 4, 1, 1, 1, 1, 0.452921, 0.160851
3, 358, 1, 5, 1, 1, -1, -1, 0.591048, 0.295186
3, 359, 4, 0, 1, -1, -1, 0, 0.419155, 0.381513
3, 360, 1, 0, 1, 1, 1, 0, 0.416467, 0.134325
3, 361, 4, 1, 1, 1, 1, 1, 0.481988, 0.187970
3, 362, 2, 4, 1, 1, 1, -1, 0.488692, 0.168423
3, 363, 5, 4, 1, 1, 1, -1, 0.608205, 0.261371
3, 364, 1, 4, 1, -1, -1, -1, 0.554406, 1.254483
3, 365, 3, 0, 1, 1, 1, 0, 0.406959, 0.208468
3, 366, 2, 0, 1, 1, 1, 0, 0.327352, 0.160753
3, 367, 6, 1, 1, 1, 1, -1, 0.881102, 0.492886
3, 368, 5, 2, 1, 1, 1, 1, 0.415467, 0.508938
3, 369, 6, 4, 1, 1, -1, -1, 0.589204, 0.088458
3, 370, 1, 2, 1, -1, -1, -1, 0.522796, 0.989608
3, 371, 5, 1, 1, 1, 1, 1, 0.514596, 0.107731
3, 372, 3, 6, 1, 1, 1, 1, 0.442191, 0.060096
3, 373, 4, 2, 1, 1, 1, -1, 0.555992, 0.128162
3, 374, 6, 0, 1, 1, 1, 0, 0.402265, 0.121349
3, 375, 5, 4, 1, 1, 1, -1, 0.432432, 0.067499
3, 376, 6, 0, 1, 1, 1, 0, 0.395399, 0.121574
3, 377, 6, 0, 1, 1, 1, 0, 0.353914, 0.114510
3, 378, 3, 0, 1, 1, -1, 0, 0.441596, 0.067447
3, 379, 3, 2, 1, -1, -1, 1, 0.871498, 0.668290
3, 380, 3, 4, 1, 1, -1, -1, 0.575320, 0.148036
3, 381, 3, 6, 1, 1, 1, -1, 0.508527, 0.155025
3, 382, 1, 5, 1, 1, 1, 1, 0.435609, 0.114087
3, 383, 1, 1, 1, 1, -1, -1, 0.494070, 0.127159
3, 384, 5, 6, 1, 1, 1, 1, 0.469078, 0.148488
3, 385, 3, 4, 1, -1, -1, 1, 1.001934, 0.642278
3, 386, 2, 0, 1, 1, -1, 0, 0.454404, 0.154569
3, 387, 5, 5, 1, 1, 1, 1, 0.475596, 0.128036
3, 388, 3, 3, 1, -1, -1, 1, 0.858370, 0.434934
3, 389, 6, 3, 1, -1, 1, -1, 0.821133, 0.427773
3, 390, 5, 0, 1, 1, -1, 0, 0.475741, 0.175531
3, 391, 2, 0, 1, 1, -1, 0, 0.511571, 0.186222
3, 392, 6, 0, 1, 1, 1, 0, 0.434767, 0.108179
3, 393, 1, 2, 1, -1, 1, -1, 0.987210, 0.421542
3, 394, 3, 0, 1, -1, -1, 0, 0.401395, 0.335230
3, 395, 4, 5, 1, -1, -1, -1, 0.508181, 0.453591
3, 397, 5, 0, 1, -1, -1, 0, 0.407755, 1.087378
3, 398, 4, 5, 1, 1, -1, 1, 0.713283, 3.095653
3, 399, 2, 0, 1, 1, -1, 0, 0.521312, 0.720338
3, 400, 6, 0, 1, 1, -1, 0, 0.541686, 0.509016
3, 401, 1, 1, 1, 1, -1, -1, 0.556192, 1.480937
3, 402, 3, 3, 1, -1, -1, 1, 0.666875, 0.521993
3, 403, 4, 0, 1, 1, 1, 0, 0.501375, 0.234888
3, 404, 3, 6, 1, 1, -1, -1, 0.428044, 0.200545
3, 405, 5, 0, 1, 1, -1, 0, 0.474116, 0.239659
3, 406, 5, 6, 1, 1, -1, -1, 0.436570, 0.127525
3, 407, 5, 5, 1, 1, 1, -1, 0.503060, 0.221060
3, 408, 1, 0, 1, 1, -1, 0, 0.467620, 0.081088
3, 409, 2, 3, 1, -1, -1, 1, 0.678678, 0.394120
3, 410, 2, 1, 1, 1, 1, -1, 0.414605, 0.120714
3, 411, 6, 2, 1, -1, 1, -1, 0.700215, 0.479898
3, 412, 5, 0, 1, 1, -1, 0, 0.420240, 0.194077
3, 413, 3, 4, 1, 1, 1, -1, 0.455216, 0.114111
3, 414, 1, 0, 1, 1, 1, 0, 0.334703, 0.087315
3, 415, 2, 4, 1, -1, -1, -1, 0.573375, 0.333700
3, 416, 6, 2, 1, -1, -1, 1, 0.607327, 0.332614
3, 417, 5, 0, 1, 1, 1, 0, 0.533200, 0.262067
3, 418, 4, 0, 1, 1, 1, 0, 0.388363, 0.107607
3, 419, 5, 0, 1, 1, -1, 0, 0.415541, 0.047326
3, 420, 1, 4, 1, -1, -1, 1, 1.026915, 0.396241
3, 421, 6, 6, 1, -1, -1, 1, 0.666307, 0.233483
3, 422, 2, 2, 1, 1, 1, 1, 0.409672, 0.061099
3, 423, 5, 0, 1, -1, -1, 0, 0.461418, 1.136270
3, 424, 5, 5, 1, -1, 1, -1, 0.581676, 0.341798
3, 425, 6, 0, 1, 1, -1, 0, 0.578930, 0.047857
3, 426, 3, 1, 1, 1, 1, -1, 0.799425, 0.347410
3, 427, 5, 2, 1, 1, -1, -1, 0.489394, 0.261744
3, 428, 2, 0, 1, 1, 1, 0, 0.373807, 0.240208
3, 429, 3, 0, 1, 1, 1, 0, 0.369408, 0.221208
3, 430, 3, 5, 1, -1, 1, -1, 0.288412, 0.955429
3, 431, 3, 1, 0, -1, -1, 1, 0.416603, 0.453314
3, 432, 3, 4, 1, 1, 1, -1, 0.421884, 0.175362
3, 433, 4, 5, 1, -1, 1, 1, 0.929887, 0.154578
3, 434, 6, 6, 0, -1, 1, -1, 1.315479, 0.683114
3, 435, 4, 0, 1, 1, -1, 0, 0.449720, 0.321402
