observer, trial, targLoc, distLoc, targDiscrim, thoughtNoAttCap, tc, dc, RT, TrialTypeRT
4, 3, 4, 3, 1, 1, -1, 1, 0.649714, 5.766956
4, 4, 6, 4, 0, -1, -1, -1, 0.681178, 1.856673
4, 5, 2, 6, 1, 1, -1, -1, 0.806973, 1.696837
4, 6, 4, 3, 1, 1, 1, 1, 0.674819, 1.499007
4, 7, 1, 2, 1, 1, 1, -1, 0.699440, 1.580239
4, 8, 5, 0, 1, -1, -1, 0, 0.650253, 1.469721
4, 9, 2, 0, 1, 1, -1, 0, 0.412711, 2.180566
4, 10, 1, 0, 0, -1, -1, 0, 0.433372, 1.539803
4, 11, 2, 2, 1, 1, -1, -1, 0.465458, 2.082684
4, 12, 4, 0, 0, -1, -1, 0, 0.446279, 0.834614
4, 13, 2, 3, 1, 1, 1, 1, 0.537529, 0.966439
4, 14, 4, 5, 0, -1, 1, -1, 0.464355, 0.940106
4, 15, 1, 0, 1, -1, 1, 0, 0.531134, 1.017844
4, 16, 6, 2, 1, -1, -1, 1, 0.601234, 1.029898
4, 17, 2, 0, 1, 1, -1, 0, 0.471218, 0.733216
4, 18, 3, 5, 1, -1, -1, -1, 0.508700, 0.829792
4, 19, 1, 3, 1, -1, -1, 1, 0.786917, 0.873163
4, 20, 4, 0, 1, -1, -1, 0, 0.592037, 0.691987
4, 21, 4, 0, 1, 1, -1, 0, 0.378395, 0.476566
4, 22, 2, 4, 1, -1, 1, 1, 0.575950, 0.572054
4, 1, 4, 6, 0, -1, 1, 1, 0.518422, 0.884247
4, 2, 4, 6, 1, 1, -1, -1, 0.576638, 0.728492
4, 3, 6, 2, 1, 1, -1, -1, 0.505992, 1.393597
4, 4, 2, 4, 1, -1, 1, 1, 0.489859, 0.817713
4, 5, 5, 1, 1, 1, -1, 1, 0.667323, 0.585646
4, 6, 5, 3, 1, -1, 1, 1, 0.725371, 0.933064
4, 7, 5, 2, 0, -1, 1, -1, 0.491532, 1.525062
4, 8, 6, 5, 1, -1, 1, -1, 0.758464, 1.739456
4, 9, 2, 1, 1, 1, 1, -1, 0.468141, 0.461942
4, 10, 5, 0, 1, 1, -1, 0, 0.471118, 0.745891
4, 11, 4, 6, 1, -1, 1, -1, 0.544481, 0.969134
4, 12, 2, 0, 1, 1, -1, 0, 0.479587, 0.883277
4, 13, 4, 4, 1, -1, -1, 1, 0.641084, 0.851010
4, 14, 4, 6, 1, 1, 1, 1, 0.615817, 0.895481
4, 15, 4, 2, 1, 1, -1, -1, 0.505079, 2.508617
4, 16, 2, 2, 1, -1, 1, -1, 0.528998, 0.674362
4, 17, 2, 3, 1, 1, -1, 1, 0.700517, 0.358680
4, 18, 5, 4, 1, -1, 1, 1, 0.722512, 1.976117
4, 19, 4, 2, 1, 1, 1, -1, 0.477042, 0.430642
4, 20, 1, 1, 1, 1, 1, 1, 0.624770, 0.451987
4, 21, 6, 1, 1, -1, -1, 1, 0.607203, 0.891430
4, 22, 3, 2, 0, -1, -1, -1, 0.702368, 1.552584
4, 23, 4, 2, 1, 1, -1, 1, 0.417568, 0.914789
4, 24, 3, 2, 0, -1, -1, 1, 0.456016, 0.642808
4, 25, 5, 2, 1, 1, -1, 1, 0.431053, 0.774467
4, 26, 1, 2, 0, -1, -1, 1, 0.352008, 1.375409
4, 27, 6, 4, 1, 1, 1, -1, 0.640602, 1.400414
4, 28, 6, 2, 1, -1, 1, -1, 0.819333, 0.891648
4, 29, 5, 0, 1, 1, -1, 0, 0.451658, 0.530987
4, 30, 3, 3, 1, 1, 1, 1, 0.575147, 0.463233
4, 31, 1, 3, 1, 1, -1, 1, 0.475435, 0.397452
4, 32, 2, 3, 1, 1, -1, -1, 0.467309, 0.314164
4, 33, 2, 6, 1, 1, -1, 1, 1.068391, 3.213701
4, 34, 5, 4, 1, 1, 1, -1, 0.850191, 0.411661
4, 35, 4, 0, 1, 1, -1, 0, 0.589796, 0.491263
4, 36, 5, 2, 1, 1, 1, 1, 0.937126, 0.438799
4, 37, 2, 0, 1, 1, -1, 0, 0.739858, 0.279439
4, 38, 6, 4, 1, -1, -1, -1, 0.903246, 0.625801
4, 39, 1, 0, 1, 1, -1, 0, 0.497959, 0.310692
4, 40, 4, 0, 1, 1, 1, 0, 0.456682, 0.324969
4, 41, 5, 0, 1, 1, 1, 0, 0.529996, 0.267003
4, 42, 2, 5, 1, -1, 1, 1, 0.823804, 0.889975
4, 43, 5, 6, 1, 1, 1, 1, 0.761654, 0.447742
4, 44, 5, 0, 1, 1, 1, 0, 0.463252, 0.322818
4, 45, 4, 0, 1, 1, -1, 0, 0.546154, 0.306694
4, 46, 5, 5, 1, -1, -1, 1, 0.780799, 0.748251
4, 47, 1, 6, 1, 1, -1, -1, 0.606488, 0.337844
4, 48, 6, 5, 1, 1, 1, 1, 0.473298, 0.253334
4, 49, 1, 5, 1, 1, -1, -1, 0.635574, 0.145694
4, 50, 2, 2, 1, 1, -1, 1, 0.538805, 0.219780
4, 51, 5, 6, 1, -1, 1, -1, 0.717690, 0.677849
4, 52, 3, 6, 0, -1, 1, -1, 0.462821, 1.088637
4, 53, 1, 4, 0, -1, -1, 1, 0.439283, 1.055356
4, 54, 2, 1, 1, 1, 1, -1, 0.584987, 0.472998
4, 55, 1, 2, 1, -1, -1, 1, 0.572009, 0.929493
4, 56, 5, 0, 1, 1, -1, 0, 0.358482, 0.611372
4, 57, 3, 3, 1, 1, 1, -1, 0.509174, 0.415628
4, 58, 6, 4, 1, 1, -1, 1, 0.720405, 0.330413
4, 59, 1, 0, 1, 3, 1, 0, 0.376871, 0.450568
4, 60, 4, 1, 1, -1, -1, 1, 0.647234, 1.079956
4, 61, 2, 0, 1, 1, -1, 0, 0.418699, 0.623204
4, 62, 3, 0, 1, 1, 1, 0, 0.596202, 0.704917
4, 63, 1, 1, 1, 1, 1, 1, 0.521318, 0.364672
4, 64, 2, 1, 1, 1, 1, 1, 0.371682, 0.776280
4, 65, 1, 0, 1, 1, 1, 0, 0.423391, 0.475638
4, 66, 3, 1, 1, 1, -1, -1, 0.628743, 0.304508
4, 67, 6, 1, 1, -1, -1, -1, 0.525746, 0.665006
4, 68, 1, 1, 1, -1, -1, 1, 0.561852, 0.811217
4, 69, 6, 0, 1, 1, -1, 0, 0.377194, 0.423306
4, 70, 5, 1, 0, -1, 1, 1, 0.319176, 0.575591
4, 71, 2, 3, 1, 1, -1, -1, 0.512078, 0.425271
4, 72, 5, 4, 1, 1, -1, 1, 0.445517, 0.258816
4, 73, 3, 0, 1, 1, 1, 0, 0.502921, 0.266317
4, 74, 1, 1, 1, 1, -1, -1, 0.516259, 0.264690
4, 75, 1, 0, 1, 1, 1, 0, 0.329960, 0.338734
4, 76, 3, 0, 1, 1, 1, 0, 0.559374, 0.259565
4, 77, 2, 1, 1, 1, -1, -1, 0.465022, 0.166380
4, 78, 5, 5, 1, -1, -1, 1, 0.588633, 0.443660
4, 79, 1, 3, 1, -1, -1, 1, 0.570451, 0.661792
4, 80, 2, 5, 1, 1, 1, -1, 0.529377, 0.306478
4, 81, 6, 4, 1, 1, 1, 1, 0.453477, 0.257396
4, 82, 1, 0, 1, 1, -1, 0, 0.458053, 0.284599
4, 83, 2, 0, 1, 1, -1, 0, 0.384929, 0.251710
4, 84, 3, 2, 1, 1, 1, 1, 0.518516, 0.199289
4, 85, 4, 0, 1, 1, -1, 0, 0.346140, 0.160367
4, 86, 3, 0, 0, -1, 1, 0, 0.397080, 0.609745
4, 87, 5, 0, 1, 1, -1, 0, 0.412937, 0.265489
4, 88, 5, 3, 0, 1, 1, 1, 0.515260, 1.538119
4, 89, 1, 3, 1, 1, -1, -1, 0.582759, 0.014178
4, 90, 1, 3, 1, 1, 1, -1, 0.364434, 0.127146
4, 91, 1, 1, 1, 1, -1, 1, 0.411406, 0.033931
4, 92, 1, 0, 0, 1, -1, 0, 0.298387, 1.228814
4, 93, 2, 0, 1, 1, -1, 0, 0.443929, 0.093380
4, 94, 5, 2, 1, 1, -1, 1, 0.542199, 0.120524
4, 95, 5, 4, 1, 1, -1, -1, 0.352107, 0.127364
4, 96, 5, 0, 1, 1, 1, 0, 0.496663, 0.245184
4, 97, 6, 5, 0, -1, -1, -1, 0.704560, 0.865649
4, 98, 4, 1, 1, 1, 1, -1, 0.676050, 0.292048
4, 99, 2, 0, 1, 1, -1, 0, 0.426611, 0.260217
4, 100, 5, 3, 0, -1, 1, -1, 0.418380, 0.846675
4, 101, 3, 1, 1, 1, -1, 1, 0.669273, 0.266017
4, 102, 3, 6, 1, 1, -1, -1, 0.391025, 0.213319
4, 103, 2, 4, 1, 1, -1, 1, 0.523110, 0.159583
4, 104, 3, 2, 1, 1, -1, -1, 0.469417, 0.159191
4, 105, 2, 3, 1, 1, -1, 1, 0.531854, 0.074081
4, 106, 5, 2, 1, 1, -1, -1, 0.372375, 0.086971
4, 107, 4, 5, 1, 1, 1, -1, 0.585838, 0.073614
4, 108, 2, 4, 1, 1, -1, -1, 0.372975, 0.040672
4, 109, 1, 3, 1, 1, 1, -1, 0.505230, 0.040713
4, 110, 6, 0, 1, 1, -1, 0, 0.833965, 0.186612
4, 111, 1, 3, 0, -1, -1, -1, 0.430700, 0.591890
4, 112, 5, 1, 1, -1, 1, -1, 0.763002, 0.768472
4, 113, 5, 0, 1, 1, -1, 0, 0.378760, 0.034127
4, 114, 5, 0, 1, 1, 1, 0, 0.526207, 0.000000
4, 115, 3, 0, 1, 1, -1, 0, 0.482058, 0.027371
4, 116, 1, 0, 1, 1, 1, 0, 0.312560, 0.067268
4, 117, 4, 3, 1, 1, -1, -1, 0.450035, 0.053968
4, 118, 3, 5, 1, -1, -1, -1, 0.459316, 0.489840
4, 119, 5, 0, 1, 1, -1, 0, 0.351180, 0.120208
4, 120, 6, 2, 1, -1, -1, 1, 0.754703, 0.475012
4, 121, 1, 4, 1, 1, 1, -1, 0.522606, 0.159688
4, 122, 5, 1, 1, 1, -1, 1, 0.344810, 0.258650
4, 123, 2, 0, 1, 1, 1, 0, 0.352680, 0.232992
4, 124, 3, 6, 1, 1, 1, -1, 0.620359, 0.179842
4, 125, 3, 3, 1, 1, -1, 1, 0.490684, 0.119873
4, 126, 6, 0, 1, 1, 1, 0, 0.619013, 0.080493
4, 127, 6, 1, 1, 1, 1, 1, 0.530229, 0.642069
4, 128, 2, 0, 1, 1, 1, 0, 0.345981, 0.239785
4, 129, 2, 4, 1, -1, 1, -1, 0.474254, 0.306658
4, 130, 4, 0, 0, 1, 1, 0, 0.398799, 1.189008
4, 131, 1, 0, 1, 1, 1, 0, 0.339846, 0.100587
4, 132, 5, 5, 1, 1, 1, -1, 0.484443, 0.113568
4, 133, 4, 5, 1, 1, 1, -1, 0.784750, 0.199781
4, 134, 2, 0, 1, 1, -1, 0, 0.485486, 0.027593
4, 135, 6, 3, 1, -1, 1, -1, 0.713720, 0.272024
4, 136, 3, 0, 1, 1, -1, 0, 0.545333, 0.180271
4, 137, 4, 3, 1, 1, 1, 1, 0.596242, 0.093197
4, 138, 3, 6, 1, 1, 1, 1, 0.385789, 0.100849
4, 139, 5, 0, 1, 1, 1, 0, 0.445355, 0.086883
4, 140, 6, 3, 1, 1, -1, -1, 0.491732, 0.014241
4, 141, 2, 2, 0, -1, -1, -1, 0.331487, 0.689332
4, 142, 3, 3, 1, 1, 1, -1, 0.557244, 0.133956
4, 143, 3, 4, 1, 1, -1, -1, 0.525640, 0.000000
4, 144, 5, 6, 0, -1, -1, 1, 0.571939, 0.840062
4, 145, 3, 0, 1, 1, 1, 0, 0.418186, 0.067288
4, 146, 4, 3, 1, 1, 1, -1, 0.463447, 0.252101
4, 147, 4, 4, 1, 1, 1, 1, 0.465501, 0.264348
4, 148, 5, 0, 1, 1, 1, 0, 0.378606, 0.000000
4, 149, 5, 0, 1, 1, 1, 0, 0.377118, 0.067103
4, 150, 4, 1, 1, 1, 1, 1, 0.384252, 0.026822
4, 151, 6, 0, 1, 1, 1, 0, 0.673778, 0.040881
4, 152, 3, 0, 1, 1, 1, 0, 0.383782, 0.093706
4, 153, 3, 6, 1, 1, -1, 1, 0.459628, 0.000000
4, 154, 4, 5, 1, 1, 1, 1, 0.426156, 0.060920
4, 155, 2, 5, 1, 1, -1, 1, 0.437223, 0.127053
4, 156, 4, 4, 1, 1, 1, -1, 0.516114, 0.027429
4, 157, 3, 1, 1, 1, -1, -1, 0.624037, 0.034288
4, 158, 3, 0, 1, 1, -1, 0, 0.445577, 0.027701
4, 159, 1, 4, 0, -1, -1, 1, 0.497075, 0.586456
4, 160, 1, 6, 1, 1, 1, -1, 0.747644, 0.179078
4, 161, 6, 3, 0, -1, 1, -1, 0.442685, 0.544223
4, 162, 1, 0, 1, 1, 1, 0, 0.384122, 0.014281
4, 163, 6, 0, 1, 1, -1, 0, 0.359214, 0.007616
4, 164, 3, 0, 1, 1, -1, 0, 0.497074, 0.100150
4, 165, 2, 4, 1, 1, 1, 1, 0.411284, 0.067789
4, 166, 6, 0, 1, 1, 1, 0, 0.529256, 0.067363
4, 167, 1, 2, 0, -1, 1, -1, 0.509219, 0.507820
4, 168, 4, 5, 1, 1, -1, 1, 0.406199, 0.027562
4, 169, 2, 3, 1, 1, 1, 1, 0.436398, 0.125850
4, 170, 2, 0, 1, 1, 1, 0, 0.357912, 0.073491
4, 171, 6, 6, 1, 1, 1, 1, 0.443093, 0.067101
4, 172, 3, 3, 1, 1, -1, -1, 0.532128, 0.034178
4, 173, 6, 6, 0, -1, -1, 1, 0.391801, 0.583368
4, 174, 2, 0, 1, 1, 1, 0, 0.333028, 0.047557
4, 175, 2, 5, 1, 1, -1, 1, 0.403029, 0.000000
4, 176, 1, 5, 1, 1, 1, 1, 0.386357, 0.087364
4, 177, 5, 5, 1, 1, 1, 1, 0.514619, 0.027360
4, 178, 4, 1, 1, 1, 1, -1, 0.586809, 0.213269
4, 179, 3, 0, 1, 1, -1, 0, 0.479510, 0.000000
4, 180, 6, 2, 1, 1, 1, 1, 0.575265, 0.027344
4, 181, 5, 0, 1, 1, 1, 0, 0.471013, 0.033847
4, 182, 4, 0, 1, 1, -1, 0, 0.390928, 0.192150
4, 183, 3, 4, 1, -1, 1, -1, 0.669529, 0.273372
4, 184, 3, 6, 0, 1, 1, 1, 0.645648, 1.262007
4, 185, 1, 0, 1, 1, -1, 0, 0.509626, 0.000000
4, 186, 2, 0, 1, 1, -1, 0, 0.417371, 0.034025
4, 187, 3, 1, 1, 1, 1, 1, 0.397922, 0.040988
4, 188, 4, 0, 1, 1, 1, 0, 0.550101, 0.285030
4, 189, 6, 0, 1, 1, -1, 0, 0.576113, 0.000000
4, 190, 6, 1, 1, 1, -1, -1, 0.542148, 0.079970
4, 191, 1, 5, 1, -1, -1, -1, 0.711545, 0.332890
4, 192, 1, 2, 1, 1, 1, -1, 0.463439, 0.047283
4, 193, 4, 1, 1, 1, 1, 1, 0.538090, 0.153954
4, 194, 2, 6, 1, 1, 1, -1, 0.672790, 0.060473
4, 195, 3, 0, 1, 1, -1, 0, 0.405761, 0.046853
4, 196, 5, 0, 1, 1, -1, 0, 0.351899, 0.160081
4, 197, 6, 0, 1, 1, 1, 0, 0.499482, 0.073956
4, 198, 3, 1, 0, -1, -1, 1, 0.410788, 0.779905
4, 199, 4, 2, 1, -1, -1, 1, 0.978057, 0.346646
4, 200, 1, 0, 1, 1, -1, 0, 0.498776, 0.000000
4, 201, 2, 6, 1, 1, -1, -1, 0.468867, 0.913162
4, 202, 1, 6, 1, 1, 1, -1, 0.536316, 0.040954
4, 203, 3, 5, 1, 1, 1, -1, 0.556583, 0.020905
4, 204, 3, 5, 1, 1, 1, 1, 0.542712, 0.000000
4, 205, 6, 2, 1, -1, -1, -1, 0.740432, 1.927150
4, 206, 6, 3, 1, -1, 1, 1, 0.731663, 0.371430
4, 207, 6, 4, 0, -1, -1, 1, 0.853802, 0.963066
4, 208, 6, 5, 1, 1, 1, -1, 0.450776, 0.700895
4, 209, 3, 4, 1, -1, -1, 1, 0.846748, 0.099916
4, 210, 1, 2, 1, -1, 1, 1, 0.555229, 0.173495
4, 211, 4, 0, 1, 1, -1, 0, 0.383410, 0.093891
4, 212, 4, 3, 1, 1, -1, 1, 0.465479, 0.054349
4, 213, 4, 6, 1, 1, -1, -1, 0.378140, 0.027133
4, 214, 5, 5, 1, 1, -1, -1, 0.376882, 0.027328
4, 215, 5, 3, 1, 1, 1, -1, 0.569153, 0.223907
4, 216, 5, 0, 1, -1, 1, 0, 0.832416, 0.384171
4, 217, 4, 2, 1, 1, 1, 1, 0.455667, 0.634897
4, 218, 6, 0, 1, 1, 1, 0, 0.575549, 0.324393
4, 219, 5, 0, 1, 1, -1, 0, 0.378854, 0.180187
4, 220, 1, 3, 1, 1, 1, 1, 0.430843, 0.120044
4, 221, 3, 0, 1, 1, -1, 0, 0.380298, 0.087590
4, 222, 4, 4, 1, 1, -1, 1, 0.439246, 0.684909
4, 223, 3, 5, 1, 1, -1, 1, 0.551491, 0.226841
4, 224, 3, 0, 1, 1, -1, 0, 0.351130, 0.099754
4, 225, 6, 3, 0, -1, -1, 1, 0.300840, 0.511358
4, 226, 6, 6, 1, 1, -1, -1, 0.646772, 0.106300
4, 227, 2, 6, 1, 1, -1, -1, 0.443272, 0.014144
4, 228, 2, 0, 1, 1, 1, 0, 0.389623, 0.153137
4, 229, 3, 1, 1, 1, 1, 1, 0.558860, 0.199870
4, 230, 1, 0, 1, 1, 1, 0, 0.384341, 0.020769
4, 231, 1, 2, 1, 1, -1, -1, 0.412831, 0.027412
4, 232, 2, 1, 1, 1, 1, 1, 0.406123, 0.000000
4, 233, 4, 0, 1, 1, -1, 0, 0.465739, 0.054094
4, 234, 5, 6, 1, 1, -1, 1, 0.786549, 0.073172
4, 235, 3, 0, 1, 1, 1, 0, 0.468547, 0.152612
4, 236, 4, 4, 1, 1, -1, -1, 0.431311, 0.160381
4, 237, 1, 0, 1, 1, -1, 0, 0.517354, 0.593648
4, 238, 6, 0, 1, 1, 1, 0, 0.501698, 0.285306
4, 239, 1, 5, 1, 1, 1, 1, 0.447605, 0.152662
4, 240, 5, 0, 1, 1, 1, 0, 0.515617, 0.034026
4, 241, 2, 2, 1, 1, 1, 1, 0.359116, 0.160128
4, 242, 6, 0, 0, 1, -1, 0, 0.423862, 1.210688
4, 243, 1, 4, 1, 1, -1, -1, 0.581812, 0.338025
4, 244, 1, 3, 1, 1, 1, 1, 0.356700, 0.093429
4, 245, 4, 5, 1, 1, -1, -1, 0.437662, 0.007126
4, 246, 6, 6, 1, 1, -1, 1, 0.745741, 0.000000
4, 247, 4, 4, 1, 1, 1, 1, 0.447262, 0.020431
4, 248, 3, 5, 0, -1, 1, -1, 0.576513, 0.661106
4, 249, 3, 4, 1, 1, 1, 1, 0.552103, 0.021109
4, 250, 3, 0, 1, 1, 1, 0, 0.325007, 0.047342
4, 251, 6, 0, 1, 1, -1, 0, 0.518222, 0.034178
4, 252, 2, 3, 1, 1, 1, -1, 0.437044, 0.014217
4, 253, 5, 5, 1, 1, -1, -1, 0.498822, 0.166369
4, 254, 3, 3, 0, -1, -1, -1, 0.663141, 0.398355
4, 255, 4, 0, 1, 1, -1, 0, 0.332933, 0.013868
4, 256, 4, 1, 1, 1, -1, -1, 0.325283, 0.020735
4, 257, 6, 0, 1, 1, -1, 0, 0.458065, 0.000000
4, 258, 3, 2, 1, 1, 1, 1, 0.497392, 0.000000
4, 259, 1, 5, 1, 1, -1, 1, 0.638278, 0.001009
4, 260, 2, 3, 1, 1, 1, 1, 0.379740, 0.014149
4, 261, 6, 5, 1, 1, 1, 1, 1.017418, 0.126566
4, 262, 4, 0, 0, -1, 1, 0, 0.332059, 0.400007
4, 263, 4, 0, 1, 1, 1, 0, 0.382882, 0.000000
4, 264, 5, 4, 1, 1, 1, -1, 0.674657, 0.000000
4, 265, 6, 6, 1, 1, 1, -1, 0.588789, 0.224262
4, 266, 3, 4, 1, 1, 1, 1, 0.488866, 0.000000
4, 267, 3, 5, 1, 1, -1, -1, 0.524534, 0.000000
4, 268, 2, 0, 1, 1, -1, 0, 0.479423, 0.000000
4, 269, 3, 2, 1, -1, 1, -1, 0.695632, 0.429121
4, 270, 4, 3, 1, -1, -1, -1, 0.419598, 0.273643
4, 271, 2, 5, 1, 1, 1, -1, 0.445683, 0.026640
4, 272, 4, 0, 1, 1, -1, 0, 0.410972, 0.080272
4, 273, 4, 0, 1, 1, -1, 0, 0.332808, 0.000000
4, 274, 5, 2, 1, 1, 1, 1, 0.703390, 0.273221
4, 275, 3, 0, 1, 1, 1, 0, 0.344137, 0.106647
4, 276, 5, 0, 1, 1, 1, 0, 0.443016, 0.165588
4, 277, 2, 4, 1, 1, 1, -1, 0.476326, 0.000000
4, 278, 3, 0, 1, 1, 1, 0, 0.564099, 0.040664
4, 279, 6, 0, 1, 1, 1, 0, 0.410007, 0.040581
4, 280, 3, 6, 1, 1, -1, 1, 0.596035, 0.046785
4, 281, 5, 1, 1, 1, -1, -1, 0.573506, 0.000000
4, 282, 2, 0, 1, 1, 1, 0, 0.299533, 0.061010
4, 283, 1, 0, 1, 1, -1, 0, 0.539499, 0.027620
4, 284, 6, 5, 0, -1, -1, 1, 0.438561, 0.691915
4, 285, 6, 6, 1, 1, 1, 1, 0.558354, 0.020879
4, 286, 6, 2, 1, -1, -1, 1, 0.690965, 0.312572
4, 287, 1, 6, 1, -1, -1, 1, 0.628110, 0.099836
4, 288, 5, 4, 1, 1, -1, -1, 0.496691, 0.000000
4, 289, 1, 0, 1, 1, 1, 0, 0.371026, 0.000000
4, 290, 2, 6, 1, 1, 1, 1, 0.515301, 0.000000
4, 291, 1, 0, 1, 1, -1, 0, 0.470352, 0.000000
4, 292, 4, 0, 1, 1, 1, 0, 0.365183, 0.000000
4, 293, 5, 0, 1, 1, -1, 0, 0.332638, 0.067175
4, 294, 6, 0, 1, 1, -1, 0, 0.781983, 0.040635
4, 295, 2, 4, 1, 1, -1, 1, 0.496812, 0.014030
4, 296, 2, 2, 1, 1, 1, 1, 0.438048, 0.000000
4, 297, 4, 2, 1, 1, -1, -1, 0.771261, 0.020862
4, 298, 1, 2, 1, 1, 1, 1, 0.430595, 0.066164
4, 299, 6, 4, 1, -1, -1, -1, 0.619612, 0.113986
4, 300, 3, 5, 1, -1, -1, 1, 0.603359, 0.166573
4, 301, 1, 2, 1, 1, -1, -1, 0.477026, 0.007469
4, 302, 4, 3, 1, -1, 1, 1, 0.664712, 0.154045
4, 303, 2, 1, 1, 1, -1, -1, 0.419877, 0.034274
4, 304, 4, 6, 1, -1, -1, 1, 0.379312, 0.431638
4, 305, 3, 0, 1, 1, -1, 0, 0.384596, 0.054435
4, 306, 3, 4, 1, -1, -1, 1, 0.870728, 0.146308
4, 307, 5, 1, 1, 1, -1, -1, 0.343951, 0.000000
4, 308, 2, 0, 1, 1, 1, 0, 0.364653, 0.000000
4, 309, 4, 2, 0, -1, 1, 1, 0.273618, 0.450835
4, 310, 6, 1, 1, 1, 1, -1, 0.432010, 0.185816
4, 311, 6, 0, 1, 1, -1, 0, 0.570376, 0.000000
4, 312, 6, 0, 1, 1, 1, 0, 0.297972, 0.000000
4, 313, 1, 0, 1, 1, 1, 0, 0.317216, 0.000000
4, 314, 6, 0, 0, 1, -1, 0, 0.344838, 0.754673
4, 315, 1, 6, 1, 1, 1, 1, 0.362800, 0.027445
4, 316, 6, 1, 1, 1, 1, 1, 0.404787, 0.014200
4, 317, 6, 1, 0, -1, -1, 1, 0.372289, 1.107733
4, 318, 1, 0, 1, 1, 1, 0, 0.316921, 0.000000
4, 319, 4, 3, 1, 1, 1, -1, 0.589166, 0.000000
4, 320, 3, 4, 1, 1, -1, -1, 0.524131, 0.000000
4, 321, 1, 6, 0, 1, -1, -1, 0.316961, 0.985891
4, 322, 2, 0, 1, 1, -1, 0, 0.658536, 0.014105
4, 323, 1, 4, 1, 3, 1, 1, 0.628695, 0.490276
4, 324, 4, 4, 0, -1, 1, -1, 0.370896, 0.727678
4, 325, 4, 0, 1, 1, -1, 0, 0.578165, 0.007617
4, 326, 5, 1, 1, 1, 1, 1, 0.443850, 0.000000
4, 327, 4, 1, 1, 1, -1, -1, 0.378216, 0.159994
4, 328, 6, 4, 1, -1, 1, -1, 0.783879, 0.542624
4, 329, 6, 0, 1, 1, 1, 0, 0.384072, 0.013856
4, 330, 1, 4, 1, 1, 1, 1, 0.399858, 0.007580
4, 331, 4, 6, 1, 1, 1, -1, 0.469984, 0.007566
4, 332, 1, 1, 1, 1, -1, -1, 0.418758, 0.000000
4, 333, 5, 2, 0, -1, 1, -1, 0.411016, 0.521338
4, 334, 5, 0, 1, 1, 1, 0, 0.404472, 0.060428
4, 335, 2, 6, 1, 1, 1, -1, 0.497182, 0.020855
4, 336, 6, 3, 1, 1, 1, 1, 0.501179, 0.020800
4, 337, 6, 0, 1, 1, 1, 0, 0.353064, 0.014357
4, 338, 5, 4, 1, 1, 1, 1, 0.466635, 0.014248
4, 339, 1, 0, 1, 1, 1, 0, 0.297373, 0.092260
4, 340, 3, 0, 1, 1, 1, 0, 0.350925, 0.033829
4, 341, 1, 4, 0, -1, -1, -1, 0.373052, 0.399158
4, 342, 6, 3, 1, 1, -1, -1, 0.522626, 0.013574
4, 343, 3, 5, 1, 1, 1, 1, 0.470257, 0.000000
4, 344, 3, 1, 1, 1, 1, -1, 0.490433, 0.291155
4, 345, 5, 3, 1, 1, -1, -1, 0.385998, 0.000000
4, 346, 6, 4, 1, 1, 1, 1, 0.391034, 0.053974
4, 347, 6, 2, 1, 1, 1, 1, 0.557051, 0.000000
4, 348, 6, 6, 1, 1, 1, -1, 0.358130, 0.766247
4, 349, 1, 5, 0, -1, -1, 1, 0.325649, 0.371149
4, 350, 6, 0, 1, 1, -1, 0, 0.472623, 0.638210
4, 351, 2, 2, 1, 1, 1, -1, 0.479596, 0.107380
4, 352, 4, 0, 0, 1, 1, 0, 0.365662, 1.165791
4, 353, 1, 4, 1, 1, 1, -1, 0.345034, 0.072846
4, 354, 3, 0, 1, 1, -1, 0, 0.506048, 0.000000
4, 355, 5, 0, 1, 1, -1, 0, 0.417009, 0.000000
4, 356, 3, 0, 1, 1, -1, 0, 0.534055, 0.020407
4, 357, 3, 3, 1, 1, 1, 1, 0.373861, 0.027662
4, 358, 2, 5, 1, 1, -1, -1, 0.550960, 0.000000
4, 359, 1, 0, 1, 1, -1, 0, 0.402906, 0.020780
4, 360, 4, 0, 1, 1, 1, 0, 0.532448, 0.000000
4, 361, 3, 2, 1, 1, 1, -1, 0.575798, 0.040638
4, 362, 5, 3, 1, 1, -1, 1, 0.417166, 0.014108
4, 363, 1, 1, 1, 1, 1, -1, 0.606186, 0.086575
4, 364, 6, 0, 1, 1, 1, 0, 0.450483, 0.007029
4, 365, 4, 2, 1, 1, 1, -1, 0.678314, 0.034097
4, 366, 5, 5, 1, 1, 1, -1, 0.371897, 0.000000
4, 367, 3, 3, 1, 1, -1, 1, 0.453829, 0.000000
4, 368, 5, 0, 1, 1, -1, 0, 0.432161, 0.000000
4, 369, 4, 5, 1, 1, 1, 1, 0.478374, 0.000000
4, 370, 3, 2, 1, 1, -1, 1, 0.554888, 0.000000
4, 371, 1, 0, 1, 1, 1, 0, 0.291515, 0.014137
4, 372, 5, 3, 1, 1, -1, -1, 0.412189, 0.146668
4, 373, 4, 0, 1, 1, -1, 0, 0.357895, 0.007500
4, 374, 6, 5, 1, 1, -1, -1, 0.548516, 0.046418
4, 375, 2, 2, 0, -1, -1, 1, 0.392843, 0.503098
4, 376, 5, 6, 1, 1, 1, 1, 0.437732, 0.066874
4, 377, 6, 2, 1, 1, 1, -1, 0.582705, 0.305783
4, 378, 5, 6, 1, 1, -1, -1, 0.464097, 0.073259
4, 379, 5, 1, 1, 1, 1, -1, 0.425670, 0.179291
4, 380, 4, 0, 1, 1, 1, 0, 0.384601, 0.635625
4, 381, 2, 0, 1, 1, 1, 0, 0.338067, 0.000000
4, 382, 3, 0, 1, 1, 1, 0, 0.354121, 0.014216
4, 383, 4, 0, 1, 1, 1, 0, 0.631981, 0.054255
4, 384, 4, 1, 0, -1, -1, 1, 0.398661, 0.516885
4, 385, 2, 0, 1, 1, 1, 0, 0.292221, 0.007598
4, 386, 2, 6, 1, 1, 1, 1, 0.442599, 0.040767
4, 387, 6, 3, 0, -1, -1, 1, 0.481550, 0.364047
4, 388, 4, 4, 1, 1, -1, -1, 0.446531, 0.000000
4, 389, 1, 0, 0, 1, -1, 0, 0.304384, 0.699709
4, 390, 5, 6, 1, 1, 1, -1, 0.756496, 0.053945
4, 391, 6, 6, 1, 1, -1, -1, 0.568313, 0.000000
4, 392, 5, 3, 1, 1, -1, 1, 0.529656, 0.000000
4, 393, 1, 6, 1, 1, 1, 1, 0.280824, 0.047688
4, 394, 1, 6, 1, 1, -1, 1, 0.547362, 0.000000
4, 395, 2, 1, 1, 1, -1, 1, 0.936881, 0.000000
4, 396, 5, 4, 1, 1, -1, 1, 0.426267, 0.000000
4, 397, 4, 0, 1, 1, 1, 0, 0.492155, 0.000000
4, 398, 3, 0, 1, 1, -1, 0, 0.437538, 0.073799
4, 399, 6, 0, 1, 1, 1, 0, 0.546923, 0.040564
4, 400, 3, 6, 1, 1, -1, -1, 0.700547, 0.000000
4, 401, 6, 1, 0, 1, 1, -1, 0.416027, 0.958811
4, 402, 2, 6, 1, 1, -1, 1, 0.583397, 0.000000
4, 403, 4, 0, 1, 1, -1, 0, 0.406637, 0.014192
4, 404, 2, 4, 1, 1, -1, -1, 0.509664, 0.000000
4, 405, 2, 3, 1, 1, 1, -1, 0.370064, 0.323913
4, 406, 1, 5, 1, 1, 1, -1, 0.370246, 0.000000
4, 407, 1, 0, 1, 1, -1, 0, 0.490745, 0.000000
4, 408, 3, 1, 1, 1, 1, -1, 0.596981, 0.000000
4, 409, 2, 5, 1, 1, -1, -1, 0.465501, 0.000000
4, 410, 2, 0, 1, 1, 1, 0, 0.472188, 0.000000
4, 411, 4, 0, 1, 1, 1, 0, 0.437361, 0.007633
4, 412, 6, 5, 1, 1, -1, 1, 0.658833, 0.000000
4, 413, 2, 2, 1, 1, -1, -1, 0.577810, 0.000000
4, 414, 2, 5, 1, 1, 1, 1, 0.489773, 2.234722
4, 415, 4, 5, 1, 1, -1, 1, 0.483649, 0.007501
4, 416, 5, 5, 0, -1, 1, 1, 0.426954, 0.697833
4, 417, 2, 1, 1, 1, -1, 1, 0.571432, 0.000000
4, 418, 4, 5, 1, 1, -1, -1, 0.431301, 0.046622
4, 419, 1, 0, 1, 1, -1, 0, 0.503723, 0.000000
4, 420, 5, 0, 1, 1, -1, 0, 0.344361, 0.007501
4, 421, 1, 5, 1, 1, 1, -1, 0.381402, 0.020782
4, 422, 1, 1, 1, 1, 1, -1, 0.582231, 0.000000
4, 423, 2, 0, 1, 1, -1, 0, 0.463446, 0.000000
4, 424, 5, 2, 1, 1, -1, -1, 0.384269, 0.000000
4, 425, 6, 0, 1, 1, -1, 0, 0.371167, 0.013807
4, 426, 5, 6, 1, 1, -1, -1, 0.529815, 0.000000
4, 427, 2, 0, 1, 1, -1, 0, 0.469914, 0.000000
4, 428, 4, 6, 1, 1, -1, 1, 0.299479, 0.099792
4, 429, 2, 0, 1, 1, 1, 0, 0.384084, 0.000000
4, 430, 2, 0, 1, 1, 1, 0, 0.363288, 0.007564
4, 431, 4, 3, 1, 1, -1, 1, 0.419168, 0.000000
4, 432, 3, 4, 1, 1, 1, -1, 0.512040, 0.292535
