observer, trial, targLoc, distLoc, targDiscrim, thoughtNoAttCap, tc, dc, RT, TrialTypeRT
3, 1, 5, 3, 1, 1, 1, -1, 1.296824, 2.963181
3, 2, 3, 0, 1, -1, 1, 0, 0.997226, 1.975623
3, 3, 2, 2, 1, -1, 1, -1, 0.778383, 1.168654
3, 4, 2, 0, 1, 1, 1, 0, 0.491907, 0.513144
3, 5, 3, 3, 1, 1, -1, -1, 0.543409, 0.479474
3, 7, 6, 0, 1, -1, -1, 0, 0.758386, 1.918355
3, 8, 1, 4, 1, -1, -1, -1, 0.626485, 1.361757
3, 9, 2, 6, 1, 1, -1, -1, 0.699146, 1.027085
3, 10, 1, 3, 1, 3, 1, 1, 0.667473, 0.000000
3, 11, 1, 5, 1, -1, 1, 1, 1.444909, 1.221221
3, 12, 3, 4, 0, 1, -1, -1, 0.790857, 2.158994
3, 13, 4, 3, 1, 1, -1, -1, 0.764799, 1.076008
3, 14, 4, 3, 1, 1, 1, -1, 0.740339, 1.066425
3, 15, 3, 0, 1, 1, -1, 0, 0.699930, 0.719479
3, 16, 3, 0, 1, 1, 1, 0, 0.846790, 0.393130
3, 17, 2, 0, 1, 1, -1, 0, 0.650146, 0.246567
3, 18, 6, 6, 1, -1, -1, 1, 0.690733, 0.685083
3, 19, 5, 0, 1, 1, -1, 0, 0.677066, 0.549192
3, 20, 1, 2, 1, -1, 1, -1, 1.297796, 0.708225
3, 21, 4, 0, 1, 1, 1, 0, 0.660727, 0.738453
3, 1, 2, 0, 1, -1, 1, 0, 0.719286, 0.845123
3, 2, 1, 0, 1, 1, 1, 0, 0.533449, 0.234625
3, 3, 5, 1, 1, 1, -1, -1, 0.553378, 0.220430
3, 4, 2, 3, 1, 3, 1, -1, 0.632869, 0.601982
3, 5, 2, 6, 1, 1, 1, 1, 1.260518, 0.514549
3, 6, 4, 6, 1, -1, -1, -1, 0.620489, 0.765532
3, 7, 4, 3, 1, 1, 1, 1, 0.725881, 0.344815
3, 8, 4, 1, 1, 1, 1, -1, 0.742248, 0.339881
3, 9, 2, 3, 1, -1, -1, -1, 0.783941, 0.744802
3, 10, 4, 3, 1, 1, 1, 1, 0.762397, 0.278954
3, 11, 2, 3, 1, -1, 1, 1, 0.518999, 0.634680
3, 12, 3, 4, 0, 1, 1, 1, 0.477811, 0.777840
3, 13, 6, 5, 1, -1, -1, 1, 1.262882, 0.529726
3, 14, 3, 3, 1, 1, -1, -1, 0.672801, 0.750158
3, 15, 2, 5, 1, -1, -1, 1, 0.639333, 0.638543
3, 16, 4, 0, 1, 1, 1, 0, 0.567833, 0.181111
3, 17, 5, 0, 1, 1, -1, 0, 0.498188, 0.220145
3, 18, 5, 2, 1, 1, -1, -1, 0.499355, 0.359133
3, 19, 4, 0, 1, 1, -1, 0, 0.394954, 0.361119
3, 20, 2, 4, 0, -1, -1, 1, 0.513963, 0.880883
3, 21, 6, 4, 0, -1, -1, -1, 1.027391, 1.087163
3, 22, 5, 5, 1, -1, 1, 1, 0.984761, 0.293672
3, 23, 1, 3, 1, -1, 1, -1, 0.871409, 0.433493
3, 24, 4, 3, 1, 1, -1, -1, 0.664925, 0.213840
3, 25, 1, 0, 1, 1, 1, 0, 0.501368, 0.300823
3, 26, 3, 0, 0, 1, 1, 0, 0.466038, 0.617859
3, 27, 5, 0, 1, 1, -1, 0, 0.447073, 0.298778
3, 28, 3, 0, 0, 1, 1, 0, 0.505320, 0.546865
3, 29, 4, 2, 1, 1, 1, -1, 0.673518, 0.260580
3, 30, 2, 0, 1, 1, -1, 0, 0.545119, 0.220509
3, 31, 5, 0, 1, 1, 1, 0, 0.433022, 0.240705
3, 32, 5, 6, 1, 1, 1, 1, 0.625348, 0.260998
3, 33, 6, 0, 1, 1, 1, 0, 0.700699, 0.239747
3, 34, 2, 4, 1, 1, -1, -1, 0.527755, 0.240335
3, 35, 3, 3, 1, 1, 1, 1, 0.544574, 0.300135
3, 36, 1, 0, 1, 1, -1, 0, 0.567135, 0.240530
3, 37, 1, 2, 1, 1, -1, -1, 0.514246, 0.266969
3, 38, 3, 2, 1, -1, -1, 1, 0.604760, 0.540297
3, 39, 3, 3, 1, -1, -1, 1, 0.532830, 0.472534
3, 40, 4, 2, 1, -1, 1, -1, 0.487299, 0.700520
3, 41, 2, 5, 1, 1, 1, 1, 0.584184, 0.233906
3, 42, 5, 2, 1, 1, -1, 1, 0.499923, 0.779092
3, 43, 1, 3, 0, 3, -1, -1, 0.480091, 0.000000
3, 44, 5, 3, 1, -1, -1, 1, 0.577704, 0.399712
3, 45, 3, 5, 1, 1, 1, 1, 0.718788, 1.182843
3, 46, 5, 0, 1, 1, 1, 0, 0.870354, 0.505871
3, 47, 1, 0, 1, 1, 1, 0, 0.454277, 0.280726
3, 48, 3, 2, 1, 1, -1, -1, 0.486089, 0.286734
3, 49, 6, 3, 1, 1, -1, -1, 0.612150, 0.466485
3, 50, 3, 0, 1, 1, -1, 0, 0.596796, 0.477732
3, 51, 3, 0, 1, 1, 1, 0, 0.527097, 0.280428
3, 52, 4, 4, 1, -1, -1, 1, 0.599539, 0.246438
3, 53, 2, 5, 1, 1, 1, 1, 0.358766, 0.697887
3, 54, 3, 0, 1, 1, -1, 0, 0.913318, 0.273493
3, 55, 3, 1, 1, -1, -1, -1, 1.407211, 0.372819
3, 56, 5, 0, 1, 1, -1, 0, 0.926059, 1.131505
3, 57, 1, 0, 0, -1, -1, 0, 0.441393, 0.708741
3, 58, 4, 0, 1, 1, -1, 0, 0.613284, 0.233901
3, 59, 5, 1, 1, -1, 1, 1, 0.611774, 0.644519
3, 60, 2, 0, 1, 1, -1, 0, 0.627707, 0.895481
3, 61, 1, 0, 1, 1, 1, 0, 0.612068, 0.173843
3, 62, 1, 4, 1, -1, -1, -1, 1.459297, 0.446828
3, 63, 1, 0, 1, 1, -1, 0, 0.602655, 0.705073
3, 64, 4, 3, 1, 1, 1, -1, 1.092154, 1.397109
3, 65, 1, 3, 1, 1, 1, 1, 0.419624, 0.233478
3, 66, 5, 3, 1, 1, 1, -1, 0.692814, 0.887513
3, 67, 6, 5, 1, -1, 1, -1, 1.177342, 0.454294
3, 68, 5, 1, 1, -1, 1, -1, 0.628717, 0.814463
3, 69, 2, 0, 1, 1, -1, 0, 0.658593, 0.247265
3, 70, 4, 6, 1, 1, 1, -1, 0.588056, 0.240884
3, 71, 1, 1, 1, 1, -1, 1, 0.568726, 0.360080
3, 72, 5, 0, 1, -1, 1, 0, 0.459746, 0.353585
3, 73, 6, 2, 1, 1, -1, 1, 0.754589, 0.473618
3, 74, 2, 0, 1, 1, -1, 0, 0.677891, 0.426374
3, 75, 4, 6, 1, 1, -1, 1, 0.665310, 0.366502
3, 76, 5, 5, 1, 1, -1, -1, 0.620170, 0.364373
3, 77, 4, 5, 1, 1, -1, 1, 0.539399, 0.300130
3, 78, 3, 0, 1, 1, 1, 0, 0.614799, 0.280467
3, 79, 5, 0, 1, 1, -1, 0, 0.380287, 0.273478
3, 80, 1, 3, 0, -1, -1, 1, 0.650000, 0.832580
3, 82, 2, 0, 1, -1, 1, 0, 1.149924, 2.026807
3, 83, 3, 0, 1, 1, -1, 0, 0.413497, 0.666415
3, 84, 1, 1, 1, -1, -1, -1, 0.579812, 0.765229
3, 85, 3, 2, 1, -1, 1, -1, 0.617644, 0.274009
3, 86, 5, 0, 1, 1, -1, 0, 0.588822, 0.253661
3, 87, 4, 1, 1, 3, -1, -1, 0.913079, 0.443674
3, 88, 3, 6, 1, 1, 1, 1, 0.584366, 0.991644
3, 89, 4, 6, 1, 1, 1, -1, 0.639072, 0.447349
3, 90, 3, 0, 0, 1, 1, 0, 0.726433, 0.672376
3, 91, 1, 0, 1, 1, 1, 0, 0.924794, 0.875654
3, 92, 4, 2, 1, 1, -1, -1, 0.664915, 0.458203
3, 93, 3, 0, 1, 1, -1, 0, 0.606347, 0.347262
3, 94, 3, 5, 1, 1, -1, -1, 0.524736, 0.479473
3, 95, 6, 2, 1, -1, 1, 1, 0.600875, 0.339665
3, 96, 5, 1, 1, 1, -1, 1, 0.604419, 1.276813
3, 97, 6, 1, 1, -1, 1, -1, 0.671811, 0.565068
3, 98, 2, 0, 1, 1, 1, 0, 0.647961, 0.312555
3, 99, 6, 0, 1, 1, 1, 0, 0.595079, 0.327018
3, 100, 4, 6, 1, -1, 1, 1, 1.351770, 0.397506
3, 101, 6, 5, 1, -1, -1, -1, 1.129792, 0.186471
3, 102, 4, 5, 1, -1, 1, -1, 0.916914, 1.167903
3, 103, 1, 5, 1, 1, 1, -1, 0.652384, 0.664428
3, 104, 5, 0, 1, 1, 1, 0, 0.526662, 0.273974
3, 105, 4, 4, 1, 1, -1, -1, 0.560239, 0.338211
3, 106, 4, 4, 1, 1, 1, 1, 0.471458, 0.340547
3, 107, 2, 5, 1, -1, -1, -1, 0.666068, 0.326880
3, 108, 5, 6, 1, -1, 1, -1, 0.751490, 0.366356
3, 109, 5, 3, 1, 1, 1, 1, 0.679784, 0.159950
3, 110, 2, 4, 1, 1, 1, -1, 0.532244, 0.180003
3, 111, 2, 1, 1, 1, 1, -1, 0.479408, 0.093033
3, 112, 3, 4, 1, 1, -1, -1, 0.572735, 0.120712
3, 113, 6, 0, 1, 1, -1, 0, 0.695920, 0.060635
3, 114, 5, 3, 1, 1, -1, -1, 0.466591, 0.014242
3, 115, 3, 6, 1, -1, -1, -1, 1.305755, 1.465947
3, 116, 2, 6, 1, 1, 1, 1, 0.578857, 0.179205
3, 117, 5, 2, 1, 1, -1, 1, 0.472187, 0.141698
3, 118, 6, 4, 1, -1, -1, 1, 1.134414, 0.832260
3, 119, 5, 0, 1, 1, -1, 0, 0.517786, 0.160161
3, 120, 6, 0, 1, 1, 1, 0, 0.639780, 0.214769
3, 121, 1, 0, 1, 1, 1, 0, 0.673970, 0.247376
3, 122, 4, 0, 1, 1, -1, 0, 0.605491, 0.121027
3, 123, 6, 5, 1, -1, 1, 1, 0.559321, 0.486071
3, 124, 6, 5, 0, -1, -1, 1, 0.484602, 0.702616
3, 125, 2, 3, 1, 1, -1, 1, 0.732624, 0.713483
3, 126, 4, 3, 1, 1, -1, 1, 0.538126, 0.292184
3, 127, 6, 4, 1, 1, 1, 1, 0.618907, 0.421974
3, 128, 6, 1, 1, 1, -1, 1, 0.473012, 0.372539
3, 129, 2, 4, 1, -1, 1, -1, 1.159202, 0.240773
3, 130, 3, 5, 1, 1, -1, 1, 0.666659, 0.161271
3, 131, 6, 3, 1, 1, 1, 1, 0.692049, 0.141206
3, 132, 2, 6, 1, 1, 1, -1, 0.460945, 0.254264
3, 133, 4, 0, 1, 1, 1, 0, 0.453298, 0.225809
3, 134, 4, 2, 1, 1, -1, 1, 0.487930, 0.047522
3, 135, 1, 0, 1, 1, -1, 0, 0.492732, 0.007625
3, 136, 3, 6, 1, 1, -1, 1, 0.520320, 0.040829
3, 137, 6, 0, 1, 1, -1, 0, 0.572921, 0.014205
3, 138, 1, 0, 1, 1, 1, 0, 0.518999, 0.007582
3, 139, 3, 2, 1, 1, 1, 1, 0.544953, 0.000000
3, 140, 3, 5, 0, -1, 1, -1, 0.579260, 0.585608
3, 141, 6, 3, 1, -1, -1, -1, 1.367679, 0.559988
3, 142, 1, 0, 1, 1, 1, 0, 0.454448, 0.000000
3, 143, 6, 0, 1, 1, -1, 0, 0.474251, 0.067722
3, 144, 2, 6, 1, 1, -1, 1, 0.592491, 0.113971
3, 145, 5, 0, 1, 1, 1, 0, 0.502551, 0.181470
3, 146, 3, 0, 1, 1, -1, 0, 0.485466, 0.174626
3, 147, 3, 4, 1, 1, 1, 1, 0.520147, 0.074299
3, 148, 1, 3, 1, -1, 1, -1, 0.713001, 0.537796
3, 149, 2, 0, 1, 1, -1, 0, 1.309311, 0.685854
3, 150, 6, 0, 1, 1, -1, 0, 0.693297, 0.040881
3, 151, 6, 2, 1, -1, 1, 1, 0.940830, 0.247654
3, 152, 1, 5, 1, -1, 1, -1, 0.851009, 0.358912
3, 153, 4, 0, 1, 1, 1, 0, 0.624516, 0.166579
3, 154, 3, 3, 1, 1, 1, -1, 0.540742, 0.100881
3, 155, 6, 0, 1, 1, 1, 0, 0.397307, 0.000000
3, 156, 2, 5, 1, -1, 1, -1, 0.819408, 0.206172
3, 157, 3, 0, 1, 1, 1, 0, 0.385377, 0.034193
3, 158, 5, 3, 1, 1, 1, -1, 0.580230, 0.053790
3, 159, 4, 1, 1, 1, -1, 1, 0.627544, 0.014363
3, 160, 6, 6, 0, -1, -1, -1, 0.406527, 0.514769
3, 161, 5, 0, 1, 1, -1, 0, 0.425986, 0.831009
3, 162, 6, 2, 1, 1, 1, -1, 0.719136, 0.000000
3, 163, 1, 3, 1, 1, -1, -1, 0.706288, 0.000000
3, 164, 2, 2, 1, -1, 1, -1, 0.551979, 0.419167
3, 165, 4, 0, 1, 1, 1, 0, 0.572847, 0.000000
3, 166, 2, 0, 1, 1, -1, 0, 0.672332, 0.033817
3, 167, 4, 4, 1, 1, 1, -1, 0.567241, 0.000000
3, 168, 3, 0, 1, 1, 1, 0, 0.414116, 0.000000
3, 169, 4, 4, 1, 1, 1, -1, 0.457475, 0.041130
3, 170, 4, 0, 1, 1, 1, 0, 0.378367, 0.000000
3, 171, 2, 6, 1, 1, -1, 1, 0.625089, 0.000000
3, 172, 3, 1, 1, 1, 1, 1, 0.525120, 0.000000
3, 173, 3, 0, 1, 1, -1, 0, 0.650342, 0.094498
3, 174, 4, 6, 1, -1, 1, 1, 0.887489, 0.261739
3, 175, 3, 5, 1, 1, -1, 1, 0.598901, 0.280101
3, 176, 4, 5, 1, 1, 1, 1, 0.598117, 0.332703
3, 177, 5, 4, 1, -1, 1, -1, 0.527261, 0.647044
3, 178, 5, 4, 1, -1, -1, -1, 0.877722, 0.179680
3, 179, 2, 2, 1, 1, 1, 1, 0.439120, 0.445350
3, 180, 4, 0, 1, -1, 1, 0, 1.016382, 0.193966
3, 181, 3, 4, 1, 1, -1, 1, 0.565460, 0.360354
3, 182, 1, 0, 1, -1, -1, 0, 0.691799, 0.525664
3, 184, 1, 1, 1, -1, 1, -1, 0.692318, 0.626311
3, 185, 2, 0, 1, 1, 1, 0, 0.412287, 0.100446
3, 186, 6, 1, 1, -1, 1, -1, 0.666311, 0.779655
3, 187, 5, 0, 1, 1, 1, 0, 0.498725, 0.212782
3, 188, 1, 4, 1, -1, 1, 1, 1.296116, 0.225689
3, 189, 4, 0, 1, 1, -1, 0, 0.461823, 0.472227
3, 190, 4, 0, 1, -1, 1, 0, 0.565268, 0.606977
3, 191, 1, 6, 1, -1, -1, -1, 1.043201, 0.346874
3, 192, 5, 0, 1, 1, 1, 0, 0.545829, 0.060988
3, 193, 5, 5, 1, -1, 1, 1, 0.621259, 0.332588
3, 194, 1, 5, 1, 1, -1, 1, 0.571855, 0.000000
3, 195, 6, 0, 1, 1, -1, 0, 0.551351, 0.000000
3, 196, 3, 0, 1, 1, -1, 0, 0.460032, 0.000000
3, 197, 5, 2, 1, -1, 1, -1, 0.625771, 0.140371
3, 198, 4, 3, 1, 1, 1, -1, 0.459291, 0.000000
3, 199, 6, 2, 1, -1, -1, 1, 0.544707, 0.206728
3, 200, 4, 6, 1, -1, -1, -1, 0.921011, 0.384451
3, 201, 3, 4, 1, 1, 1, -1, 0.467658, 0.000000
3, 202, 6, 6, 1, -1, -1, 1, 0.706585, 0.086510
3, 203, 6, 0, 1, -1, -1, 0, 0.541795, 0.280061
3, 204, 4, 2, 1, -1, 1, 1, 0.561206, 0.387393
3, 205, 1, 2, 1, -1, 1, -1, 1.067065, 0.241079
3, 206, 2, 1, 1, -1, 1, 1, 0.506753, 0.300699
3, 207, 3, 0, 1, -1, 1, 0, 0.394171, 0.220193
3, 208, 2, 1, 1, -1, -1, -1, 0.877288, 0.179818
3, 209, 3, 1, 1, -1, -1, 1, 0.997920, 0.193672
3, 210, 3, 1, 1, -1, -1, -1, 0.603458, 0.147050
3, 211, 1, 0, 1, 1, 1, 0, 0.550011, 0.160674
3, 212, 6, 1, 1, 1, -1, -1, 0.493811, 0.311211
3, 213, 4, 5, 1, 1, -1, 1, 0.607246, 0.040423
3, 214, 1, 6, 1, -1, 1, 1, 0.599170, 0.253027
3, 215, 4, 5, 0, -1, 1, 1, 0.477074, 0.550543
3, 216, 6, 0, 1, 1, 1, 0, 0.612397, 0.439155
3, 217, 3, 5, 1, 1, 1, 1, 0.491867, 0.047840
3, 218, 6, 6, 1, -1, 1, -1, 0.504372, 0.146529
3, 219, 5, 4, 1, 1, -1, 1, 0.499780, 0.047636
3, 220, 4, 0, 0, -1, 1, 0, 0.413312, 0.546447
3, 221, 5, 2, 1, 1, 1, 1, 0.639788, 0.000000
3, 222, 4, 6, 1, 1, -1, 1, 0.532652, 0.586593
3, 223, 2, 6, 1, 1, 1, -1, 0.498907, 0.053424
3, 224, 3, 1, 1, 1, 1, -1, 0.418966, 0.060675
3, 225, 5, 6, 1, 1, 1, 1, 0.513323, 0.014314
3, 226, 5, 0, 1, 1, -1, 0, 0.605116, 0.000000
3, 227, 6, 5, 1, -1, -1, -1, 0.890307, 0.027484
3, 228, 1, 2, 1, 1, -1, 1, 0.634134, 0.174104
3, 229, 4, 0, 1, 1, -1, 0, 0.618050, 0.013684
3, 230, 5, 3, 1, 1, -1, 1, 0.484725, 0.000000
3, 231, 2, 0, 1, 1, 1, 0, 0.385309, 0.000000
3, 232, 5, 4, 1, 1, -1, -1, 0.438675, 0.000000
3, 233, 4, 4, 1, 1, -1, -1, 0.406016, 0.000000
3, 234, 2, 0, 1, 1, 1, 0, 0.447169, 0.000000
3, 235, 5, 6, 1, 1, -1, -1, 0.318600, 0.014273
3, 236, 5, 4, 1, 1, -1, 1, 0.346137, 0.000000
3, 237, 6, 6, 1, 1, 1, 1, 0.431602, 0.000000
3, 238, 2, 0, 1, 1, 1, 0, 0.346526, 0.000000
3, 239, 3, 0, 1, 1, -1, 0, 0.447809, 0.060797
3, 240, 5, 0, 1, 1, 1, 0, 0.435981, 0.332032
3, 241, 3, 3, 1, 1, -1, 1, 0.508186, 0.014292
3, 242, 3, 3, 1, -1, 1, 1, 0.666299, 0.159511
3, 243, 2, 0, 1, 1, -1, 0, 0.519562, 0.054286
3, 244, 5, 3, 1, 1, 1, 1, 0.500660, 0.107556
3, 245, 4, 5, 1, 1, 1, -1, 0.611798, 0.000000
3, 246, 5, 1, 1, 1, 1, -1, 0.439796, 0.034218
3, 247, 1, 1, 1, -1, -1, 1, 0.858331, 0.246813
3, 248, 1, 5, 1, 1, -1, -1, 0.692526, 0.073325
3, 249, 6, 4, 1, -1, -1, 1, 0.551926, 0.194484
3, 250, 2, 2, 1, 1, 1, -1, 0.552717, 0.094333
3, 251, 6, 0, 1, 1, 1, 0, 0.445568, 0.000000
3, 252, 1, 6, 1, 1, -1, -1, 0.561073, 0.087347
3, 253, 2, 3, 1, 1, 1, -1, 0.406358, 0.000000
3, 254, 4, 2, 1, 1, -1, 1, 0.371257, 0.000000
3, 255, 6, 0, 1, 1, -1, 0, 0.460145, 0.000000
3, 256, 2, 4, 1, -1, 1, 1, 0.754014, 0.141093
3, 257, 5, 4, 0, -1, 1, -1, 0.441390, 0.735258
3, 258, 4, 0, 1, 1, 1, 0, 0.520638, 0.054085
3, 259, 4, 4, 1, 1, -1, 1, 0.524141, 0.598184
3, 260, 2, 4, 1, 1, 1, 1, 0.545669, 0.027490
3, 261, 3, 4, 1, 1, 1, -1, 0.440184, 0.014370
3, 262, 5, 5, 1, 1, 1, -1, 0.634956, 0.387155
3, 263, 2, 1, 1, 1, 1, 1, 0.347824, 0.000000
3, 264, 5, 2, 1, 1, 1, 1, 0.547101, 0.027787
3, 265, 3, 6, 1, 1, -1, 1, 0.627231, 0.000000
3, 266, 3, 2, 1, -1, 1, -1, 0.927104, 0.067832
3, 267, 6, 1, 1, 1, -1, -1, 0.480100, 0.663117
3, 268, 6, 0, 1, 1, 1, 0, 0.438687, 0.000000
3, 269, 5, 0, 1, 3, 1, 0, 0.433908, 0.000000
3, 270, 2, 2, 0, -1, -1, 1, 0.421271, 0.740763
3, 271, 1, 0, 1, 1, 1, 0, 0.512645, 0.000000
3, 272, 6, 3, 1, 1, -1, 1, 0.594143, 0.000000
3, 273, 2, 0, 1, 1, 1, 0, 0.572177, 0.000000
3, 274, 1, 0, 1, 1, 1, 0, 0.430688, 0.000000
3, 275, 6, 3, 0, -1, 1, -1, 0.407768, 0.447276
3, 276, 2, 1, 1, 1, 1, -1, 0.401027, 0.000000
3, 277, 5, 6, 1, 1, -1, 1, 0.474561, 0.014329
3, 278, 5, 6, 1, -1, 1, -1, 0.465856, 0.246123
3, 279, 2, 2, 1, -1, 1, 1, 0.834488, 0.054308
3, 280, 1, 4, 1, -1, -1, -1, 0.742412, 0.094059
3, 281, 1, 2, 1, -1, 1, -1, 0.586523, 1.060274
3, 282, 2, 2, 1, 1, -1, -1, 0.648199, 0.054236
3, 283, 2, 1, 1, 1, -1, 1, 0.500334, 0.000000
3, 284, 4, 5, 1, 1, -1, -1, 0.419632, 0.000000
3, 285, 2, 1, 1, 1, -1, -1, 0.413091, 0.047447
3, 286, 2, 2, 1, 1, -1, -1, 0.440478, 0.047264
3, 287, 6, 2, 1, 1, -1, -1, 0.738670, 0.047588
3, 288, 2, 0, 1, 1, -1, 0, 0.477871, 0.000000
3, 289, 1, 0, 1, 1, -1, 0, 0.365424, 0.000000
3, 290, 3, 6, 0, -1, 1, -1, 0.467468, 0.532001
3, 291, 1, 0, 1, 1, -1, 0, 0.419660, 0.034184
3, 292, 2, 0, 1, 1, -1, 0, 0.413982, 0.000000
3, 293, 1, 0, 1, 1, -1, 0, 0.447203, 0.020928
3, 294, 6, 0, 1, 1, -1, 0, 0.426663, 0.000000
3, 295, 6, 4, 1, -1, 1, 1, 0.546508, 0.206753
3, 296, 1, 6, 1, -1, 1, 1, 0.916073, 0.000000
3, 297, 1, 5, 1, 1, 1, 1, 0.479550, 0.000000
3, 298, 1, 6, 1, 1, 1, -1, 0.480834, 0.000000
3, 299, 4, 0, 1, 1, 1, 0, 0.600507, 0.000000
3, 300, 2, 4, 1, 1, -1, -1, 0.557219, 0.000000
3, 301, 1, 4, 1, -1, 1, -1, 0.626253, 0.167073
3, 302, 1, 0, 1, 1, -1, 0, 0.406034, 0.000000
3, 303, 5, 0, 1, 1, -1, 0, 0.360171, 0.007692
3, 304, 6, 5, 1, 1, 1, -1, 0.465046, 0.000000
3, 305, 3, 0, 1, 1, 1, 0, 0.459567, 0.000000
3, 306, 4, 0, 1, 1, -1, 0, 0.431659, 0.000000
3, 307, 3, 6, 1, 1, 1, -1, 0.566805, 0.000000
3, 308, 6, 2, 1, -1, -1, -1, 0.785634, 0.113559
3, 309, 3, 4, 0, -1, -1, 1, 0.499120, 0.399038
3, 310, 4, 0, 1, 1, -1, 0, 0.506994, 0.000000
3, 311, 6, 0, 1, 1, 1, 0, 0.406539, 0.000000
3, 312, 4, 3, 1, 1, -1, -1, 0.454816, 0.000000
3, 313, 5, 1, 1, 1, -1, -1, 0.480729, 0.000000
3, 314, 3, 0, 1, 1, -1, 0, 0.432442, 0.000000
3, 315, 6, 4, 1, 1, -1, -1, 0.558902, 0.000000
3, 316, 1, 5, 1, -1, -1, -1, 0.498712, 0.139578
3, 317, 4, 5, 1, 1, -1, -1, 0.493975, 0.000000
3, 318, 4, 0, 1, -1, 1, 0, 0.502054, 0.000000
3, 319, 5, 2, 1, -1, -1, -1, 0.937429, 0.246174
3, 320, 3, 0, 1, 1, -1, 0, 0.439729, 0.000000
3, 321, 2, 0, 1, 1, -1, 0, 0.506227, 0.007604
3, 322, 1, 6, 1, 1, -1, 1, 0.400561, 0.000000
3, 323, 6, 0, 0, -1, 1, 0, 0.465855, 0.531922
3, 324, 4, 2, 1, 1, 1, 1, 0.681574, 0.141656
3, 325, 2, 3, 1, -1, -1, -1, 1.345867, 0.073534
3, 326, 5, 4, 1, 1, 1, 1, 0.479719, 0.324589
3, 327, 3, 2, 1, 1, -1, -1, 0.685207, 0.039708
3, 328, 3, 0, 1, 1, -1, 0, 0.401893, 0.000000
3, 329, 5, 6, 1, 1, -1, 1, 0.494022, 0.034245
3, 330, 6, 1, 1, 1, 1, 1, 0.559297, 0.000000
3, 331, 1, 4, 1, 1, -1, 1, 0.487162, 0.000000
3, 332, 4, 0, 1, 1, -1, 0, 0.508539, 0.000000
3, 333, 6, 0, 1, 3, 1, 0, 0.446897, 0.000000
3, 334, 1, 4, 1, -1, -1, 1, 0.526421, 0.171724
3, 335, 6, 6, 1, -1, -1, 1, 0.540387, 0.141406
3, 336, 1, 6, 1, -1, -1, 1, 0.579374, 0.020904
3, 337, 2, 0, 1, 1, -1, 0, 0.511215, 0.452353
3, 338, 4, 4, 1, 1, 1, 1, 0.454296, 0.000000
3, 339, 3, 3, 1, 1, 1, -1, 0.762846, 0.000000
3, 340, 1, 2, 1, 1, -1, 1, 0.459763, 0.054392
3, 341, 2, 0, 1, 1, 1, 0, 0.374170, 0.047727
3, 342, 6, 0, 1, 1, 1, 0, 0.467622, 0.000000
3, 343, 6, 0, 1, 1, -1, 0, 0.405322, 0.000000
3, 344, 2, 6, 1, 1, -1, -1, 0.464748, 0.054243
3, 345, 6, 0, 1, 1, 1, 0, 0.452396, 0.000000
3, 346, 2, 3, 1, 1, 1, 1, 0.385814, 0.000000
3, 347, 2, 5, 1, 1, -1, 1, 0.520228, 0.000000
3, 348, 6, 4, 1, -1, 1, -1, 0.606491, 0.034416
3, 349, 2, 0, 1, 1, -1, 0, 0.380659, 0.000000
3, 350, 2, 6, 1, 1, -1, -1, 0.407363, 0.000000
3, 351, 4, 3, 1, 1, -1, 1, 0.545382, 0.000000
3, 352, 1, 6, 1, -1, 1, -1, 0.524889, 0.000000
3, 353, 1, 4, 1, -1, 1, -1, 0.459593, 0.000000
3, 354, 6, 1, 1, 1, -1, 1, 0.453194, 0.000000
3, 355, 6, 1, 1, 1, 1, 1, 0.553635, 0.267408
3, 356, 2, 0, 1, 1, 1, 0, 0.405868, 0.000000
3, 357, 3, 6, 1, 1, 1, 1, 0.425611, 0.000000
3, 358, 3, 0, 1, 1, 1, 0, 0.379833, 0.000000
3, 359, 1, 0, 1, -1, -1, 0, 0.610316, 0.293195
3, 360, 3, 1, 1, 1, 1, 1, 0.617808, 0.033911
3, 361, 3, 0, 1, 1, 1, 0, 0.459622, 0.000000
3, 362, 5, 0, 1, 1, 1, 0, 0.559400, 0.000000
3, 363, 3, 6, 1, 1, -1, -1, 0.413684, 0.014322
3, 364, 5, 4, 1, -1, 1, 1, 0.633459, 0.140052
3, 365, 4, 1, 1, 1, 1, 1, 0.445654, 0.000000
3, 366, 3, 4, 1, 1, -1, -1, 0.445757, 0.000000
3, 367, 5, 1, 1, 1, 1, 1, 0.513626, 0.000000
3, 368, 3, 1, 1, 1, 1, -1, 0.559436, 0.000000
3, 369, 3, 3, 1, 1, -1, -1, 0.570527, 0.000000
3, 370, 1, 2, 1, 1, 1, 1, 0.647109, 0.406972
3, 371, 6, 3, 1, -1, 1, -1, 0.955404, 0.081400
3, 372, 5, 5, 1, 1, -1, -1, 0.519618, 0.100940
3, 373, 6, 3, 1, 1, -1, 1, 0.453173, 0.426411
3, 374, 6, 6, 1, -1, 1, 1, 1.093156, 0.074409
3, 375, 3, 0, 1, 1, 1, 0, 0.639445, 0.430757
3, 376, 4, 0, 1, 1, 1, 0, 0.548458, 0.107768
3, 377, 5, 0, 1, 1, 1, 0, 0.446599, 0.079973
3, 378, 4, 0, 1, 1, -1, 0, 0.659792, 0.154247
3, 379, 5, 6, 1, -1, -1, -1, 0.597963, 0.080950
3, 380, 1, 3, 1, -1, -1, 1, 0.727590, 0.027891
3, 381, 3, 2, 1, -1, 1, 1, 0.693947, 0.021001
3, 382, 5, 0, 1, 1, -1, 0, 0.463634, 0.199937
3, 383, 5, 5, 1, 1, -1, 1, 0.440638, 0.000000
3, 384, 2, 4, 1, -1, -1, 1, 0.680508, 0.060761
3, 385, 3, 1, 1, -1, -1, 1, 0.513383, 0.379856
3, 386, 1, 0, 1, 1, 1, 0, 0.481873, 0.227646
3, 387, 1, 1, 1, 1, 1, 1, 0.546593, 0.419612
3, 388, 4, 1, 1, 1, -1, -1, 0.531648, 0.020955
3, 389, 4, 1, 1, 1, 1, 1, 0.399837, 0.100983
3, 390, 1, 5, 1, 1, -1, 1, 0.434042, 0.106054
3, 391, 1, 2, 1, 1, -1, -1, 0.440948, 0.119939
3, 392, 6, 0, 1, 1, -1, 0, 0.435031, 0.127546
3, 393, 1, 1, 1, 1, -1, -1, 0.447121, 0.094233
3, 394, 1, 1, 1, 1, 1, -1, 0.508209, 0.120413
3, 395, 2, 3, 1, 1, -1, 1, 0.540650, 0.201230
3, 396, 3, 5, 1, -1, 1, -1, 0.653446, 0.194317
3, 397, 6, 0, 1, 1, -1, 0, 0.546753, 0.246865
3, 398, 1, 0, 1, 1, -1, 0, 0.447104, 0.273958
3, 399, 2, 2, 1, 1, -1, 1, 0.507241, 0.539197
3, 400, 1, 2, 1, 1, 1, 1, 1.105670, 0.668395
3, 401, 5, 2, 1, 1, 1, -1, 0.533312, 0.000000
3, 402, 4, 0, 1, 1, -1, 0, 0.468282, 0.000000
3, 403, 5, 3, 1, 1, -1, -1, 0.453120, 0.000000
3, 404, 4, 1, 1, -1, -1, 1, 0.777922, 0.201148
3, 405, 2, 0, 1, 1, 1, 0, 0.427481, 0.047348
3, 406, 2, 5, 1, 1, 1, -1, 0.399707, 0.014202
3, 407, 1, 5, 1, -1, 1, 1, 0.559612, 0.227301
3, 408, 6, 6, 1, -1, 1, -1, 0.406872, 0.120974
3, 409, 1, 0, 1, 1, -1, 0, 0.499890, 0.174811
3, 410, 6, 0, 1, 1, -1, 0, 0.477708, 0.000000
3, 411, 3, 5, 1, 1, -1, -1, 0.573856, 0.000000
3, 412, 6, 3, 1, 1, 1, 1, 0.581417, 0.000000
3, 413, 5, 0, 1, 1, -1, 0, 0.406862, 0.014242
3, 414, 5, 5, 1, 1, -1, 1, 0.477932, 0.000000
3, 415, 5, 1, 1, 1, -1, 1, 0.451590, 0.000000
3, 416, 4, 1, 1, -1, 1, -1, 0.612637, 0.121629
3, 417, 5, 0, 1, 1, -1, 0, 0.485086, 0.140857
3, 418, 1, 3, 1, -1, 1, 1, 0.421228, 0.060276
3, 419, 6, 5, 1, -1, 1, 1, 0.737081, 0.000000
3, 420, 6, 2, 1, 1, 1, -1, 0.460324, 0.040823
3, 421, 2, 5, 1, 1, -1, -1, 0.599747, 0.200384
3, 422, 4, 2, 1, 1, -1, -1, 0.532369, 0.007599
3, 423, 1, 1, 1, 1, 1, 1, 0.572114, 0.007587
3, 424, 3, 0, 1, 1, -1, 0, 0.553304, 0.014376
3, 425, 6, 6, 1, -1, -1, -1, 0.573269, 0.074656
3, 426, 4, 0, 1, 1, -1, 0, 0.620329, 0.047436
3, 427, 2, 0, 1, 1, 1, 0, 0.472616, 0.000000
3, 428, 2, 1, 1, 1, -1, 1, 0.626214, 0.000000
3, 429, 5, 5, 1, 1, 1, -1, 0.606652, 0.000000
3, 430, 5, 0, 1, 1, 1, 0, 0.419843, 0.000000
3, 431, 1, 4, 1, 1, 1, 1, 0.492754, 0.000000
3, 432, 4, 0, 1, 1, -1, 0, 0.411360, 0.496067
3, 433, 6, 4, 1, -1, 1, -1, 0.492828, 0.000000
3, 434, 3, 2, 1, -1, -1, 1, 0.519629, 0.054389
