observer, trial, targLoc, distLoc, targDiscrim, thoughtNoAttCap, tc, dc, RT, TrialTypeRT
5, 1, 3, 0, 0, 1, 1, 0, 0.576549, 6.172809
5, 2, 6, 0, 0, 1, 1, 0, 1.056244, 1.679646
5, 3, 6, 2, 0, -1, -1, 1, 0.808585, 5.381520
5, 4, 6, 4, 1, -1, -1, 1, 1.270616, 1.696519
5, 5, 3, 0, 0, -1, -1, 0, 0.763001, 2.074641
5, 6, 1, 6, 1, 1, -1, 1, 0.619171, 1.329144
5, 7, 6, 5, 0, -1, 1, -1, 0.758015, 1.663291
5, 8, 5, 3, 0, 3, 1, -1, 1.225296, 1.765413
5, 9, 5, 6, 0, 1, 1, -1, 0.759708, 2.262049
5, 10, 5, 0, 1, 1, -1, 0, 0.512863, 1.110440
5, 11, 5, 0, 1, -1, 1, 0, 0.797336, 1.868280
5, 12, 5, 4, 1, -1, 1, 1, 0.863829, 1.653672
5, 13, 5, 1, 1, -1, 1, -1, 0.823763, 1.437701
5, 14, 2, 4, 0, -1, 1, 1, 0.525408, 0.887070
5, 15, 4, 2, 1, 1, -1, -1, 0.836478, 1.223565
5, 16, 4, 6, 1, -1, -1, 1, 0.781012, 1.714376
5, 17, 2, 3, 0, 1, 1, -1, 0.656874, 1.524560
5, 18, 6, 4, 0, -1, 1, -1, 0.948908, 1.161494
5, 19, 4, 6, 1, 1, -1, -1, 0.598156, 0.935919
5, 20, 6, 3, 0, -1, -1, 1, 0.784044, 1.256053
5, 2, 5, 0, 1, -1, 1, 0, 0.598924, 1.040864
5, 3, 3, 6, 1, -1, 1, -1, 1.244377, 0.596901
5, 4, 1, 4, 1, -1, 1, 1, 0.724981, 1.793992
5, 5, 1, 3, 0, 3, 1, 1, 0.586386, 1.469092
5, 6, 1, 4, 0, 3, 1, -1, 0.663813, 1.176108
5, 7, 3, 2, 0, 3, -1, 1, 1.012166, 0.000000
5, 8, 5, 2, 1, -1, -1, -1, 1.257412, 1.375893
5, 9, 4, 4, 1, -1, 1, 1, 0.737120, 0.398816
5, 10, 4, 0, 1, -1, -1, 0, 1.385494, 2.673678
5, 11, 2, 2, 1, 1, 1, 1, 0.823735, 1.202831
5, 12, 1, 2, 1, -1, 1, 1, 0.725964, 0.651650
5, 13, 2, 2, 0, 3, 1, -1, 0.710416, 0.552999
5, 14, 5, 5, 1, 3, -1, 1, 0.591932, 0.658188
5, 15, 5, 6, 1, 3, -1, -1, 0.419794, 0.500343
5, 16, 5, 4, 1, 1, -1, 1, 0.512194, 0.841086
5, 17, 3, 6, 1, 1, 1, 1, 0.776578, 0.987697
5, 18, 5, 3, 0, 1, 1, -1, 1.148513, 1.148345
5, 19, 4, 5, 1, 1, 1, 1, 0.883319, 0.709656
5, 20, 6, 5, 1, 3, -1, -1, 0.731531, 0.751072
5, 21, 6, 2, 1, 1, 1, 1, 0.946291, 0.478528
5, 22, 5, 6, 0, 1, -1, 1, 0.668753, 0.676984
5, 23, 1, 4, 1, -1, -1, 1, 0.623074, 1.746344
5, 24, 1, 3, 1, 3, 1, 1, 0.891682, 0.000000
5, 25, 6, 6, 1, -1, -1, -1, 0.657537, 1.233873
5, 26, 6, 3, 1, 1, 1, 1, 1.020771, 1.146141
5, 27, 5, 0, 1, -1, -1, 0, 0.671402, 0.961442
5, 29, 3, 1, 1, 1, -1, -1, 0.671071, 0.931331
5, 30, 1, 5, 0, 1, -1, 1, 1.166590, 1.209262
5, 31, 6, 0, 0, 3, -1, 0, 1.029594, 2.132751
5, 32, 4, 0, 1, 1, -1, 0, 0.498907, 0.883038
5, 33, 2, 6, 1, 1, 1, 1, 0.677322, 0.798621
5, 34, 6, 6, 1, 1, 1, 1, 0.576273, 0.512569
5, 35, 5, 0, 1, 1, -1, 0, 0.545551, 1.105805
5, 37, 1, 5, 0, 3, 1, -1, 0.626437, 1.018543
5, 38, 1, 1, 1, 1, -1, -1, 0.859155, 0.551291
5, 39, 3, 3, 1, 1, -1, -1, 0.673605, 0.803507
5, 40, 1, 0, 1, 1, -1, 0, 1.207474, 1.142349
5, 41, 1, 4, 0, 1, 1, -1, 0.570557, 1.024798
5, 42, 2, 0, 1, 1, 1, 0, 0.949360, 1.271463
5, 43, 6, 3, 1, 1, -1, -1, 0.879360, 1.036488
5, 44, 5, 0, 0, 1, 1, 0, 0.928771, 2.468661
5, 45, 4, 1, 1, -1, 1, -1, 0.715659, 1.300113
5, 46, 3, 4, 1, 1, 1, -1, 0.717367, 2.009933
5, 47, 1, 5, 1, 1, 1, 1, 0.658945, 0.676359
5, 48, 3, 6, 0, 1, 1, -1, 1.163579, 1.027195
5, 49, 2, 5, 1, 1, -1, -1, 0.672578, 0.890891
5, 50, 6, 0, 1, 1, -1, 0, 0.684012, 0.839131
5, 52, 5, 2, 0, 1, 1, -1, 0.453108, 0.552271
5, 53, 1, 0, 1, 1, -1, 0, 0.523143, 0.592836
5, 54, 6, 2, 1, -1, -1, 1, 0.485193, 0.956833
5, 55, 5, 0, 1, 1, -1, 0, 0.697681, 0.772387
5, 56, 6, 0, 0, -1, 1, 0, 0.899563, 2.251861
5, 57, 6, 4, 1, -1, 1, -1, 0.467565, 1.116740
5, 58, 6, 0, 1, -1, 1, 0, 1.215936, 2.492800
5, 59, 1, 0, 1, -1, 1, 0, 0.645639, 1.860270
5, 60, 1, 3, 1, -1, -1, 1, 0.517754, 0.970291
5, 61, 4, 2, 1, -1, 1, 1, 0.637056, 1.959425
5, 62, 2, 0, 1, 1, -1, 0, 0.799277, 0.908974
5, 63, 5, 2, 1, 1, -1, -1, 0.612202, 0.812398
5, 64, 2, 3, 0, -1, -1, 1, 0.777199, 1.460723
5, 65, 3, 2, 0, 1, -1, 1, 0.557733, 0.637566
5, 66, 3, 6, 0, 1, -1, 1, 0.523919, 0.505040
5, 67, 4, 4, 0, 1, 1, -1, 0.770759, 0.791016
5, 68, 2, 3, 0, 3, 1, -1, 0.579273, 0.571328
5, 69, 5, 0, 1, -1, -1, 0, 0.552962, 1.339847
5, 70, 4, 5, 0, 1, 1, -1, 0.752228, 1.278495
5, 71, 1, 1, 0, 1, 1, -1, 0.480133, 1.056065
5, 72, 2, 1, 1, 1, -1, -1, 0.547262, 1.441627
5, 73, 5, 2, 1, 1, -1, 1, 0.712789, 1.437008
5, 74, 3, 0, 1, -1, 1, 0, 0.586179, 1.514272
5, 75, 1, 2, 1, -1, -1, 1, 0.544815, 1.540899
5, 76, 5, 0, 1, -1, 1, 0, 0.710635, 1.386544
5, 77, 6, 2, 1, 1, 1, 1, 0.769984, 0.658275
5, 78, 6, 1, 1, 1, -1, -1, 0.743063, 0.512392
5, 79, 2, 4, 0, 1, 1, -1, 0.605046, 1.043862
5, 80, 3, 0, 1, -1, 1, 0, 0.864149, 1.094602
5, 81, 1, 0, 1, 1, 1, 0, 1.016612, 1.278073
5, 82, 4, 1, 1, -1, 1, 1, 0.617515, 1.055848
5, 83, 4, 4, 0, 1, -1, 1, 0.758384, 0.769714
5, 84, 3, 3, 0, 1, -1, 1, 0.677946, 0.591631
5, 85, 5, 6, 1, 1, -1, -1, 0.699466, 0.517707
5, 86, 2, 1, 0, 1, -1, 1, 0.671031, 0.637702
5, 87, 1, 1, 1, 1, -1, -1, 0.664042, 1.141150
5, 88, 6, 0, 0, -1, 1, 0, 0.951264, 1.722784
5, 89, 2, 0, 1, 1, -1, 0, 0.557533, 1.680906
5, 90, 5, 1, 1, 1, -1, -1, 0.768830, 0.769061
5, 91, 4, 0, 1, 1, -1, 0, 0.957342, 0.612976
5, 92, 4, 5, 1, -1, -1, -1, 0.530534, 1.082733
5, 93, 3, 2, 0, 1, 1, -1, 0.862497, 0.562133
5, 94, 4, 1, 1, -1, 1, -1, 0.536953, 0.956837
5, 95, 1, 5, 1, 1, -1, -1, 0.658767, 0.965122
5, 96, 3, 4, 1, 3, -1, -1, 0.560368, 1.086669
5, 97, 2, 2, 1, -1, 1, 1, 0.672194, 1.039349
5, 98, 6, 0, 1, 1, -1, 0, 0.918173, 0.815026
5, 99, 2, 1, 1, 1, -1, -1, 0.618724, 1.096893
5, 100, 5, 0, 1, 1, 1, 0, 1.173707, 0.920795
5, 101, 3, 4, 1, -1, 1, -1, 0.764589, 0.575930
5, 102, 2, 0, 1, 1, -1, 0, 0.539196, 1.402971
5, 103, 6, 6, 0, 1, -1, 1, 0.625627, 0.944032
5, 104, 1, 6, 1, -1, -1, -1, 0.711885, 1.878864
5, 105, 1, 0, 1, 1, -1, 0, 0.543672, 1.503740
5, 106, 3, 0, 1, -1, 1, 0, 0.505793, 0.851808
5, 107, 3, 0, 0, -1, -1, 0, 0.524750, 2.277483
5, 108, 5, 2, 1, 3, 1, 1, 0.905227, 2.558929
5, 109, 5, 5, 1, -1, -1, -1, 1.116143, 0.758277
5, 110, 3, 0, 0, 3, -1, 0, 0.479386, 1.017764
5, 111, 2, 5, 0, 1, -1, 1, 0.961247, 1.531702
5, 112, 3, 0, 1, 1, 1, 0, 0.875706, 1.177325
5, 113, 3, 0, 0, -1, -1, 0, 0.719158, 2.448227
5, 114, 3, 1, 0, -1, 1, -1, 0.538544, 1.016591
5, 115, 5, 0, 1, 1, 1, 0, 0.492409, 1.708106
5, 116, 4, 0, 1, 1, 1, 0, 0.485975, 1.911868
5, 117, 5, 0, 1, 1, -1, 0, 0.598281, 1.690804
5, 118, 6, 3, 1, 1, 1, 1, 0.451865, 0.838893
5, 119, 6, 0, 0, -1, 1, 0, 0.710527, 2.095687
5, 120, 1, 0, 1, -1, -1, 0, 0.742293, 1.174628
5, 121, 4, 3, 1, 1, 1, 1, 0.466533, 0.849368
5, 122, 4, 2, 0, 1, -1, 1, 0.695418, 0.709018
5, 123, 2, 0, 1, 1, -1, 0, 0.552224, 1.443996
5, 124, 5, 4, 0, 1, -1, 1, 0.744162, 0.624321
5, 125, 5, 5, 1, -1, 1, -1, 0.604538, 0.735538
5, 126, 1, 0, 1, 1, -1, 0, 0.505011, 0.823044
5, 127, 4, 6, 1, -1, 1, -1, 0.603605, 0.655978
5, 128, 5, 0, 1, 1, -1, 0, 0.441859, 1.030684
5, 129, 5, 6, 1, 1, 1, 1, 0.604194, 0.630117
5, 130, 2, 2, 1, 1, -1, -1, 0.598667, 1.216171
5, 131, 2, 0, 1, 1, 1, 0, 0.765962, 0.968655
5, 132, 5, 3, 1, 1, -1, -1, 0.649669, 1.784190
5, 133, 1, 5, 0, 1, 1, -1, 0.584393, 0.625755
5, 134, 6, 4, 1, 1, -1, -1, 0.591276, 0.898809
5, 135, 2, 3, 0, 1, -1, 1, 0.670192, 0.897188
5, 136, 5, 6, 0, 1, 1, -1, 0.831438, 0.878352
5, 137, 4, 3, 1, -1, 1, -1, 0.723009, 1.023587
5, 138, 5, 0, 1, 1, 1, 0, 0.604840, 0.593324
5, 139, 3, 6, 1, 1, -1, -1, 0.599012, 0.758090
5, 140, 2, 4, 1, 1, -1, -1, 0.539095, 0.405108
5, 141, 4, 3, 1, 1, -1, 1, 0.598639, 1.255854
5, 142, 3, 0, 0, -1, 1, 0, 0.659682, 0.679512
5, 143, 4, 2, 0, 1, 1, -1, 0.559404, 0.518897
5, 144, 2, 4, 1, 1, 1, 1, 0.545181, 0.704108
5, 145, 1, 6, 0, 1, 1, -1, 0.812642, 0.545092
5, 146, 2, 0, 1, 1, -1, 0, 0.604712, 0.838640
5, 147, 6, 5, 0, 1, -1, 1, 0.732975, 0.493174
5, 148, 5, 4, 1, 1, 1, 1, 0.526332, 0.405877
5, 149, 1, 3, 1, 1, -1, -1, 0.591525, 0.400270
5, 150, 2, 6, 1, 1, 1, 1, 0.566074, 0.897450
5, 151, 3, 0, 0, -1, 1, 0, 0.550628, 1.003230
5, 152, 5, 5, 1, 1, -1, -1, 0.513819, 0.432124
5, 153, 4, 0, 1, 1, -1, 0, 0.517930, 1.293113
5, 154, 5, 4, 1, 1, -1, -1, 0.498750, 1.726858
5, 155, 4, 1, 0, 1, -1, 1, 0.592207, 1.025088
5, 156, 4, 1, 1, 1, -1, -1, 0.677709, 0.890270
5, 157, 2, 6, 0, -1, -1, 1, 0.624674, 0.823563
5, 158, 5, 3, 1, 1, 1, 1, 0.605736, 0.810649
5, 159, 4, 3, 1, 1, -1, -1, 0.795419, 1.366326
5, 160, 6, 0, 1, 1, -1, 0, 0.605427, 0.538137
5, 161, 2, 3, 1, 1, 1, 1, 0.672223, 2.942202
5, 162, 2, 5, 1, 1, -1, -1, 0.497870, 0.731625
5, 163, 4, 4, 1, 1, -1, -1, 0.551786, 0.452117
5, 164, 1, 3, 0, 1, -1, 1, 0.689409, 0.762624
5, 165, 6, 0, 0, -1, 1, 0, 1.092473, 0.963761
5, 166, 5, 2, 1, 1, 1, 1, 0.619043, 1.227507
5, 167, 6, 2, 0, 1, -1, 1, 0.771653, 0.922488
5, 168, 2, 2, 1, 1, -1, 1, 0.657774, 0.984217
5, 169, 2, 0, 1, 1, 1, 0, 0.729155, 1.243222
5, 170, 3, 5, 0, 1, 1, -1, 0.499379, 0.909875
5, 171, 3, 3, 0, 1, 1, -1, 0.564183, 0.564777
5, 172, 2, 0, 1, 1, 1, 0, 0.538218, 0.768558
5, 173, 2, 0, 1, 1, 1, 0, 0.684314, 0.618669
5, 174, 3, 4, 0, 1, -1, 1, 0.689687, 1.849725
5, 175, 5, 2, 0, 1, 1, -1, 0.684478, 0.852571
5, 176, 4, 0, 1, 1, -1, 0, 0.733670, 0.832576
5, 177, 2, 4, 1, 1, 1, 1, 0.769199, 1.044390
5, 178, 4, 0, 1, 1, 1, 0, 0.684228, 0.550486
5, 179, 3, 1, 1, 1, 1, 1, 0.563536, 0.999247
5, 180, 1, 3, 1, -1, 1, -1, 0.663654, 1.159507
5, 181, 6, 1, 0, 1, 1, -1, 0.743636, 0.985437
5, 182, 5, 1, 1, -1, -1, 1, 0.603735, 0.484323
5, 183, 5, 0, 1, 1, -1, 0, 0.577662, 0.837967
5, 184, 6, 0, 1, 1, -1, 0, 0.566067, 0.644354
5, 185, 3, 5, 1, 1, 1, 1, 0.399184, 0.614166
5, 186, 4, 2, 0, 1, -1, 1, 0.609474, 0.691002
5, 187, 4, 6, 1, -1, -1, -1, 0.611780, 0.660484
5, 188, 3, 1, 0, 1, 1, -1, 0.533704, 0.792597
5, 189, 5, 6, 1, 1, 1, 1, 0.763479, 2.284552
5, 190, 6, 1, 1, 1, 1, 1, 0.436594, 0.458857
5, 191, 2, 1, 0, 1, -1, 1, 0.805468, 0.711825
5, 192, 1, 6, 0, 1, 1, -1, 0.749579, 1.050713
5, 193, 4, 0, 1, -1, 1, 0, 1.191093, 0.803045
5, 194, 1, 1, 0, 1, 1, -1, 0.533364, 0.352985
5, 195, 3, 2, 1, -1, 1, 1, 0.857220, 0.707239
5, 196, 2, 0, 1, 1, 1, 0, 0.497920, 0.531433
5, 197, 3, 0, 1, 1, -1, 0, 0.505413, 1.399215
5, 198, 3, 3, 0, 1, -1, 1, 0.557460, 0.597246
5, 199, 3, 5, 1, 1, -1, -1, 0.506628, 0.559202
5, 200, 3, 0, 1, 1, 1, 0, 0.615462, 0.729587
5, 201, 2, 6, 1, 1, -1, -1, 0.410932, 0.801860
5, 202, 1, 4, 1, 1, -1, -1, 0.445096, 0.470995
5, 203, 1, 1, 1, 1, 1, 1, 0.545332, 0.591585
5, 204, 1, 0, 1, 1, 1, 0, 0.445921, 1.774302
5, 205, 1, 2, 1, 1, 1, 1, 0.405949, 0.612246
5, 206, 5, 0, 1, 1, 1, 0, 0.564844, 0.872316
5, 207, 1, 1, 1, -1, -1, 1, 0.720120, 0.366680
5, 208, 6, 5, 1, 1, -1, -1, 0.598756, 0.419825
5, 209, 6, 5, 1, 1, 1, 1, 0.618459, 0.950865
5, 210, 1, 3, 1, -1, 1, -1, 0.563414, 0.572205
5, 211, 1, 0, 1, 1, -1, 0, 0.605946, 0.497567
5, 212, 6, 3, 1, -1, -1, 1, 0.583702, 0.339538
5, 213, 5, 3, 0, 1, -1, 1, 0.351712, 0.411362
5, 214, 3, 6, 0, 1, -1, 1, 0.631192, 0.498248
5, 215, 1, 6, 1, 1, -1, -1, 0.564916, 0.565084
5, 216, 5, 5, 1, -1, 1, -1, 0.743726, 1.123301
5, 217, 5, 0, 1, 1, 1, 0, 0.661094, 0.451746
5, 218, 4, 2, 1, 1, -1, -1, 0.410828, 0.393492
5, 219, 4, 3, 0, 1, 1, -1, 0.633221, 0.346169
5, 220, 4, 5, 0, 3, -1, 1, 0.598514, 1.005340
5, 221, 2, 4, 0, 1, -1, 1, 0.723615, 0.660844
5, 222, 2, 2, 0, 1, -1, 1, 0.671512, 0.464960
5, 223, 2, 6, 0, 1, 1, -1, 0.552310, 0.378232
5, 224, 6, 5, 0, 1, 1, -1, 0.412602, 0.619513
5, 225, 5, 0, 1, 1, -1, 0, 0.452311, 0.585554
5, 226, 4, 2, 1, 1, -1, -1, 0.564678, 0.326653
5, 227, 2, 2, 0, 1, 1, -1, 0.483917, 0.365661
5, 228, 5, 5, 1, -1, 1, 1, 0.726483, 1.356568
5, 229, 6, 6, 1, 1, 1, 1, 0.644521, 0.684287
5, 230, 6, 4, 1, 1, -1, -1, 0.484394, 0.820441
5, 231, 2, 0, 1, 1, -1, 0, 0.539017, 0.519096
5, 232, 5, 1, 1, 1, -1, -1, 0.472476, 0.518511
5, 233, 5, 0, 1, 1, -1, 0, 0.583228, 0.715581
5, 234, 6, 1, 1, -1, -1, 1, 0.532110, 0.828667
5, 235, 2, 3, 1, 1, -1, -1, 0.451126, 0.629756
5, 236, 1, 6, 0, 1, -1, 1, 0.476714, 0.591162
5, 237, 3, 5, 0, 1, 1, -1, 0.499954, 0.583725
5, 238, 4, 5, 0, 1, 1, -1, 0.586006, 0.386075
5, 239, 4, 4, 0, 1, -1, 1, 0.502966, 0.768075
5, 240, 4, 6, 0, 1, -1, 1, 0.557197, 0.572227
5, 241, 3, 0, 0, -1, -1, 0, 0.814875, 1.194692
5, 242, 3, 3, 1, 1, -1, -1, 0.433512, 0.504621
5, 243, 6, 4, 1, 1, 1, 1, 0.632685, 0.366141
5, 244, 1, 0, 1, 1, 1, 0, 0.445183, 0.623834
5, 245, 4, 0, 0, -1, 1, 0, 0.577097, 0.976611
5, 246, 4, 3, 0, 1, -1, 1, 0.557517, 0.379782
5, 247, 6, 1, 1, 1, -1, -1, 0.724405, 0.711346
5, 248, 3, 5, 0, -1, -1, 1, 0.519839, 0.632213
5, 249, 1, 5, 1, 1, -1, -1, 0.599742, 0.803708
5, 250, 3, 0, 0, -1, -1, 0, 0.685457, 0.606461
5, 251, 4, 0, 0, -1, -1, 0, 0.311582, 3.375578
5, 252, 2, 5, 1, 3, 1, 1, 0.613286, 0.000000
5, 253, 5, 0, 1, 1, -1, 0, 0.439972, 0.566028
5, 254, 2, 0, 1, 1, -1, 0, 0.573118, 0.566988
5, 255, 1, 2, 1, 1, -1, -1, 0.513798, 0.553398
5, 256, 2, 5, 1, 1, 1, 1, 0.643669, 1.419156
5, 257, 3, 1, 1, 1, 1, 1, 0.657928, 1.158504
5, 258, 5, 0, 1, 1, -1, 0, 0.438254, 0.745176
5, 259, 4, 5, 1, 1, 1, 1, 0.485554, 0.478338
5, 260, 2, 3, 0, 1, 1, -1, 0.664384, 0.670438
5, 261, 4, 0, 1, 1, -1, 0, 0.457185, 0.451260
5, 262, 4, 0, 1, 1, 1, 0, 0.782830, 1.000220
5, 263, 3, 4, 1, -1, 1, 1, 0.770191, 1.451018
5, 264, 1, 2, 1, -1, 1, -1, 0.591502, 0.644854
5, 265, 2, 0, 1, 1, 1, 0, 0.599892, 0.844107
5, 266, 6, 6, 1, 1, -1, -1, 0.500832, 0.658491
5, 267, 4, 5, 1, 1, -1, -1, 0.451041, 0.344230
5, 268, 5, 1, 0, 1, 1, -1, 1.162013, 0.816211
5, 269, 1, 0, 1, 1, 1, 0, 0.672394, 0.372331
5, 270, 1, 2, 1, 1, -1, 1, 0.564266, 0.564521
5, 271, 1, 0, 1, 3, -1, 0, 0.484326, 0.578682
5, 272, 5, 1, 1, -1, 1, -1, 0.651306, 0.637216
5, 273, 6, 4, 0, 1, -1, 1, 0.632498, 0.637641
5, 274, 5, 3, 0, 1, 1, -1, 0.716962, 0.628590
5, 275, 6, 0, 1, 1, 1, 0, 0.902207, 0.683628
5, 276, 1, 0, 1, 1, -1, 0, 0.481889, 0.473117
5, 277, 5, 3, 1, 1, 1, 1, 0.551005, 0.465269
5, 278, 4, 0, 1, 1, 1, 0, 0.650615, 0.550510
5, 279, 4, 1, 1, 1, -1, -1, 0.373555, 0.264724
5, 280, 3, 0, 1, 1, -1, 0, 0.571329, 0.411599
5, 281, 6, 2, 1, 1, -1, -1, 0.485946, 0.494710
5, 282, 6, 0, 1, 1, -1, 0, 0.525704, 0.743309
5, 283, 4, 0, 0, 3, 1, 0, 0.392894, 0.648321
5, 284, 6, 5, 0, 1, 1, -1, 0.532948, 0.538671
5, 285, 2, 4, 0, 1, -1, 1, 0.735932, 1.292066
5, 286, 5, 3, 1, 1, -1, -1, 0.544248, 0.300290
5, 287, 6, 0, 1, 1, -1, 0, 0.578392, 0.511873
5, 288, 5, 6, 0, 1, 1, -1, 0.487481, 0.433738
5, 289, 2, 5, 0, 1, 1, -1, 0.491261, 0.605525
5, 290, 3, 1, 0, -1, -1, 1, 0.703303, 0.854185
5, 291, 2, 0, 1, 1, -1, 0, 0.504943, 0.655738
5, 292, 3, 5, 1, 1, -1, -1, 0.630686, 0.705647
5, 293, 6, 6, 0, 1, 1, -1, 0.478378, 0.444622
5, 294, 4, 2, 1, -1, 1, 1, 0.597441, 0.658879
5, 295, 1, 6, 1, 1, 1, 1, 0.412026, 0.523367
5, 296, 6, 0, 1, 1, -1, 0, 0.491879, 0.440184
5, 297, 2, 0, 1, 1, 1, 0, 0.625395, 0.360520
5, 298, 2, 4, 0, 1, 1, -1, 0.685892, 0.825859
5, 299, 4, 1, 0, 1, -1, 1, 0.643523, 0.437766
5, 300, 2, 0, 1, 1, -1, 0, 0.538423, 0.332643
5, 301, 5, 4, 1, 1, 1, 1, 0.584749, 0.812538
5, 302, 3, 0, 1, 1, -1, 0, 0.439203, 0.512602
5, 303, 6, 0, 0, -1, 1, 0, 0.769814, 0.724218
5, 304, 2, 6, 0, -1, -1, 1, 0.743392, 0.478396
5, 305, 6, 0, 1, 1, -1, 0, 1.156675, 0.763534
5, 306, 2, 2, 1, 1, -1, -1, 0.615157, 0.620518
5, 307, 3, 5, 1, 3, 1, 1, 0.624944, 0.719161
5, 308, 4, 0, 1, 1, 1, 0, 0.658593, 0.446484
5, 309, 6, 3, 1, -1, 1, -1, 0.505236, 0.878291
5, 310, 3, 2, 1, 1, -1, -1, 0.552176, 0.526735
5, 311, 6, 3, 0, -1, -1, 1, 0.505023, 0.469291
5, 312, 4, 0, 1, -1, 1, 0, 0.565551, 0.551703
5, 313, 1, 3, 1, -1, -1, -1, 0.585326, 0.746408
5, 314, 6, 0, 0, -1, 1, 0, 0.769568, 0.562643
5, 315, 6, 0, 1, 3, 1, 0, 0.460303, 0.941912
5, 316, 4, 0, 1, 1, -1, 0, 0.531304, 0.778407
5, 317, 3, 0, 1, 1, -1, 0, 0.544510, 0.511585
5, 318, 6, 1, 1, 1, 1, 1, 0.798357, 0.312376
5, 319, 5, 0, 1, 1, 1, 0, 0.704204, 0.347039
5, 320, 3, 2, 1, 1, -1, -1, 0.392404, 0.460753
5, 321, 2, 6, 1, 1, -1, -1, 0.531905, 0.312032
5, 322, 1, 0, 1, 1, 1, 0, 0.506247, 0.299466
5, 323, 4, 6, 1, 1, 1, 1, 0.653584, 0.344936
5, 324, 6, 4, 0, 1, 1, -1, 0.424884, 0.430767
5, 325, 1, 1, 0, 1, -1, 1, 1.040095, 0.358847
5, 326, 1, 6, 1, 1, 1, 1, 0.525095, 0.758915
5, 327, 6, 6, 0, 1, -1, 1, 0.732355, 0.905011
5, 328, 4, 6, 0, -1, -1, 1, 0.665704, 0.353064
5, 329, 1, 6, 0, 1, -1, 1, 0.537125, 0.941842
5, 330, 3, 0, 1, 1, -1, 0, 0.513248, 0.397837
5, 331, 2, 1, 0, 1, 1, -1, 0.803936, 1.555129
5, 332, 4, 6, 1, -1, -1, -1, 0.512847, 0.659677
5, 333, 4, 0, 1, 1, 1, 0, 0.586747, 0.479480
5, 334, 1, 0, 1, 1, 1, 0, 0.445266, 0.412055
5, 335, 6, 6, 0, 1, 1, -1, 0.677223, 0.612957
5, 336, 4, 4, 0, 1, 1, -1, 0.596562, 0.448193
5, 337, 4, 2, 0, 1, 1, -1, 0.611975, 0.513338
5, 338, 3, 0, 1, 1, 1, 0, 0.665901, 1.003849
5, 339, 4, 3, 1, 1, -1, -1, 0.605432, 0.592621
5, 340, 5, 4, 0, -1, 1, -1, 0.556283, 0.897910
5, 341, 4, 5, 0, 1, -1, 1, 0.565136, 0.417011
5, 342, 5, 0, 1, 1, 1, 0, 0.570340, 0.692973
5, 343, 1, 0, 1, 1, -1, 0, 0.543294, 1.017967
5, 344, 6, 0, 1, 1, -1, 0, 0.478454, 0.485074
5, 345, 2, 0, 1, 1, 1, 0, 0.424101, 0.333079
5, 346, 1, 0, 1, 1, -1, 0, 0.479312, 0.432649
5, 347, 1, 4, 1, 1, -1, 1, 0.286092, 0.877499
5, 348, 1, 2, 1, 1, -1, -1, 0.570050, 0.352312
5, 349, 6, 2, 0, 1, 1, -1, 0.736387, 0.287487
5, 350, 1, 4, 0, -1, -1, -1, 0.404261, 1.509915
5, 351, 3, 1, 1, 1, -1, -1, 0.392275, 0.392111
5, 352, 6, 0, 1, -1, 1, 0, 0.615531, 0.479157
5, 353, 3, 0, 1, 1, 1, 0, 0.465735, 0.665651
5, 354, 5, 5, 1, -1, 1, 1, 0.815326, 0.895561
5, 355, 2, 0, 1, 1, -1, 0, 0.531684, 0.307592
5, 356, 4, 3, 0, -1, 1, 1, 0.572192, 0.970655
5, 357, 3, 2, 0, 3, 1, -1, 0.467202, 0.668392
5, 358, 2, 0, 1, 1, 1, 0, 1.092506, 0.392701
5, 359, 5, 3, 0, -1, -1, 1, 0.751239, 0.724977
5, 360, 6, 4, 1, -1, 1, 1, 0.505995, 0.404642
5, 361, 6, 0, 1, 1, -1, 0, 0.509977, 0.478755
5, 362, 1, 0, 1, 1, 1, 0, 0.465085, 0.347210
5, 363, 2, 0, 1, 1, 1, 0, 0.542981, 0.720078
5, 364, 6, 1, 0, 1, -1, 1, 0.662186, 0.319686
5, 365, 5, 1, 1, 1, 1, 1, 0.584966, 0.273424
5, 366, 6, 5, 0, 1, -1, 1, 0.525001, 0.399214
5, 367, 5, 4, 1, 1, -1, -1, 0.543679, 0.495446
5, 368, 6, 5, 1, 1, 1, 1, 0.624266, 0.770745
5, 369, 3, 1, 0, 1, -1, 1, 0.711867, 0.497854
5, 370, 3, 3, 1, 1, 1, 1, 0.583524, 0.331397
5, 371, 1, 0, 1, 1, 1, 0, 0.458189, 0.266162
5, 372, 4, 0, 1, 1, 1, 0, 0.684585, 0.545343
5, 373, 6, 3, 1, -1, 1, -1, 0.492369, 0.630573
5, 374, 4, 0, 1, 1, -1, 0, 0.445508, 0.451461
5, 375, 3, 6, 1, 1, 1, 1, 0.531970, 0.345446
5, 376, 4, 0, 1, 1, -1, 0, 0.451734, 0.484372
5, 377, 6, 4, 0, 1, -1, 1, 0.566554, 0.373545
5, 378, 6, 0, 1, 1, 1, 0, 0.743098, 1.231877
5, 379, 1, 4, 1, 1, 1, 1, 0.512291, 0.404821
5, 380, 2, 1, 1, 1, 1, 1, 0.670618, 0.737146
5, 381, 3, 6, 1, 1, -1, -1, 0.823465, 0.464590
5, 382, 5, 6, 0, -1, -1, 1, 0.586587, 0.340835
5, 383, 2, 0, 1, 1, 1, 0, 0.546173, 0.824885
5, 384, 3, 0, 1, 1, -1, 0, 0.616407, 0.957794
5, 385, 1, 0, 1, 1, 1, 0, 0.492740, 0.327156
5, 386, 5, 4, 0, 1, 1, -1, 0.571556, 0.471763
5, 387, 3, 0, 1, -1, -1, 0, 0.493066, 0.853144
5, 388, 3, 3, 1, 1, 1, 1, 0.591490, 0.467519
5, 389, 1, 5, 1, 1, 1, 1, 0.551122, 0.266792
5, 390, 4, 0, 1, 1, 1, 0, 0.638784, 0.650389
5, 391, 6, 0, 1, 1, 1, 0, 0.590994, 0.494540
5, 392, 4, 0, 1, 1, -1, 0, 0.685017, 0.624996
5, 393, 2, 1, 1, 1, 1, 1, 0.425522, 0.482909
5, 394, 1, 2, 0, 1, 1, -1, 0.730320, 0.418103
5, 395, 5, 0, 1, 1, 1, 0, 0.565481, 0.531363
5, 396, 1, 0, 0, -1, -1, 0, 0.505808, 0.861308
5, 397, 6, 2, 0, 1, 1, -1, 0.565379, 0.366114
5, 398, 4, 4, 1, 1, 1, 1, 0.626504, 0.377230
5, 399, 4, 4, 1, -1, -1, -1, 0.452225, 0.446746
5, 400, 5, 2, 0, 1, -1, 1, 0.630303, 0.440910
5, 401, 2, 3, 1, 1, -1, -1, 0.739880, 0.830665
5, 402, 1, 0, 1, 1, 1, 0, 0.437005, 0.406180
5, 403, 4, 6, 1, 1, 1, 1, 0.511058, 1.026818
5, 404, 1, 5, 1, -1, -1, 1, 0.792212, 0.716284
5, 405, 3, 0, 1, 1, 1, 0, 0.645874, 0.418252
5, 406, 1, 0, 1, 3, 1, 0, 0.445691, 1.373053
5, 407, 3, 4, 1, 3, 1, 1, 0.820977, 0.000000
5, 408, 6, 2, 1, 1, -1, -1, 0.663895, 0.392579
5, 409, 6, 0, 1, 1, -1, 0, 0.844743, 0.531407
5, 410, 3, 0, 1, 1, 1, 0, 0.731337, 0.491579
5, 411, 2, 5, 1, 1, -1, 1, 0.729752, 1.374545
5, 412, 4, 1, 1, -1, 1, 1, 0.557843, 1.320945
5, 413, 4, 0, 1, 1, -1, 0, 0.564223, 0.398285
5, 414, 4, 6, 1, -1, 1, -1, 0.584340, 0.942422
5, 416, 3, 3, 0, 1, 1, -1, 0.588775, 0.505703
5, 417, 2, 4, 1, 1, -1, -1, 0.585567, 0.461703
5, 418, 3, 4, 1, 1, -1, -1, 0.702749, 0.838891
5, 419, 3, 2, 1, 1, 1, 1, 0.526247, 0.320248
5, 420, 5, 5, 0, 1, -1, 1, 0.556560, 0.366794
5, 421, 1, 1, 1, 1, 1, 1, 0.564283, 0.557823
5, 422, 5, 0, 1, 1, 1, 0, 0.426374, 0.578060
5, 423, 3, 5, 0, 1, -1, 1, 0.379135, 0.320340
5, 424, 3, 4, 0, 1, -1, 1, 0.577746, 0.406197
5, 425, 5, 1, 1, 1, 1, 1, 0.657885, 0.327007
5, 426, 2, 5, 0, 1, 1, -1, 0.816687, 0.803638
5, 427, 2, 1, 0, 1, 1, -1, 0.685870, 0.173259
5, 428, 5, 0, 1, 1, -1, 0, 0.380768, 0.446063
5, 429, 6, 1, 0, 1, 1, -1, 0.578280, 0.153648
5, 430, 2, 3, 1, 3, 1, 1, 0.651993, 0.000000
5, 431, 1, 0, 1, 1, -1, 0, 0.552201, 0.273410
5, 432, 6, 3, 0, -1, -1, -1, 0.617363, 2.194052
5, 433, 5, 1, 0, 3, -1, 1, 0.728376, 0.000000
5, 434, 2, 0, 1, 1, -1, 0, 0.579892, 0.279767
5, 435, 2, 0, 1, 1, -1, 0, 0.465972, 0.284831
5, 436, 3, 0, 1, 3, 1, 0, 0.544526, 1.154505
5, 437, 2, 6, 0, 1, 1, -1, 0.695671, 1.160545
