observer, trial, targLoc, distLoc, targDiscrim, thoughtNoAttCap, tc, dc, RT, TrialTypeRT
4, 1, 4, 0, 1, 1, -1, 0, 8.784322, 3.912222
4, 2, 1, 2, 1, -1, 1, 1, 8.162304, 3.711253
4, 3, 6, 0, 0, 1, -1, 0, 5.424126, 2.278466
4, 4, 2, 5, 1, -1, -1, -1, 7.818637, 2.735745
4, 5, 2, 0, 0, 1, 1, 0, 3.127515, 1.691340
4, 6, 4, 0, 1, 1, -1, 0, 5.006050, 0.001045
4, 7, 5, 1, 1, 1, -1, 1, 6.702948, 1.197088
4, 8, 3, 6, 1, 1, -1, -1, 3.673607, 1.473393
4, 9, 2, 2, 1, 1, -1, -1, 5.524057, 0.737192
4, 10, 5, 2, 1, 1, 1, -1, 3.257515, 0.001025
4, 11, 4, 6, 0, 1, -1, -1, 3.444453, 0.291713
4, 12, 6, 4, 1, 1, 1, 1, 3.755674, 0.339389
4, 13, 3, 0, 0, 1, 1, 0, 3.079104, 0.772300
4, 14, 4, 0, 1, 1, 1, 0, 3.356087, 0.000976
4, 15, 3, 0, 1, 1, 1, 0, 3.367158, 0.198954
4, 16, 3, 0, 1, 1, 1, 0, 2.370021, 0.239469
4, 17, 5, 3, 1, -1, -1, 1, 1.837680, 2.571829
4, 18, 4, 0, 1, 1, -1, 0, 3.135837, 0.200229
4, 19, 3, 5, 1, 1, -1, -1, 3.757437, 0.590796
4, 20, 5, 0, 1, 1, -1, 0, 2.090603, 0.351469
4, 21, 1, 4, 1, -1, -1, -1, 4.585212, 0.710522
4, 22, 2, 5, 1, 1, -1, -1, 3.128405, 0.760891
4, 23, 4, 0, 1, 1, -1, 0, 2.773279, 0.531597
4, 24, 2, 1, 1, 1, 1, 1, 3.058863, 0.278402
4, 25, 1, 3, 1, 1, -1, 1, 2.992783, 0.345729
4, 26, 5, 4, 0, -1, 1, -1, 2.151823, 4.454435
4, 27, 6, 6, 1, 1, 1, -1, 2.314032, 0.171920
4, 28, 1, 6, 1, 1, 1, 1, 2.005561, 0.359532
4, 29, 4, 0, 1, 1, -1, 0, 1.764994, 0.159512
4, 30, 5, 1, 1, 1, -1, -1, 3.166676, 0.325619
4, 31, 6, 0, 1, 1, 1, 0, 1.882051, 0.114289
4, 32, 2, 0, 1, 1, -1, 0, 1.646110, 0.154536
4, 33, 4, 0, 1, 1, 1, 0, 1.608431, 0.147312
4, 34, 2, 0, 1, 1, -1, 0, 1.431133, 0.114044
4, 35, 1, 0, 1, 1, -1, 0, 1.248244, 0.054198
4, 36, 4, 1, 1, 1, -1, 1, 2.972826, 0.416179
4, 37, 5, 1, 1, -1, -1, -1, 2.583649, 1.060345
4, 38, 3, 0, 1, 1, -1, 0, 1.784940, 0.160604
4, 39, 3, 4, 0, -1, 1, 1, 2.321957, 0.870988
4, 40, 1, 1, 1, 1, 1, -1, 2.848465, 0.372695
4, 41, 6, 0, 1, 1, 1, 0, 2.282860, 0.505403
4, 42, 3, 0, 1, 1, 1, 0, 1.318043, 0.253161
4, 43, 5, 0, 1, 1, -1, 0, 0.981132, 1.355845
4, 44, 5, 0, 1, 1, 1, 0, 1.448133, 0.187333
4, 45, 5, 0, 1, 1, -1, 0, 1.232653, 0.318383
4, 46, 3, 0, 1, 1, -1, 0, 1.288705, 0.213299
4, 47, 3, 0, 1, 1, -1, 0, 1.263349, 0.185506
4, 48, 6, 6, 1, 1, -1, 1, 1.311305, 0.001026
4, 49, 3, 5, 1, 1, -1, 1, 2.068614, 0.180238
4, 50, 6, 2, 0, 1, 1, 1, 1.533155, 0.179713
4, 51, 3, 0, 1, 1, 1, 0, 0.153389, 0.001004
4, 52, 1, 5, 1, 1, 1, -1, 2.063170, 0.140295
4, 53, 6, 4, 1, 1, -1, 1, 2.221278, 0.279197
4, 54, 3, 0, 1, 1, 1, 0, 1.353669, 0.484018
4, 55, 6, 0, 1, 1, -1, 0, 0.147250, 0.373772
4, 56, 3, 2, 1, 1, -1, -1, 1.841870, 0.001033
4, 57, 4, 5, 1, 1, -1, 1, 2.298248, 0.292363
4, 58, 5, 2, 1, 1, -1, -1, 0.146754, 0.212276
4, 59, 3, 4, 1, 1, 1, 1, 1.841534, 0.404322
4, 60, 1, 0, 1, 1, 1, 0, 1.759448, 0.192708
4, 61, 1, 4, 1, 1, -1, 1, 0.067491, 0.186853
4, 62, 6, 4, 1, 1, -1, -1, 1.402227, 0.160774
4, 63, 5, 5, 1, -1, -1, -1, 2.998142, 1.097726
4, 64, 2, 6, 1, 1, 1, 1, 0.100285, 0.225408
4, 65, 6, 6, 1, 1, -1, -1, 1.636977, 0.373884
4, 66, 4, 0, 1, 1, 1, 0, 1.330416, 0.877311
4, 67, 2, 3, 1, 1, 1, 1, 1.695730, 0.166156
4, 68, 5, 2, 1, -1, -1, 1, 2.040501, 0.781178
4, 69, 2, 0, 1, 1, -1, 0, 3.026229, 0.526058
4, 70, 4, 4, 1, 1, -1, 1, 1.810571, 0.364537
4, 71, 2, 0, 1, 1, -1, 0, 2.135066, 0.166778
4, 72, 1, 0, 1, 1, 1, 0, 1.547736, 0.166601
4, 73, 6, 0, 1, 1, 1, 0, 1.717200, 0.370747
4, 74, 4, 0, 1, 1, -1, 0, 1.474305, 0.475564
4, 75, 2, 2, 1, 1, -1, -1, 1.880067, 0.185671
4, 76, 1, 5, 1, 1, 1, -1, 2.059529, 0.211874
4, 77, 1, 0, 1, 1, -1, 0, 1.615666, 0.391274
4, 78, 3, 0, 1, 1, -1, 0, 1.452198, 0.678979
4, 79, 3, 0, 1, 1, -1, 0, 1.443013, 0.127565
4, 80, 1, 2, 0, -1, 1, -1, 2.564653, 0.326966
4, 81, 4, 1, 1, -1, -1, -1, 2.181439, 2.523945
4, 82, 6, 0, 1, 1, 1, 0, 1.776541, 0.186613
4, 83, 4, 0, 1, 1, -1, 0, 1.617115, 0.352500
4, 84, 2, 2, 1, 1, -1, 1, 1.622935, 0.212504
4, 85, 1, 3, 1, 1, 1, 1, 1.688577, 0.185716
4, 86, 3, 2, 1, 1, 1, -1, 1.553676, 0.179811
4, 87, 5, 6, 1, 1, 1, -1, 0.140314, 0.100474
4, 88, 3, 0, 1, 1, -1, 0, 1.531285, 0.285041
4, 89, 3, 5, 1, 1, 1, 1, 1.426373, 0.171834
4, 90, 4, 4, 1, 1, 1, 1, 1.340501, 0.126744
4, 91, 2, 0, 1, 1, 1, 0, 1.448038, 0.534193
4, 92, 5, 2, 1, -1, 1, -1, 2.398373, 0.598766
4, 93, 4, 0, 1, 1, -1, 0, 1.527156, 0.226327
4, 94, 3, 0, 1, 1, 1, 0, 2.015551, 1.877993
4, 95, 6, 1, 1, 1, -1, 1, 1.483134, 0.331708
4, 96, 3, 0, 1, 1, 1, 0, 1.216756, 0.127334
4, 97, 4, 5, 1, 1, -1, 1, 2.338706, 0.239061
4, 98, 2, 2, 1, 1, 1, -1, 1.595336, 0.173553
4, 99, 3, 6, 1, 1, -1, -1, 4.853564, 0.697742
4, 100, 4, 2, 1, -1, 1, 1, 2.271526, 0.259289
4, 101, 2, 0, 1, 1, -1, 0, 4.267823, 0.759689
4, 102, 1, 0, 1, 1, 1, 0, 2.543991, 0.954200
4, 103, 6, 2, 1, -1, -1, 1, 2.860185, 0.364902
4, 104, 5, 2, 1, -1, 1, 1, 0.147125, 2.057186
4, 105, 5, 0, 1, 1, 1, 0, 1.380088, 0.258218
4, 106, 5, 0, 1, 1, -1, 0, 1.286077, 0.313466
4, 107, 2, 6, 1, -1, -1, 1, 2.091884, 0.226815
4, 108, 6, 6, 1, -1, 1, -1, 0.047708, 0.220958
4, 109, 6, 0, 1, 1, -1, 0, 1.302003, 0.293892
4, 110, 5, 0, 1, 1, 1, 0, 1.249347, 0.099338
4, 111, 5, 0, 1, 1, 1, 0, 1.014267, 0.167097
4, 112, 4, 5, 1, 1, -1, -1, 1.632510, 0.092823
4, 113, 2, 0, 1, 1, 1, 0, 1.305561, 0.120379
4, 114, 1, 6, 1, -1, 1, 1, 1.739952, 0.233072
4, 115, 5, 0, 1, 1, -1, 0, 0.001070, 2.007481
4, 116, 6, 1, 1, -1, 1, -1, 1.649609, 0.252458
4, 117, 1, 0, 1, 1, 1, 0, 2.101571, 0.185431
4, 118, 5, 6, 1, -1, -1, -1, 0.074017, 0.598160
4, 119, 3, 3, 1, 1, 1, -1, 1.564051, 0.139686
4, 120, 4, 0, 1, 1, 1, 0, 1.547498, 0.126433
4, 121, 6, 0, 1, 1, 1, 0, 1.181438, 0.113288
4, 122, 4, 3, 1, 1, -1, -1, 1.853617, 0.477887
4, 123, 5, 6, 1, 1, -1, 1, 1.669621, 0.100757
4, 124, 5, 3, 1, -1, 1, -1, 0.007734, 0.207263
4, 125, 2, 1, 1, 1, -1, -1, 1.757206, 0.121059
4, 126, 1, 0, 1, 1, 1, 0, 1.523079, 0.618486
4, 127, 2, 3, 1, 1, -1, -1, 1.543514, 0.318597
4, 128, 6, 0, 1, 1, 1, 0, 2.561340, 0.133470
4, 129, 5, 4, 1, 1, -1, -1, 1.403178, 0.365678
4, 130, 6, 4, 1, 1, 1, 1, 1.289000, 0.127387
4, 131, 3, 2, 1, -1, 1, 1, 2.215684, 0.200101
4, 132, 2, 4, 1, 1, -1, -1, 1.306733, 0.073796
4, 133, 1, 3, 1, 1, 1, 1, 0.001085, 0.080316
4, 134, 5, 5, 1, 1, 1, 1, 1.231651, 0.040879
4, 135, 4, 6, 1, 1, 1, 1, 0.047606, 0.172075
4, 136, 3, 5, 1, -1, 1, -1, 3.400568, 0.610451
4, 137, 3, 0, 1, 1, -1, 0, 0.060706, 0.212583
4, 138, 1, 1, 1, 1, 1, -1, 1.283227, 0.086829
4, 139, 1, 5, 1, 1, -1, -1, 1.162671, 0.207182
4, 140, 6, 0, 1, 1, 1, 0, 1.092490, 0.053669
4, 141, 6, 0, 1, 1, -1, 0, 1.091349, 0.066547
4, 142, 6, 0, 1, 1, -1, 0, 0.001103, 0.234466
4, 143, 2, 0, 1, 1, 1, 0, 0.126282, 0.140447
4, 144, 2, 0, 1, 1, -1, 0, 1.518673, 0.054437
4, 145, 5, 1, 1, 1, 1, 1, 1.297914, 0.067078
4, 146, 5, 5, 1, 1, 1, -1, 1.339751, 0.106832
4, 147, 5, 0, 1, 1, 1, 0, 0.199107, 0.159077
4, 148, 5, 0, 1, 1, 1, 0, 0.001015, 0.078722
4, 149, 6, 2, 1, 1, -1, 1, 2.035282, 0.113783
4, 150, 3, 0, 1, 1, -1, 0, 1.102972, 0.100150
4, 151, 3, 0, 1, 1, -1, 0, 1.713114, 0.119882
4, 152, 4, 0, 1, 1, 1, 0, 1.378377, 0.100758
4, 153, 3, 0, 1, 1, 1, 0, 1.116115, 0.021234
4, 154, 2, 6, 1, -1, 1, -1, 1.937430, 0.464818
4, 155, 3, 2, 1, 1, 1, -1, 1.222153, 0.054497
4, 156, 2, 0, 1, 1, 1, 0, 0.996577, 0.094184
4, 157, 4, 0, 1, 1, 1, 0, 1.015205, 0.086674
4, 158, 2, 4, 1, 1, -1, 1, 1.972793, 0.562743
4, 159, 3, 6, 1, 1, 1, -1, 1.366192, 0.047284
4, 160, 1, 1, 1, 1, -1, -1, 1.474109, 0.199184
4, 161, 1, 0, 1, 1, 1, 0, 1.237137, 0.080146
4, 162, 2, 2, 1, 1, 1, -1, 1.270057, 0.026970
4, 163, 1, 2, 1, 1, -1, 1, 1.284686, 0.080930
4, 164, 2, 5, 1, 1, 1, 1, 1.412830, 0.113629
4, 165, 4, 0, 1, 1, -1, 0, 1.270203, 0.054345
4, 166, 2, 5, 1, 1, -1, 1, 1.259405, 0.093585
4, 167, 2, 0, 1, 1, 1, 0, 1.145896, 0.020470
4, 168, 2, 1, 1, 1, 1, -1, 1.358422, 0.160040
4, 169, 3, 3, 1, 1, 1, -1, 1.397286, 0.020910
4, 170, 6, 0, 1, 1, 1, 0, 1.051667, 0.027702
4, 171, 6, 0, 1, 1, 1, 0, 1.229951, 0.047774
4, 172, 3, 4, 1, -1, 1, -1, 1.176848, 0.952348
4, 173, 5, 1, 1, -1, -1, 1, 0.146797, 0.027560
4, 174, 5, 0, 1, 1, 1, 0, 1.290610, 0.067082
4, 175, 5, 0, 1, 1, -1, 0, 1.261397, 0.107149
4, 176, 4, 6, 1, 1, 1, -1, 1.529775, 0.153158
4, 177, 4, 0, 1, 1, -1, 0, 1.574797, 0.133266
4, 178, 5, 6, 1, 1, 1, -1, 1.456600, 0.226137
4, 179, 2, 0, 1, 1, 1, 0, 1.336955, 0.086786
4, 180, 4, 0, 1, 1, -1, 0, 2.324352, 0.099115
4, 181, 1, 4, 1, 1, 1, -1, 1.297494, 0.127508
4, 182, 4, 0, 1, 1, -1, 0, 1.852248, 0.253424
4, 183, 2, 5, 1, -1, -1, 1, 1.791252, 0.165842
4, 184, 6, 5, 1, 1, -1, 1, 1.266988, 0.039996
4, 185, 5, 2, 1, 1, -1, -1, 1.553798, 0.120417
4, 186, 6, 0, 1, 1, 1, 0, 1.862242, 0.999844
4, 187, 1, 4, 1, 1, 1, 1, 1.120030, 0.087646
4, 188, 5, 0, 1, 1, 1, 0, 0.001116, 0.067510
4, 189, 1, 1, 1, -1, -1, 1, 0.001074, 0.160320
4, 190, 5, 5, 1, 1, -1, -1, 1.323195, 0.199994
4, 191, 2, 3, 1, 1, -1, 1, 0.087247, 0.855665
4, 192, 2, 0, 1, 1, 1, 0, 1.582723, 0.160284
4, 193, 4, 1, 1, 1, 1, -1, 2.128675, 0.047430
4, 194, 6, 4, 1, 1, 1, -1, 1.386566, 0.074120
4, 195, 1, 5, 1, 1, -1, 1, 1.352337, 0.093875
4, 196, 4, 0, 1, 1, 1, 0, 1.677403, 0.073999
4, 197, 4, 3, 1, 1, 1, 1, 1.514063, 0.054259
4, 198, 6, 0, 1, 1, 1, 0, 1.187981, 0.060729
4, 199, 2, 0, 1, 1, -1, 0, 0.047639, 0.087196
4, 200, 2, 1, 1, -1, -1, 1, 2.060624, 0.120101
4, 201, 2, 4, 1, 1, -1, -1, 2.499460, 0.001006
4, 202, 4, 0, 1, 1, -1, 0, 2.835469, 0.000997
4, 203, 2, 0, 1, 1, 1, 0, 1.471784, 0.261012
4, 204, 4, 0, 1, 1, 1, 0, 1.030369, 0.054039
4, 205, 3, 0, 1, 1, -1, 0, 1.266890, 0.001000
4, 206, 6, 0, 1, 1, 1, 0, 1.220919, 0.060890
4, 207, 6, 0, 1, 1, -1, 0, 1.138816, 0.001044
4, 208, 4, 0, 1, 1, 1, 0, 1.069393, 0.040832
4, 209, 2, 1, 1, -1, 1, 1, 1.750192, 0.073605
4, 210, 4, 0, 1, 1, 1, 0, 1.021424, 0.060986
4, 211, 3, 0, 1, 1, -1, 0, 0.955948, 0.054201
4, 212, 6, 0, 1, 1, 1, 0, 0.426540, 0.047500
4, 213, 6, 3, 1, -1, -1, 1, 1.528713, 0.961297
4, 214, 5, 0, 1, 1, 1, 0, 0.999844, 0.033989
4, 215, 3, 0, 1, 1, 1, 0, 1.018756, 0.034228
4, 216, 4, 3, 1, 1, -1, 1, 1.312549, 0.087346
4, 217, 6, 0, 1, 1, -1, 0, 1.235232, 0.020988
4, 218, 1, 0, 1, 1, 1, 0, 1.126447, 0.027495
4, 219, 3, 0, 1, 1, -1, 0, 1.247490, 0.014407
4, 220, 2, 0, 1, 1, -1, 0, 1.010750, 0.034384
4, 221, 4, 6, 1, -1, 1, 1, 1.434336, 0.426039
4, 222, 5, 6, 1, -1, 1, 1, 1.900565, 0.974732
4, 223, 3, 1, 1, 1, -1, 1, 1.996584, 0.079936
4, 224, 3, 3, 1, 1, -1, -1, 1.939412, 0.001017
4, 225, 4, 4, 1, 1, -1, -1, 1.873874, 0.000999
4, 226, 6, 0, 1, 1, -1, 0, 1.096123, 0.001034
4, 227, 6, 2, 1, 1, -1, -1, 0.997803, 0.001094
4, 228, 3, 6, 0, 1, 1, -1, 1.472905, 0.001039
4, 229, 5, 4, 1, 1, 1, 1, 1.758573, 0.001007
4, 230, 5, 0, 1, 1, 1, 0, 0.934950, 0.040946
4, 231, 1, 4, 1, -1, 1, 1, 1.345550, 0.232135
4, 232, 5, 0, 1, 1, -1, 0, 1.933897, 0.014032
4, 233, 3, 3, 1, -1, 1, 1, 0.001044, 0.792474
4, 234, 1, 5, 1, -1, 1, 1, 1.139581, 0.318606
4, 235, 2, 3, 1, 1, 1, 1, 1.235459, 0.014354
4, 236, 3, 0, 1, 1, -1, 0, 2.485629, 0.014362
4, 237, 2, 0, 1, 1, -1, 0, 1.094410, 0.007743
4, 238, 5, 5, 1, 1, -1, 1, 1.382992, 0.200000
4, 239, 5, 0, 1, 1, -1, 0, 0.972045, 0.047161
4, 240, 6, 0, 1, 1, -1, 0, 1.140546, 0.001056
4, 241, 2, 6, 1, -1, -1, -1, 1.781094, 0.086891
4, 242, 2, 0, 1, 1, 1, 0, 1.088255, 0.014291
4, 243, 4, 0, 1, 1, 1, 0, 1.020238, 0.080111
4, 244, 5, 0, 1, 1, -1, 0, 1.070461, 0.021136
4, 245, 6, 0, 1, 1, 1, 0, 1.182169, 0.001386
4, 246, 1, 0, 1, 1, -1, 0, 1.620634, 0.001028
4, 247, 6, 0, 1, 1, 1, 0, 0.119165, 0.093759
4, 248, 4, 5, 1, 1, 1, -1, 1.384468, 0.014222
4, 249, 2, 0, 1, 1, 1, 0, 0.825088, 0.100347
4, 250, 5, 0, 1, 1, 1, 0, 0.722434, 0.074280
4, 251, 5, 0, 1, 1, -1, 0, 1.541605, 0.001024
4, 252, 2, 1, 1, 1, -1, -1, 1.467513, 0.020944
4, 253, 3, 0, 1, 1, -1, 0, 1.137091, 0.001032
4, 254, 6, 0, 1, 1, -1, 0, 0.968766, 0.001000
4, 255, 4, 3, 1, -1, -1, 1, 2.186596, 0.192625
4, 256, 1, 0, 1, 1, 1, 0, 1.198063, 0.126416
4, 257, 2, 0, 1, 1, 1, 0, 0.906137, 0.101213
4, 258, 6, 5, 1, 1, -1, 1, 1.924209, 0.140987
4, 259, 6, 1, 1, 1, 1, 1, 2.628018, 0.060616
4, 260, 1, 5, 1, -1, -1, -1, 1.316876, 0.855678
4, 261, 4, 2, 1, -1, 1, -1, 2.239197, 0.179813
4, 262, 6, 6, 1, 1, 1, 1, 1.084324, 0.420099
4, 263, 2, 0, 1, 1, -1, 0, 1.621623, 0.120914
4, 264, 6, 0, 1, 1, -1, 0, 0.857882, 0.001025
4, 265, 3, 4, 1, -1, 1, -1, 1.524491, 0.101190
4, 266, 4, 0, 1, 1, 1, 0, 1.208831, 0.087552
4, 267, 2, 0, 1, 1, -1, 0, 1.367080, 0.265414
4, 268, 4, 0, 1, 1, 1, 0, 1.007861, 0.054010
4, 269, 1, 6, 1, 1, 1, -1, 1.165182, 0.074645
4, 270, 5, 1, 1, 1, 1, 1, 1.020560, 0.100368
4, 271, 1, 0, 1, 1, -1, 0, 1.924594, 0.000993
4, 272, 4, 4, 1, 1, 1, 1, 1.113878, 0.180578
4, 273, 1, 0, 1, 1, -1, 0, 1.481006, 0.001040
4, 274, 3, 0, 1, 1, -1, 0, 0.001060, 0.000998
4, 275, 6, 3, 1, 1, -1, -1, 2.190670, 0.001016
4, 276, 2, 0, 1, 1, -1, 0, 1.593383, 0.014333
4, 277, 1, 0, 1, 1, -1, 0, 1.026478, 0.001019
4, 278, 6, 2, 1, -1, 1, -1, 2.064856, 0.127548
4, 279, 1, 6, 1, -1, -1, 1, 1.672964, 0.081178
4, 280, 1, 0, 1, 1, -1, 0, 2.172217, 0.358272
4, 281, 3, 0, 1, 1, 1, 0, 1.320549, 0.054080
4, 282, 6, 5, 1, 1, 1, 1, 1.262868, 0.087676
4, 283, 4, 6, 1, 1, -1, 1, 2.156723, 0.545622
4, 284, 2, 0, 1, 1, 1, 0, 1.147792, 0.094342
4, 285, 3, 3, 1, 1, 1, 1, 1.247410, 0.670433
4, 286, 4, 0, 1, 1, 1, 0, 0.967401, 0.583373
4, 287, 3, 1, 1, 1, 1, 1, 1.387945, 0.474756
4, 288, 3, 5, 1, 1, 1, 1, 1.221545, 0.173076
4, 289, 5, 5, 1, 1, -1, 1, 2.069496, 0.140499
4, 290, 3, 2, 1, 1, -1, 1, 1.329412, 0.200950
4, 291, 4, 0, 1, 1, 1, 0, 0.001073, 0.074240
4, 292, 5, 4, 1, 1, -1, 1, 0.160232, 0.120172
4, 293, 1, 0, 1, 1, -1, 0, 1.036266, 0.140659
4, 294, 5, 2, 1, 1, -1, 1, 1.131813, 0.179713
4, 295, 3, 6, 1, 1, 1, 1, 1.537725, 0.073348
4, 296, 1, 0, 1, 1, 1, 0, 1.691742, 0.134002
4, 297, 1, 0, 1, 1, -1, 0, 1.690887, 0.340090
4, 298, 5, 4, 1, 1, 1, 1, 1.787357, 0.120519
4, 299, 1, 0, 1, 1, 1, 0, 1.422327, 0.133795
4, 300, 5, 0, 1, 1, 1, 0, 1.522799, 0.120378
4, 301, 4, 0, 1, 1, -1, 0, 1.840696, 0.001053
4, 302, 3, 0, 1, 1, 1, 0, 1.206445, 0.020947
4, 303, 1, 1, 1, -1, 1, 1, 5.189733, 0.166180
4, 304, 5, 0, 1, 1, 1, 0, 1.324635, 0.179964
4, 305, 3, 0, 1, -1, 1, 0, 1.452588, 0.126981
4, 306, 6, 0, 1, 1, 1, 0, 1.007859, 0.339284
4, 307, 3, 0, 1, 1, -1, 0, 1.429875, 0.001007
4, 308, 2, 2, 0, 1, 1, 1, 2.310605, 0.001006
4, 309, 5, 0, 1, 1, -1, 0, 1.451563, 0.001042
4, 310, 2, 0, 1, 1, -1, 0, 1.266852, 0.001043
4, 311, 1, 2, 0, 1, 1, 1, 1.541869, 0.001003
4, 312, 2, 0, 1, 1, -1, 0, 1.158802, 0.021005
4, 313, 6, 0, 0, -1, 1, 0, 1.107515, 0.001018
4, 314, 1, 0, 1, 1, -1, 0, 1.057848, 0.001040
4, 315, 3, 1, 0, 1, 1, -1, 1.819346, 0.053846
4, 316, 2, 0, 1, 1, -1, 0, 1.420354, 0.001080
4, 317, 5, 6, 1, -1, -1, -1, 1.850598, 0.584538
4, 318, 6, 0, 1, 1, 1, 0, 2.397280, 0.040844
4, 319, 3, 0, 1, 1, -1, 0, 0.001330, 0.014250
4, 320, 5, 0, 1, 1, -1, 0, 1.087142, 0.020868
4, 321, 3, 5, 1, 1, -1, -1, 1.436639, 0.001010
4, 322, 1, 6, 1, 1, -1, -1, 1.924675, 0.080926
4, 323, 4, 4, 1, 1, -1, -1, 1.395416, 0.001064
4, 324, 1, 3, 1, 1, -1, -1, 1.120116, 0.001013
4, 325, 3, 0, 1, 1, 1, 0, 2.249978, 0.001075
4, 326, 4, 0, 1, 1, -1, 0, 1.800384, 0.001009
4, 327, 6, 1, 1, 1, 1, 1, 1.639989, 0.001025
4, 328, 6, 3, 1, 1, 1, 1, 2.364059, 0.001050
4, 329, 2, 0, 1, 1, 1, 0, 1.282374, 0.000990
4, 330, 4, 6, 1, 1, -1, -1, 2.610267, 0.001299
4, 331, 1, 0, 1, 1, -1, 0, 2.141255, 0.000984
4, 332, 3, 0, 1, 1, 1, 0, 2.672834, 0.001079
4, 333, 1, 0, 1, 1, -1, 0, 2.344314, 0.001013
4, 334, 6, 2, 1, 1, 1, 1, 1.529185, 0.001023
4, 335, 4, 2, 1, -1, -1, -1, 1.973148, 0.179370
4, 336, 4, 2, 1, -1, 1, -1, 2.316305, 0.133246
4, 337, 4, 0, 1, 1, -1, 0, 1.252198, 0.027604
4, 338, 1, 0, 1, 1, -1, 0, 1.761130, 0.093664
4, 339, 3, 0, 1, 1, -1, 0, 1.345027, 0.133585
4, 340, 5, 3, 1, 1, 1, -1, 1.740925, 0.066999
4, 341, 3, 4, 1, -1, -1, 1, 2.355695, 0.571646
4, 342, 4, 0, 1, 1, 1, 0, 1.161239, 0.080729
4, 343, 4, 1, 1, 1, 1, -1, 2.354388, 0.080692
4, 344, 5, 0, 1, 1, 1, 0, 1.197074, 0.060431
4, 345, 1, 0, 1, 1, -1, 0, 1.581259, 0.020991
4, 346, 3, 1, 1, 1, -1, 1, 1.491000, 0.060837
4, 347, 6, 0, 1, 1, -1, 0, 1.168702, 0.054255
4, 348, 6, 1, 1, 1, -1, 1, 2.179635, 0.087216
4, 349, 2, 0, 1, 1, -1, 0, 1.033086, 0.027157
4, 350, 3, 0, 1, 1, -1, 0, 0.962538, 0.079959
4, 351, 3, 0, 1, 1, 1, 0, 4.552602, 0.491317
4, 352, 6, 3, 1, 1, -1, -1, 1.700028, 0.120853
4, 353, 6, 0, 1, 1, -1, 0, 0.549658, 0.001006
4, 354, 5, 0, 0, 1, 1, 0, 1.040277, 0.001017
4, 355, 4, 0, 1, 1, 1, 0, 1.087498, 0.001021
4, 356, 6, 1, 1, 1, -1, -1, 1.501128, 0.080583
4, 357, 1, 2, 0, -1, -1, -1, 1.830227, 1.233455
4, 358, 2, 0, 1, 1, -1, 0, 1.622999, 0.079581
4, 359, 1, 2, 1, 1, 1, -1, 1.704075, 0.073110
4, 360, 4, 1, 1, 1, -1, -1, 2.667159, 0.073570
4, 361, 6, 0, 1, 1, 1, 0, 1.228192, 0.047402
4, 362, 4, 0, 1, 1, 1, 0, 1.691096, 0.080456
4, 363, 6, 4, 1, 1, -1, -1, 1.360586, 0.067256
4, 364, 5, 0, 1, 1, -1, 0, 1.143955, 0.001020
4, 365, 5, 0, 1, 1, -1, 0, 1.244235, 0.113564
4, 366, 1, 4, 1, 1, -1, 1, 1.523403, 0.007063
4, 367, 5, 4, 1, -1, -1, 1, 1.703264, 0.181237
4, 368, 3, 1, 1, 1, 1, 1, 1.470470, 0.027725
4, 369, 6, 4, 1, 1, 1, -1, 1.226832, 0.074058
4, 370, 1, 6, 1, 1, -1, -1, 2.238101, 0.040490
4, 371, 3, 0, 1, 1, 1, 0, 1.149508, 0.027680
4, 372, 5, 6, 1, 1, -1, 1, 2.151180, 0.087898
4, 373, 2, 1, 1, 1, -1, 1, 2.552894, 0.040805
4, 374, 5, 0, 0, 1, -1, 0, 1.202219, 0.041088
4, 375, 5, 0, 1, 1, 1, 0, 1.410521, 0.040739
4, 376, 2, 6, 1, -1, -1, 1, 2.056433, 0.810697
4, 377, 2, 0, 1, 1, -1, 0, 1.429331, 0.067584
4, 378, 1, 0, 1, 1, 1, 0, 1.074509, 0.001110
4, 379, 4, 0, 1, 1, -1, 0, 1.076256, 0.021020
4, 380, 5, 3, 1, -1, -1, 1, 1.508624, 0.167671
4, 381, 1, 5, 1, 1, -1, 1, 1.667280, 0.080181
4, 382, 2, 3, 0, 1, 1, -1, 1.764180, 0.060269
4, 383, 5, 3, 1, -1, -1, -1, 1.702056, 0.589784
4, 384, 6, 1, 0, 1, 1, -1, 1.981013, 0.027611
4, 385, 4, 5, 1, 1, 1, 1, 1.631416, 0.001005
4, 386, 2, 0, 1, 1, 1, 0, 1.044463, 0.087439
4, 387, 3, 6, 1, 1, -1, 1, 1.344616, 0.423759
4, 388, 2, 0, 1, 1, -1, 0, 1.069436, 0.007710
4, 389, 5, 2, 1, 1, 1, 1, 1.390691, 0.034313
4, 390, 3, 0, 1, 1, -1, 0, 1.209063, 0.053394
4, 391, 1, 0, 1, 1, 1, 0, 1.150544, 0.021031
4, 392, 5, 0, 1, 1, -1, 0, 1.692433, 0.007650
4, 393, 5, 6, 1, 1, 1, 1, 1.276057, 0.033715
4, 394, 1, 3, 1, 1, 1, -1, 2.098736, 0.127148
4, 395, 3, 0, 1, 1, 1, 0, 0.915425, 0.094253
4, 396, 5, 0, 1, 1, -1, 0, 1.386354, 0.027629
4, 397, 4, 4, 1, -1, 1, -1, 1.396792, 0.166792
4, 398, 1, 0, 1, 1, 1, 0, 1.232044, 0.014303
4, 399, 1, 0, 1, 1, -1, 0, 0.996793, 1.078192
4, 400, 6, 5, 1, 1, -1, -1, 1.760396, 0.227403
4, 401, 1, 0, 1, 1, 1, 0, 0.001122, 0.392639
4, 402, 4, 5, 1, 1, -1, -1, 1.785152, 0.040395
4, 403, 2, 0, 1, 1, 1, 0, 1.066237, 0.026907
4, 404, 1, 3, 1, 1, -1, 1, 2.821564, 0.100213
4, 405, 6, 0, 1, 1, -1, 0, 0.996049, 0.060543
4, 406, 1, 0, 1, 1, 1, 0, 1.364193, 0.026973
4, 407, 6, 5, 1, 1, 1, 1, 1.277109, 0.040910
4, 408, 3, 6, 1, 1, -1, 1, 1.375679, 0.113493
4, 409, 3, 0, 1, 1, 1, 0, 1.205125, 0.020043
4, 410, 4, 4, 1, 1, 1, -1, 1.210254, 0.126394
4, 411, 4, 2, 1, 1, 1, 1, 1.116842, 0.066477
4, 412, 1, 2, 1, -1, -1, -1, 1.746623, 0.061149
4, 413, 5, 0, 1, 1, 1, 0, 1.170522, 0.041004
4, 414, 6, 0, 1, 1, -1, 0, 1.567645, 0.007678
4, 415, 1, 3, 1, 1, 1, -1, 1.268626, 0.093121
4, 416, 1, 0, 1, 1, 1, 0, 1.099296, 0.060741
4, 417, 4, 0, 1, 1, -1, 0, 1.181574, 0.166484
4, 418, 5, 0, 1, 1, -1, 0, 0.837408, 0.001034
4, 419, 2, 0, 1, 1, 1, 0, 1.161061, 0.046731
4, 420, 1, 0, 1, 1, -1, 0, 1.091508, 0.001044
4, 421, 4, 1, 1, -1, -1, 1, 1.912730, 0.418542
4, 422, 6, 2, 1, 1, 1, -1, 1.344620, 0.033868
4, 423, 1, 0, 1, 1, 1, 0, 1.049306, 0.061111
4, 424, 5, 0, 1, 1, -1, 0, 0.997910, 0.060660
4, 425, 2, 0, 1, 1, 1, 0, 1.074690, 0.034323
4, 426, 3, 0, 1, 1, 1, 0, 1.028607, 0.067168
4, 427, 6, 3, 1, 1, -1, 1, 1.398410, 0.007641
4, 428, 2, 1, 1, 1, 1, -1, 1.507210, 0.139043
4, 429, 4, 1, 1, 1, 1, 1, 1.371863, 0.014306
4, 430, 1, 2, 1, 1, -1, 1, 1.270175, 0.067399
4, 431, 6, 2, 1, 1, -1, -1, 1.001219, 0.127108
4, 432, 1, 5, 1, -1, 1, 1, 1.531411, 0.246840
4, 433, 6, 4, 1, 1, -1, 1, 1.473489, 0.087106
4, 434, 2, 2, 1, 1, -1, 1, 1.233153, 0.047346
4, 435, 6, 0, 1, 1, 1, 0, 1.104891, 0.047365
4, 436, 1, 0, 1, 1, -1, 0, 0.829704, 0.087345
4, 437, 2, 5, 1, -1, 1, 1, 1.555213, 0.126067
4, 438, 2, 0, 1, 1, 1, 0, 1.029702, 0.060800
4, 439, 6, 0, 1, 1, -1, 0, 0.962384, 0.014297
4, 440, 3, 2, 1, 1, -1, -1, 1.233307, 0.047351
4, 441, 4, 2, 1, 1, -1, 1, 0.159157, 0.152933
4, 442, 2, 4, 1, 1, 1, 1, 2.572181, 0.027812
4, 443, 1, 0, 1, 1, -1, 0, 0.966991, 0.067282
4, 444, 6, 5, 0, 1, 1, -1, 1.173333, 0.067224
4, 445, 2, 4, 1, 1, 1, -1, 1.304733, 0.093339
4, 446, 4, 0, 1, 1, -1, 0, 1.051584, 0.960711
4, 447, 1, 6, 1, 1, -1, 1, 1.131259, 0.437957
4, 448, 5, 1, 1, 1, 1, -1, 1.396443, 0.100519
4, 449, 5, 4, 1, 1, 1, -1, 1.127304, 1.106680
4, 450, 2, 6, 1, 1, 1, -1, 1.363712, 0.596304
4, 451, 6, 6, 1, 1, -1, -1, 2.333191, 0.001038
4, 452, 4, 0, 1, 1, 1, 0, 0.961584, 0.073398
4, 453, 2, 0, 1, 1, -1, 0, 1.435441, 0.120032
4, 454, 3, 4, 1, 1, -1, 1, 1.139899, 0.087030
4, 455, 3, 4, 1, 1, -1, -1, 1.146192, 0.007634
4, 456, 4, 5, 0, 1, 1, -1, 1.095963, 0.033766
4, 457, 4, 0, 1, 1, -1, 0, 0.710635, 0.027564
4, 458, 1, 6, 0, 1, 1, -1, 1.014696, 0.001024
4, 459, 5, 5, 1, 1, 1, 1, 1.504741, 0.054498
4, 460, 4, 3, 1, 1, 1, 1, 0.889398, 0.014221
4, 461, 1, 4, 1, 1, 1, -1, 0.907520, 0.073301
4, 462, 6, 0, 1, 1, -1, 0, 0.965684, 0.272849
4, 463, 5, 0, 1, 1, -1, 0, 1.219923, 0.060619
4, 464, 3, 0, 1, 1, -1, 0, 1.549359, 0.067682
4, 465, 1, 0, 0, 1, 1, 0, 0.771157, 1.341086
4, 466, 5, 0, 1, 1, 1, 0, 1.002124, 0.073715
4, 467, 3, 3, 1, 1, -1, -1, 1.168098, 0.086464
4, 468, 2, 6, 1, -1, -1, -1, 2.260051, 1.339285
4, 469, 2, 0, 1, 1, 1, 0, 1.462150, 0.517530
4, 470, 5, 0, 1, 1, -1, 0, 2.590010, 0.423194
4, 471, 1, 0, 1, 1, 1, 0, 1.254370, 0.080466
4, 472, 6, 0, 1, 1, -1, 0, 1.140336, 0.087466
4, 473, 2, 0, 1, 1, -1, 0, 1.107384, 0.054322
4, 474, 3, 0, 1, 1, -1, 0, 1.248831, 0.477103
4, 475, 6, 0, 1, 1, 1, 0, 1.153187, 0.014239
4, 476, 4, 5, 1, 1, 1, 1, 1.280016, 0.165387
4, 477, 4, 0, 1, 1, 1, 0, 0.969087, 0.040979
4, 478, 3, 0, 1, 1, -1, 0, 1.297743, 0.080461
4, 479, 1, 0, 1, 1, -1, 0, 0.901832, 0.001039
4, 480, 3, 0, 1, 1, 1, 0, 1.013695, 0.020929
4, 481, 5, 0, 1, 1, 1, 0, 0.785253, 0.060353
4, 482, 5, 5, 1, 1, 1, -1, 0.943510, 0.067646
4, 483, 6, 0, 1, 1, -1, 0, 1.156491, 0.020619
4, 484, 5, 1, 1, -1, 1, -1, 1.365390, 2.135139
4, 485, 6, 0, 1, 1, 1, 0, 1.200418, 0.060895
4, 486, 2, 0, 1, 1, 1, 0, 1.013690, 0.159919
4, 487, 2, 4, 1, 1, -1, 1, 1.359450, 0.040324
4, 488, 2, 0, 1, 1, -1, 0, 2.991200, 0.054369
4, 489, 2, 6, 1, -1, 1, 1, 1.478854, 0.366615
4, 490, 2, 0, 1, 1, 1, 0, 1.093615, 0.053403
4, 491, 2, 3, 1, 1, -1, 1, 1.482713, 0.085907
4, 492, 3, 4, 1, 1, -1, -1, 1.184925, 0.080671
4, 493, 6, 0, 1, 1, -1, 0, 0.854085, 0.087405
4, 494, 6, 3, 1, 1, 1, -1, 1.255806, 0.034052
4, 495, 5, 3, 1, 1, -1, -1, 1.085166, 0.034133
4, 496, 3, 0, 1, 1, 1, 0, 1.193353, 0.001001
4, 497, 5, 0, 1, 1, 1, 0, 1.056907, 0.001017
4, 498, 5, 0, 1, 1, 1, 0, 1.037430, 0.014319
4, 499, 2, 5, 1, 1, 1, -1, 1.153452, 0.039986
4, 500, 4, 0, 1, 1, -1, 0, 1.068442, 0.027059
4, 501, 6, 0, 0, 1, 1, 0, 1.159251, 0.001016
4, 502, 4, 0, 1, 1, 1, 0, 1.011510, 0.007671
4, 503, 1, 0, 1, 1, -1, 0, 1.076855, 0.001007
4, 504, 6, 6, 1, 1, 1, 1, 1.363589, 0.000994
4, 505, 5, 0, 1, 1, 1, 0, 0.916515, 0.014413
4, 506, 5, 0, 1, 1, 1, 0, 0.759274, 0.352931
4, 507, 3, 2, 1, 1, -1, 1, 1.680788, 0.020925
4, 508, 4, 3, 1, 1, 1, -1, 1.021183, 0.876344
4, 509, 6, 0, 1, 1, 1, 0, 0.716599, 0.034000
4, 510, 1, 1, 1, -1, -1, 1, 1.511395, 0.001044
4, 511, 1, 0, 1, 1, 1, 0, 0.881797, 0.060476
4, 512, 5, 0, 1, 1, 1, 0, 0.656656, 0.106872
4, 513, 4, 0, 1, 1, 1, 0, 0.605119, 0.060889
4, 514, 4, 1, 1, 1, 1, 1, 1.522022, 0.061116
4, 515, 1, 0, 1, 1, -1, 0, 1.333866, 0.034272
4, 516, 4, 2, 1, 1, -1, -1, 1.242344, 0.001049
4, 517, 3, 0, 1, 1, 1, 0, 0.981677, 0.066689
4, 518, 6, 0, 1, 1, -1, 0, 1.887191, 0.074606
4, 519, 3, 1, 1, 1, -1, -1, 1.308297, 0.054303
4, 520, 4, 3, 1, 1, -1, -1, 1.323994, 0.053775
4, 521, 5, 3, 1, 1, 1, 1, 1.296596, 0.060808
4, 522, 6, 0, 1, 1, -1, 0, 0.849125, 0.014227
4, 523, 2, 4, 1, 1, 1, -1, 1.206074, 0.080238
4, 524, 1, 0, 1, 1, -1, 0, 0.968139, 0.020859
4, 525, 6, 6, 1, 1, -1, 1, 0.871235, 0.054428
4, 526, 2, 0, 1, 1, -1, 0, 0.001069, 0.087037
4, 527, 2, 3, 1, 1, -1, -1, 0.765132, 0.001031
4, 528, 4, 3, 1, 1, 1, -1, 1.291121, 0.060947
4, 529, 3, 0, 1, 1, -1, 0, 1.275883, 0.061232
4, 530, 2, 3, 1, 1, 1, -1, 1.090518, 0.034079
4, 531, 3, 2, 1, 1, 1, 1, 0.953969, 0.218113
4, 532, 5, 4, 1, 1, -1, -1, 0.001053, 0.027312
4, 533, 3, 6, 1, 1, 1, 1, 1.136099, 0.040920
4, 534, 1, 4, 1, 1, -1, -1, 1.156878, 0.034291
4, 535, 6, 5, 1, 1, -1, -1, 0.782307, 0.054093
4, 536, 4, 0, 1, 1, -1, 0, 0.849264, 0.192649
4, 537, 4, 6, 1, 1, -1, 1, 0.914576, 0.034284
4, 538, 4, 4, 1, 1, -1, 1, 0.898142, 0.014254
4, 539, 4, 0, 0, 1, 1, 0, 0.773936, 0.001011
4, 540, 4, 0, 1, 1, 1, 0, 1.102352, 0.047489
4, 541, 2, 0, 1, 1, 1, 0, 1.219556, 0.007659
4, 542, 6, 3, 1, 1, 1, -1, 1.170267, 0.020806
4, 543, 2, 0, 0, 1, -1, 0, 1.257911, 1.557224
4, 544, 2, 4, 1, 1, 1, 1, 0.883173, 0.067020
4, 545, 3, 0, 1, 1, 1, 0, 0.665040, 0.060625
4, 546, 6, 0, 1, 1, -1, 0, 1.639340, 0.067001
4, 547, 1, 3, 1, 1, -1, -1, 1.835971, 0.001015
4, 548, 6, 5, 1, 1, 1, -1, 1.068187, 0.020896
4, 549, 5, 3, 1, 1, 1, 1, 2.730696, 0.060462
4, 550, 3, 1, 1, 1, 1, -1, 1.571350, 0.556852
4, 551, 2, 2, 1, 1, 1, 1, 1.248152, 0.047303
4, 552, 4, 6, 1, 1, 1, -1, 0.910326, 0.114042
4, 553, 3, 3, 1, 1, -1, 1, 1.350937, 0.014312
4, 554, 4, 2, 1, 1, -1, 1, 1.072409, 0.027633
4, 555, 1, 0, 1, 1, -1, 0, 0.896003, 0.417761
4, 556, 3, 5, 1, 1, -1, 1, 0.906259, 0.034160
4, 557, 1, 0, 1, 1, 1, 0, 1.000623, 0.021001
4, 558, 1, 0, 1, 1, 1, 0, 0.669408, 0.093640
4, 559, 2, 5, 1, 1, 1, -1, 0.921822, 0.060678
4, 560, 1, 0, 1, 1, 1, 0, 0.932452, 0.053617
4, 561, 5, 0, 1, 1, -1, 0, 1.467579, 0.047281
4, 562, 6, 1, 1, 1, -1, -1, 1.202632, 0.033993
4, 563, 1, 1, 1, 1, -1, -1, 1.153092, 0.047665
4, 564, 1, 1, 1, 1, 1, 1, 1.253085, 0.020708
4, 565, 4, 0, 1, 1, -1, 0, 1.064505, 0.040747
4, 566, 5, 0, 1, 1, -1, 0, 0.974874, 0.053900
4, 567, 3, 3, 1, -1, -1, 1, 1.494683, 0.537429
4, 568, 1, 0, 1, 1, -1, 0, 0.884033, 0.140505
4, 569, 5, 0, 1, 1, -1, 0, 0.770221, 0.014322
4, 570, 6, 3, 1, 1, 1, 1, 1.443640, 0.040864
4, 571, 2, 0, 1, 1, 1, 0, 0.892112, 0.047507
4, 572, 3, 5, 1, 1, 1, -1, 0.973580, 0.013913
4, 573, 3, 1, 1, 1, -1, -1, 1.781983, 0.107728
4, 574, 6, 0, 1, 1, -1, 0, 0.955339, 0.034135
4, 575, 1, 0, 1, 1, 1, 0, 1.048241, 0.094104
4, 576, 4, 0, 1, 1, -1, 0, 0.907163, 0.040605
