observer, trial, targLoc, distLoc, targDiscrim, thoughtNoAttCap, tc, dc, RT, TrialTypeRT
5, 2, 4, 0, 1, 1, 1, 0, 1.255261, 5.374736
5, 3, 5, 0, 1, 1, -1, 0, 0.828220, 3.410462
5, 4, 1, 1, 1, 3, -1, -1, 0.911642, 2.405424
5, 5, 4, 3, 1, -1, 1, 1, 1.189377, 2.762693
5, 6, 4, 1, 1, -1, 1, -1, 0.458669, 1.264794
5, 7, 5, 0, 1, 1, 1, 0, 0.682166, 3.537499
5, 8, 2, 0, 1, 1, 1, 0, 0.889310, 2.068573
5, 10, 2, 0, 1, -1, -1, 0, 0.725365, 2.993683
5, 11, 5, 4, 1, -1, 1, -1, 0.708857, 2.027868
5, 12, 1, 4, 1, -1, 1, -1, 1.481453, 1.730373
5, 13, 2, 0, 1, 1, 1, 0, 0.681761, 3.266687
5, 14, 6, 5, 0, 3, -1, -1, 1.384731, 0.000000
5, 15, 3, 0, 1, 1, 1, 0, 0.677021, 2.584384
5, 16, 3, 0, 0, -1, -1, 0, 0.571523, 3.424270
5, 17, 6, 4, 1, -1, -1, 1, 1.158943, 1.962136
5, 18, 3, 5, 1, -1, 1, 1, 0.506202, 0.964553
5, 19, 3, 1, 0, 3, 1, 1, 0.518469, 0.000000
5, 20, 2, 4, 1, -1, 1, 1, 0.668872, 2.237747
5, 21, 1, 0, 0, -1, 1, 0, 1.170042, 2.029142
5, 22, 5, 0, 1, 1, 1, 0, 0.591281, 2.199906
5, 23, 2, 0, 1, 1, 1, 0, 0.557784, 1.293755
5, 24, 2, 1, 1, -1, -1, -1, 0.649125, 1.774180
5, 25, 6, 2, 1, -1, 1, 1, 0.584903, 2.301736
5, 26, 3, 0, 1, 1, 1, 0, 0.390721, 2.474587
5, 27, 3, 0, 1, -1, 1, 0, 0.364409, 2.124975
5, 28, 3, 1, 0, -1, -1, 1, 0.405203, 1.842453
5, 29, 5, 0, 1, -1, -1, 0, 0.763185, 1.338088
5, 30, 1, 0, 1, 1, 1, 0, 0.552053, 2.009512
5, 31, 6, 5, 1, -1, 1, 1, 0.770917, 2.427266
5, 32, 3, 0, 1, -1, 1, 0, 0.445203, 2.460166
5, 33, 3, 1, 0, 3, -1, 1, 0.780460, 0.000000
5, 35, 1, 0, 0, 3, 1, 0, 0.473050, 0.756884
5, 36, 5, 5, 0, -1, -1, 1, 0.505602, 1.735624
5, 37, 5, 6, 1, -1, 1, -1, 1.094235, 1.382433
5, 38, 1, 0, 1, 1, -1, 0, 0.529714, 1.625223
5, 39, 6, 0, 1, 1, -1, 0, 0.526567, 1.618501
5, 40, 3, 0, 1, 1, 1, 0, 0.459037, 1.968567
5, 41, 5, 2, 1, 1, 1, -1, 0.563639, 1.978397
5, 42, 1, 0, 1, 1, 1, 0, 0.578016, 1.235681
5, 43, 4, 0, 0, -1, -1, 0, 0.420425, 1.990693
5, 44, 5, 0, 1, -1, 1, 0, 0.511051, 1.688952
5, 45, 3, 5, 0, -1, -1, -1, 0.483308, 0.857864
5, 46, 1, 5, 1, -1, 1, 1, 0.706210, 1.142134
5, 47, 1, 0, 0, -1, 1, 0, 0.754035, 1.086263
5, 48, 6, 3, 0, -1, -1, -1, 0.650628, 1.818260
5, 49, 5, 0, 1, 1, -1, 0, 0.715518, 6.257523
5, 50, 4, 0, 1, 1, -1, 0, 0.800934, 2.575635
5, 51, 5, 0, 1, 1, -1, 0, 0.728876, 2.364579
5, 52, 6, 0, 1, 1, -1, 0, 0.764447, 2.237369
5, 53, 3, 0, 1, -1, -1, 0, 0.862643, 1.625610
5, 54, 5, 0, 1, 1, 1, 0, 0.578361, 1.851777
5, 55, 4, 0, 1, 1, 1, 0, 0.498094, 1.764737
5, 56, 3, 0, 1, 1, 1, 0, 0.580570, 1.752967
5, 57, 6, 0, 1, -1, 1, 0, 0.687841, 1.818539
5, 58, 1, 0, 1, 1, -1, 0, 0.469941, 5.811752
5, 59, 5, 0, 1, 1, 1, 0, 0.359451, 2.205378
5, 60, 3, 6, 1, -1, -1, -1, 0.902565, 1.587953
5, 61, 2, 0, 1, 1, -1, 0, 0.544767, 2.361232
5, 62, 3, 1, 1, -1, 1, 1, 0.643006, 1.394671
5, 63, 1, 2, 1, -1, 1, -1, 0.772971, 2.122150
5, 64, 2, 2, 1, -1, -1, 1, 0.567677, 3.252768
5, 65, 5, 1, 1, -1, 1, 1, 0.629291, 5.041745
5, 66, 1, 4, 0, -1, -1, 1, 0.576340, 1.011673
5, 67, 5, 0, 1, 1, -1, 0, 0.576534, 1.916623
5, 68, 1, 0, 1, 1, -1, 0, 0.692336, 2.807525
5, 69, 5, 0, 1, 1, 1, 0, 0.516281, 2.905672
5, 70, 2, 3, 1, -1, -1, 1, 0.754108, 2.798180
5, 71, 3, 2, 1, -1, -1, -1, 0.769336, 1.653157
5, 72, 4, 0, 1, 1, 1, 0, 0.473030, 1.618700
5, 73, 1, 3, 1, -1, 1, 1, 0.814789, 1.541225
5, 74, 6, 0, 1, 1, -1, 0, 0.519610, 1.353767
5, 75, 4, 0, 1, 1, 1, 0, 0.607656, 1.930085
5, 76, 4, 0, 1, 1, 1, 0, 0.365415, 1.439353
5, 77, 4, 0, 1, 1, 1, 0, 0.404202, 1.360549
5, 78, 6, 0, 1, 1, -1, 0, 0.577840, 1.418188
5, 79, 1, 4, 1, -1, -1, -1, 0.642516, 1.394584
5, 80, 3, 0, 1, 1, 1, 0, 0.491878, 1.635430
5, 81, 2, 0, 1, 1, -1, 0, 0.511637, 2.055621
5, 83, 2, 5, 1, -1, -1, -1, 0.852205, 2.771303
5, 84, 2, 6, 1, -1, 1, -1, 0.602813, 4.812995
5, 85, 2, 0, 1, 1, 1, 0, 0.522700, 1.652422
5, 86, 6, 0, 0, -1, 1, 0, 0.539058, 0.809610
5, 87, 2, 0, 1, -1, -1, 0, 0.529661, 0.973051
5, 88, 1, 1, 1, -1, 1, -1, 1.301695, 1.851325
5, 89, 3, 0, 1, 1, 1, 0, 0.457311, 1.881338
5, 90, 5, 5, 1, -1, 1, -1, 0.714723, 0.874871
5, 91, 6, 6, 1, -1, -1, 1, 1.154024, 1.407177
5, 92, 6, 6, 1, -1, 1, -1, 0.691695, 0.837108
5, 93, 6, 1, 1, -1, -1, 1, 0.774703, 0.537521
5, 94, 1, 4, 0, -1, -1, 1, 0.764383, 0.891418
5, 95, 5, 1, 0, 3, -1, -1, 0.903285, 0.552068
5, 96, 6, 0, 1, 1, -1, 0, 0.715882, 2.547869
5, 97, 4, 6, 1, -1, -1, 1, 1.203621, 1.102709
5, 98, 1, 0, 1, 1, -1, 0, 0.531642, 3.179572
5, 99, 1, 4, 1, -1, 1, 1, 0.725584, 2.158139
5, 100, 3, 0, 1, 1, 1, 0, 0.479275, 3.096287
5, 101, 6, 6, 1, -1, 1, 1, 1.137808, 1.511487
5, 102, 3, 1, 1, -1, 1, -1, 0.728283, 1.903646
5, 103, 6, 0, 1, 1, -1, 0, 0.522861, 1.427701
5, 104, 3, 2, 1, -1, -1, 1, 1.099521, 1.945259
5, 105, 4, 5, 1, -1, -1, -1, 0.844820, 1.145459
5, 106, 1, 6, 1, -1, -1, -1, 0.792648, 1.954137
5, 107, 6, 2, 1, -1, -1, 1, 1.392793, 2.418392
5, 108, 5, 2, 1, -1, 1, 1, 0.758045, 0.951079
5, 109, 1, 6, 1, -1, -1, -1, 0.603794, 0.645109
5, 110, 3, 0, 1, -1, -1, 0, 1.148226, 0.570419
5, 111, 5, 6, 1, -1, -1, 1, 1.092252, 1.000001
5, 113, 3, 2, 1, -1, 1, 1, 0.643410, 0.983640
5, 114, 6, 1, 1, -1, -1, -1, 0.788109, 2.677167
5, 115, 1, 0, 0, 1, 1, 0, 0.583255, 1.707313
5, 116, 4, 0, 1, 1, -1, 0, 0.690049, 1.380806
5, 117, 3, 0, 1, 1, 1, 0, 0.578458, 1.754944
5, 118, 2, 0, 1, 1, -1, 0, 0.498960, 2.988381
5, 119, 6, 0, 1, 1, 1, 0, 0.616576, 4.489190
5, 120, 2, 6, 1, -1, 1, -1, 0.705878, 7.499299
5, 121, 2, 0, 1, 1, 1, 0, 0.539388, 5.043595
5, 122, 1, 4, 1, -1, -1, -1, 0.808498, 1.452802
5, 123, 6, 0, 1, 1, -1, 0, 0.732800, 1.756773
5, 124, 2, 3, 1, -1, -1, -1, 0.654364, 1.836443
5, 125, 5, 0, 1, -1, -1, 0, 0.688756, 0.997012
5, 126, 6, 0, 1, 1, -1, 0, 0.551412, 1.469394
5, 127, 3, 0, 1, -1, 1, 0, 0.988060, 1.696795
5, 128, 3, 6, 1, -1, -1, -1, 1.033036, 0.734659
5, 129, 5, 0, 1, 1, 1, 0, 0.528823, 1.395817
5, 130, 5, 2, 1, -1, -1, 1, 0.805566, 1.176283
5, 131, 1, 0, 1, 1, 1, 0, 0.553015, 3.706433
5, 132, 6, 0, 1, 1, 1, 0, 0.537999, 2.505399
5, 133, 3, 0, 1, 1, -1, 0, 0.683797, 2.431180
5, 134, 5, 5, 1, -1, -1, 1, 1.034172, 0.836918
5, 135, 2, 3, 1, -1, 1, 1, 0.688985, 1.444267
5, 136, 3, 0, 1, 1, -1, 0, 0.536016, 1.506321
5, 137, 5, 1, 1, -1, -1, 1, 1.229520, 2.236770
5, 138, 4, 0, 1, 1, 1, 0, 0.430478, 3.466295
5, 139, 1, 6, 1, -1, 1, -1, 0.974772, 1.828104
5, 140, 6, 0, 0, -1, -1, 0, 0.759551, 0.953699
5, 141, 1, 0, 1, 1, -1, 0, 0.572069, 1.728627
5, 142, 3, 4, 1, -1, 1, -1, 0.550018, 2.018011
5, 143, 5, 1, 1, -1, 1, -1, 0.687582, 0.343860
5, 144, 1, 0, 1, 1, 1, 0, 0.688599, 1.739950
5, 145, 5, 2, 1, -1, 1, 1, 0.539163, 0.617666
5, 146, 4, 6, 1, -1, -1, -1, 0.908956, 0.656502
5, 147, 5, 0, 1, 1, -1, 0, 0.583721, 1.680755
5, 148, 2, 6, 1, -1, 1, 1, 0.589222, 0.402989
5, 149, 6, 0, 1, 1, 1, 0, 0.517585, 2.307980
5, 150, 6, 1, 1, -1, 1, 1, 0.516140, 0.662935
5, 151, 5, 0, 1, 1, -1, 0, 0.800495, 1.919591
5, 152, 4, 0, 1, 1, 1, 0, 0.565710, 1.287224
5, 153, 6, 0, 1, 1, -1, 0, 0.596224, 2.286939
5, 154, 4, 0, 1, 1, -1, 0, 0.557110, 1.264310
5, 155, 3, 6, 1, -1, 1, -1, 0.603356, 0.713671
5, 156, 2, 4, 1, 1, 1, 1, 0.600482, 1.576549
5, 158, 3, 0, 1, 1, -1, 0, 0.518537, 1.221521
5, 159, 6, 3, 1, -1, -1, 1, 0.986245, 1.345233
5, 160, 2, 0, 1, 1, 1, 0, 0.625576, 1.501599
5, 161, 3, 3, 1, -1, 1, 1, 0.615739, 0.683087
5, 162, 6, 0, 1, 1, 1, 0, 0.873404, 1.336384
5, 163, 1, 0, 1, 1, 1, 0, 0.577598, 1.436125
5, 164, 1, 0, 1, 1, 1, 0, 0.450692, 1.521014
5, 165, 2, 5, 1, 1, 1, 1, 0.485039, 1.488728
5, 166, 3, 6, 1, -1, 1, 1, 0.451550, 0.659026
5, 167, 5, 0, 0, -1, -1, 0, 0.438553, 0.767122
5, 168, 4, 5, 1, -1, -1, 1, 1.247267, 0.727801
5, 169, 1, 6, 0, -1, -1, 1, 0.815283, 0.805277
5, 170, 6, 3, 0, -1, 1, 1, 0.765824, 0.857352
5, 171, 6, 2, 1, -1, -1, 1, 0.801929, 1.705878
5, 172, 3, 2, 1, -1, 1, 1, 0.496584, 1.765979
5, 173, 2, 0, 1, 1, 1, 0, 0.518818, 1.090526
5, 174, 1, 3, 1, -1, 1, 1, 0.772794, 0.962853
5, 175, 1, 3, 1, -1, -1, 1, 0.766455, 0.795925
5, 176, 2, 0, 1, 1, -1, 0, 0.678714, 1.660363
5, 177, 3, 0, 1, 1, -1, 0, 0.579099, 2.314757
5, 178, 4, 0, 1, 1, 1, 0, 0.564148, 2.910910
5, 179, 1, 0, 1, 1, 1, 0, 0.509069, 1.172210
5, 180, 5, 5, 1, -1, -1, -1, 0.904820, 0.764808
5, 181, 5, 0, 0, -1, 1, 0, 0.847369, 0.720626
5, 182, 4, 0, 1, 1, 1, 0, 0.516205, 1.408548
5, 183, 5, 6, 1, -1, -1, -1, 0.776396, 0.674909
5, 184, 3, 2, 1, -1, 1, -1, 0.582517, 0.608508
5, 185, 6, 5, 1, -1, 1, 1, 0.615525, 0.522123
5, 186, 5, 0, 1, 1, -1, 0, 0.509888, 1.163698
5, 187, 2, 0, 1, 1, 1, 0, 0.430101, 1.006559
5, 188, 3, 0, 1, 1, 1, 0, 0.446161, 1.942185
5, 189, 4, 0, 1, 1, -1, 0, 0.484248, 1.494586
5, 190, 6, 2, 1, -1, -1, -1, 0.748374, 0.827117
5, 191, 3, 5, 1, -1, -1, 1, 0.912416, 0.853049
5, 192, 1, 0, 1, 1, 1, 0, 0.636468, 1.454325
5, 193, 3, 0, 1, 1, -1, 0, 0.524291, 1.307746
5, 194, 1, 5, 1, -1, -1, 1, 0.913672, 0.889287
5, 195, 5, 0, 1, 1, -1, 0, 0.509111, 1.421109
5, 196, 1, 0, 1, 1, -1, 0, 0.524809, 1.134812
5, 197, 3, 0, 1, 1, -1, 0, 0.563697, 1.310830
5, 198, 1, 6, 0, -1, -1, 1, 0.800470, 1.288022
5, 199, 1, 6, 1, -1, 1, -1, 0.616028, 1.079480
5, 200, 5, 3, 1, -1, 1, -1, 0.642601, 4.218412
5, 201, 6, 0, 1, 1, 1, 0, 0.711556, 1.425211
5, 202, 2, 0, 1, 1, 1, 0, 0.563298, 2.891190
5, 203, 5, 6, 1, -1, -1, -1, 0.581900, 0.821834
5, 204, 1, 0, 1, 1, -1, 0, 0.582329, 6.047850
5, 205, 3, 0, 1, 1, -1, 0, 0.556196, 1.903890
5, 206, 5, 0, 1, 1, 1, 0, 0.564741, 1.856647
5, 207, 2, 2, 1, -1, 1, 1, 0.557791, 0.644486
5, 208, 4, 0, 1, -1, 1, 0, 0.438773, 0.850560
5, 209, 4, 0, 1, 1, 1, 0, 0.418803, 1.248941
5, 210, 3, 6, 1, -1, -1, 1, 0.853444, 0.979988
5, 211, 6, 1, 1, -1, 1, 1, 0.595743, 0.408742
5, 212, 2, 0, 1, 1, -1, 0, 0.470907, 1.095928
5, 213, 5, 3, 1, -1, -1, 1, 1.112771, 0.840454
5, 214, 2, 0, 1, 1, 1, 0, 0.490458, 2.394228
5, 215, 1, 4, 1, -1, 1, 1, 0.565199, 1.092671
5, 216, 3, 3, 1, -1, 1, -1, 0.562516, 0.536680
5, 217, 1, 0, 1, -1, -1, 0, 0.598109, 0.572168
5, 218, 3, 0, 1, 1, -1, 0, 0.532265, 1.117272
5, 219, 6, 0, 1, 1, -1, 0, 0.808456, 1.507353
5, 220, 2, 4, 1, -1, -1, -1, 0.498938, 1.977032
5, 221, 6, 0, 0, -1, 1, 0, 0.576232, 0.661333
5, 222, 5, 0, 1, 1, 1, 0, 0.437150, 1.660716
5, 223, 6, 0, 1, 1, -1, 0, 0.468866, 2.388368
5, 224, 2, 0, 1, 1, -1, 0, 0.457823, 2.501749
5, 225, 3, 5, 1, -1, -1, -1, 0.615350, 2.050265
5, 226, 5, 0, 0, -1, -1, 0, 0.529855, 3.383689
5, 227, 2, 1, 1, -1, 1, 1, 0.562711, 0.594957
5, 228, 4, 0, 1, 3, -1, 0, 0.503178, 1.565743
5, 229, 6, 0, 1, 1, 1, 0, 0.571156, 1.863568
5, 230, 2, 5, 1, -1, -1, -1, 1.418425, 1.333769
5, 231, 3, 0, 1, 1, -1, 0, 0.557924, 2.315351
5, 232, 2, 0, 1, 1, -1, 0, 0.631164, 2.566807
5, 233, 4, 0, 1, 1, -1, 0, 0.682739, 3.241498
5, 234, 5, 6, 1, -1, 1, 1, 0.593493, 0.820519
5, 235, 4, 3, 1, -1, 1, -1, 0.543161, 0.624521
5, 236, 5, 0, 1, 1, 1, 0, 0.452363, 0.936977
5, 237, 4, 6, 1, -1, 1, 1, 0.544547, 0.443359
5, 238, 3, 0, 1, 1, 1, 0, 0.392735, 1.838866
5, 239, 2, 0, 1, 1, -1, 0, 0.444414, 1.559727
5, 240, 4, 0, 1, 1, -1, 0, 0.470546, 1.858107
5, 241, 6, 1, 1, -1, 1, -1, 0.557384, 0.755839
5, 242, 3, 0, 0, -1, -1, 0, 0.410349, 1.066014
5, 243, 2, 0, 1, 1, 1, 0, 0.882032, 1.526496
5, 244, 2, 0, 1, 1, 1, 0, 0.363366, 1.315812
5, 245, 2, 0, 1, 1, -1, 0, 0.432189, 2.596954
5, 246, 3, 1, 1, -1, 1, -1, 0.598132, 1.122312
5, 247, 5, 0, 1, 1, 1, 0, 0.385124, 2.660140
5, 248, 6, 0, 1, 1, -1, 0, 0.611356, 2.856174
5, 249, 1, 3, 1, -1, 1, -1, 0.697114, 0.445798
5, 250, 3, 0, 1, -1, 1, 0, 0.545554, 5.073682
5, 251, 5, 0, 1, 1, -1, 0, 0.548406, 1.726548
5, 252, 4, 0, 0, -1, -1, 0, 0.458473, 0.814144
5, 253, 2, 0, 1, 1, 1, 0, 0.472144, 0.988507
5, 254, 1, 6, 1, -1, 1, 1, 0.543362, 0.524222
5, 255, 1, 0, 1, 1, -1, 0, 0.484510, 1.983480
5, 256, 6, 4, 1, -1, -1, -1, 0.951255, 0.786118
5, 257, 3, 1, 1, -1, -1, -1, 0.939189, 0.575740
5, 258, 4, 0, 1, 1, 1, 0, 0.385269, 1.288035
5, 259, 2, 0, 1, 1, 1, 0, 0.503581, 1.810115
5, 260, 3, 4, 1, -1, -1, 1, 0.739858, 0.516704
5, 261, 6, 6, 1, -1, -1, -1, 0.960785, 0.846304
5, 262, 6, 0, 1, 1, -1, 0, 1.037059, 2.134193
5, 263, 2, 6, 0, -1, -1, 1, 0.526010, 1.169052
5, 264, 1, 0, 0, 1, 1, 0, 0.537283, 2.554647
5, 265, 2, 0, 1, 1, 1, 0, 0.492313, 1.638751
5, 266, 1, 2, 1, -1, -1, 1, 0.904232, 0.724002
5, 267, 5, 6, 0, -1, -1, 1, 0.544207, 0.578678
5, 269, 2, 0, 1, -1, 1, 0, 0.453315, 0.843727
5, 270, 4, 6, 1, -1, 1, 1, 0.728442, 1.236296
5, 271, 1, 0, 1, 1, -1, 0, 0.523609, 1.408756
5, 272, 4, 4, 1, -1, 1, 1, 0.505407, 1.316836
5, 273, 3, 5, 1, -1, 1, 1, 0.497210, 1.427618
5, 274, 6, 0, 1, 1, 1, 0, 0.709059, 1.419814
5, 275, 5, 2, 1, -1, -1, 1, 0.748603, 0.747145
5, 276, 5, 4, 1, -1, -1, -1, 0.678459, 0.412850
5, 277, 1, 4, 0, -1, 1, -1, 0.920341, 0.886050
5, 278, 6, 0, 1, 1, -1, 0, 0.702191, 2.417592
5, 279, 3, 4, 1, -1, 1, -1, 0.535389, 0.635493
5, 280, 2, 3, 1, -1, -1, 1, 0.791420, 0.500753
5, 281, 5, 0, 1, -1, 1, 0, 0.448535, 0.941068
5, 282, 5, 0, 1, 1, 1, 0, 0.439015, 0.939437
5, 283, 5, 4, 1, -1, -1, -1, 0.721982, 0.661747
5, 284, 1, 0, 1, -1, -1, 0, 0.445003, 0.787345
5, 285, 6, 0, 1, 1, -1, 0, 1.070578, 0.762467
5, 286, 1, 0, 1, 1, 1, 0, 0.483144, 1.118444
5, 287, 4, 4, 1, -1, -1, -1, 0.651959, 1.945627
5, 288, 5, 1, 0, -1, -1, 1, 1.230263, 0.889624
5, 289, 1, 0, 1, 1, -1, 0, 0.563944, 1.600654
5, 290, 3, 6, 1, -1, 1, -1, 0.571475, 3.116743
5, 291, 2, 5, 1, -1, 1, -1, 0.430220, 2.953522
5, 292, 2, 6, 1, -1, -1, -1, 0.642398, 0.974633
5, 293, 6, 3, 1, -1, 1, -1, 0.737684, 0.976221
5, 294, 4, 1, 1, -1, -1, 1, 0.909245, 1.179391
5, 295, 6, 6, 1, -1, 1, 1, 0.565605, 0.837549
5, 296, 6, 5, 0, -1, 1, -1, 0.529973, 0.541940
5, 297, 2, 0, 1, 1, -1, 0, 0.460491, 1.465184
5, 298, 2, 3, 1, -1, 1, -1, 0.603197, 2.460503
5, 299, 2, 6, 1, -1, -1, 1, 0.920906, 0.662046
5, 300, 2, 5, 1, -1, -1, 1, 0.577807, 0.505151
5, 301, 4, 0, 1, 1, 1, 0, 0.569281, 1.287987
5, 302, 5, 2, 1, -1, 1, -1, 0.490533, 0.806830
5, 303, 1, 2, 1, -1, 1, 1, 0.656409, 0.721238
5, 304, 1, 1, 1, -1, -1, 1, 0.708596, 1.931871
5, 305, 3, 0, 1, 1, 1, 0, 0.472002, 1.149594
5, 306, 4, 5, 1, -1, 1, -1, 0.555919, 0.555470
5, 307, 4, 1, 1, -1, -1, 1, 0.883065, 0.963055
5, 308, 2, 2, 1, -1, 1, -1, 0.879538, 0.799798
5, 309, 5, 5, 1, -1, 1, -1, 0.701319, 0.564489
5, 310, 1, 0, 1, 1, -1, 0, 0.531865, 1.756317
5, 311, 3, 5, 1, -1, 1, -1, 0.479548, 0.961577
5, 312, 2, 0, 1, 1, 1, 0, 0.437928, 0.853899
5, 313, 3, 0, 1, 1, 1, 0, 0.503937, 1.000505
5, 314, 3, 4, 0, 3, -1, -1, 0.621934, 0.826781
5, 315, 6, 3, 1, -1, 1, 1, 0.624728, 0.683905
5, 316, 5, 0, 1, 1, 1, 0, 0.432789, 1.058977
5, 317, 4, 3, 1, -1, 1, -1, 0.484262, 2.332165
5, 318, 4, 2, 1, -1, -1, -1, 0.736073, 0.847141
5, 319, 5, 2, 1, -1, -1, -1, 0.534605, 0.554875
5, 320, 6, 5, 0, -1, 1, -1, 0.650849, 0.499228
5, 321, 4, 2, 1, -1, 1, -1, 0.595305, 1.402060
5, 322, 5, 6, 1, -1, 1, 1, 0.522232, 0.747540
5, 323, 4, 0, 1, 1, -1, 0, 0.509836, 1.063877
5, 324, 1, 0, 0, -1, 1, 0, 0.574581, 0.727450
5, 325, 5, 0, 1, 1, -1, 0, 0.501817, 1.197026
5, 326, 3, 0, 1, 1, -1, 0, 0.466189, 0.982401
5, 327, 4, 0, 1, 1, -1, 0, 0.535075, 2.215265
5, 328, 3, 1, 1, -1, -1, -1, 0.638643, 0.475227
5, 329, 1, 2, 1, -1, 1, -1, 0.934657, 0.917974
5, 330, 3, 6, 1, -1, 1, 1, 0.517998, 1.100577
5, 331, 2, 2, 0, -1, 1, 1, 0.555925, 0.555177
5, 332, 1, 3, 1, -1, 1, -1, 0.787753, 0.569200
5, 333, 2, 1, 1, -1, -1, -1, 0.729798, 0.586548
5, 334, 2, 0, 1, 1, 1, 0, 0.561653, 1.381831
5, 335, 1, 1, 0, -1, -1, 1, 0.537115, 0.960700
5, 336, 6, 2, 1, -1, 1, -1, 0.692570, 0.712142
5, 337, 3, 3, 0, -1, -1, 1, 0.601949, 1.043782
5, 338, 3, 5, 1, -1, 1, -1, 0.485739, 0.613363
5, 339, 2, 1, 1, -1, -1, 1, 0.940314, 0.564488
5, 340, 5, 1, 0, -1, -1, -1, 0.612138, 0.690139
5, 341, 2, 5, 1, -1, -1, 1, 0.813930, 0.503885
5, 342, 5, 0, 1, 1, 1, 0, 0.445467, 1.002803
5, 343, 6, 5, 1, -1, -1, 1, 0.881436, 0.371171
5, 344, 6, 0, 1, 1, 1, 0, 0.612124, 1.931541
5, 345, 4, 0, 1, 1, -1, 0, 0.517369, 1.263858
5, 346, 3, 0, 0, -1, -1, 0, 0.562796, 0.991583
5, 347, 2, 3, 1, -1, 1, 1, 0.541839, 0.570241
5, 348, 2, 3, 1, -1, -1, -1, 0.563567, 0.715801
5, 349, 4, 0, 1, 1, 1, 0, 0.538068, 2.186500
5, 350, 3, 0, 1, 1, 1, 0, 0.404821, 2.457179
5, 351, 5, 0, 1, 1, 1, 0, 0.403079, 1.137907
5, 352, 5, 0, 1, 1, 1, 0, 0.484020, 1.295070
5, 353, 1, 5, 1, -1, 1, -1, 0.740573, 1.554148
5, 354, 1, 0, 1, 1, 1, 0, 0.478647, 2.519575
5, 355, 4, 6, 1, -1, 1, -1, 0.385969, 0.863180
5, 356, 5, 0, 1, 1, -1, 0, 0.483145, 1.383889
5, 357, 1, 0, 1, -1, -1, 0, 0.590354, 0.926767
5, 358, 6, 0, 1, 1, 1, 0, 0.470842, 4.027829
5, 359, 2, 4, 1, -1, 1, -1, 0.419323, 1.292529
5, 360, 2, 1, 1, -1, 1, 1, 0.572985, 0.544067
5, 361, 5, 4, 1, -1, 1, 1, 0.444092, 1.129649
5, 362, 2, 1, 1, -1, 1, -1, 0.716845, 2.940803
5, 363, 4, 0, 1, -1, -1, 0, 0.656053, 1.107789
5, 364, 4, 6, 1, -1, -1, -1, 0.615925, 0.766922
5, 365, 6, 0, 1, 1, 1, 0, 0.483072, 0.740324
5, 366, 3, 5, 1, -1, -1, 1, 0.745390, 1.233175
5, 367, 4, 4, 1, -1, 1, -1, 0.483110, 0.437058
5, 368, 1, 0, 0, -1, -1, 0, 0.517527, 0.945868
5, 369, 5, 3, 1, -1, -1, -1, 0.760302, 1.871439
5, 370, 4, 0, 1, 1, 1, 0, 0.512532, 2.028890
5, 371, 1, 0, 0, -1, -1, 0, 0.584045, 0.823645
5, 372, 4, 4, 1, -1, 1, -1, 0.592059, 1.686153
5, 373, 6, 4, 1, -1, 1, -1, 1.008704, 1.592194
5, 374, 1, 5, 1, -1, 1, -1, 0.901514, 0.503244
5, 375, 6, 0, 1, 1, 1, 0, 0.445164, 1.136265
5, 376, 4, 3, 1, -1, 1, 1, 0.397286, 0.582421
5, 377, 4, 0, 1, -1, -1, 0, 0.651671, 1.531417
5, 378, 5, 3, 1, -1, -1, -1, 0.682968, 0.319491
5, 379, 5, 4, 1, -1, 1, 1, 0.850564, 0.582811
5, 380, 5, 0, 1, 1, 1, 0, 0.450610, 0.877630
5, 381, 1, 0, 1, -1, 1, 0, 0.784803, 0.371755
5, 382, 4, 2, 1, -1, -1, 1, 1.055310, 0.725412
5, 383, 6, 0, 1, -1, -1, 0, 0.605257, 0.577994
5, 384, 4, 2, 1, -1, -1, 1, 0.849312, 1.228116
5, 385, 1, 0, 1, 1, -1, 0, 0.570784, 1.945895
5, 386, 4, 0, 1, 1, 1, 0, 0.438501, 2.381284
5, 387, 1, 0, 1, 1, 1, 0, 0.599086, 2.866171
5, 388, 1, 2, 1, 3, -1, -1, 0.872127, 1.110296
5, 389, 5, 3, 1, -1, -1, 1, 0.977021, 0.571783
5, 390, 6, 0, 1, 1, -1, 0, 0.652662, 1.136635
5, 391, 6, 6, 1, -1, -1, -1, 1.052264, 0.663181
5, 392, 1, 0, 1, 1, -1, 0, 0.530019, 1.143080
5, 393, 5, 5, 1, -1, -1, -1, 0.875682, 1.446003
5, 394, 3, 3, 1, -1, 1, 1, 0.490300, 1.050683
5, 395, 5, 0, 1, -1, -1, 0, 0.470117, 2.772798
5, 396, 3, 4, 1, -1, -1, 1, 0.635461, 0.864126
5, 397, 4, 3, 1, -1, -1, -1, 0.647600, 0.628751
5, 398, 5, 0, 1, 1, -1, 0, 0.563337, 1.393166
5, 399, 1, 5, 1, -1, -1, -1, 0.585180, 0.498773
5, 400, 4, 0, 1, -1, -1, 0, 0.529012, 4.611338
5, 401, 1, 1, 1, -1, 1, 1, 0.631753, 0.947268
5, 402, 4, 0, 0, -1, -1, 0, 0.555830, 1.402205
5, 403, 4, 0, 1, 1, 1, 0, 0.403645, 1.401788
5, 404, 4, 2, 1, -1, 1, 1, 0.477537, 0.607795
5, 405, 4, 5, 1, -1, 1, -1, 0.648713, 0.429084
5, 406, 5, 6, 1, -1, 1, -1, 0.829927, 0.380301
5, 407, 2, 1, 1, 3, 1, -1, 0.820655, 0.702463
5, 408, 6, 2, 1, -1, 1, -1, 0.663053, 0.999453
5, 409, 2, 5, 1, -1, 1, 1, 0.438625, 0.989589
5, 410, 4, 1, 1, -1, -1, -1, 0.956248, 0.539795
5, 411, 1, 6, 1, -1, 1, 1, 0.612172, 2.083601
5, 412, 5, 4, 1, -1, 1, -1, 0.525197, 0.816881
5, 413, 2, 0, 1, 1, -1, 0, 0.536659, 1.106681
5, 414, 3, 0, 0, -1, -1, 0, 0.591992, 0.826787
5, 415, 3, 3, 1, -1, 1, -1, 0.618955, 1.584285
5, 416, 3, 0, 1, -1, -1, 0, 0.567789, 2.188860
5, 417, 3, 0, 1, 1, 1, 0, 0.481735, 1.065536
5, 418, 5, 0, 1, 1, 1, 0, 0.483479, 1.216000
5, 419, 1, 2, 1, -1, -1, -1, 0.621474, 0.658160
5, 420, 4, 0, 1, -1, 1, 0, 0.470781, 0.860225
5, 421, 2, 5, 1, -1, 1, -1, 0.443689, 1.254776
5, 422, 1, 0, 1, -1, -1, 0, 0.522760, 1.449175
5, 423, 2, 2, 1, -1, -1, -1, 0.558694, 0.605417
5, 424, 3, 0, 1, 1, 1, 0, 0.456340, 2.596175
5, 425, 6, 0, 1, -1, 1, 0, 0.463342, 0.971202
5, 426, 2, 4, 1, -1, -1, 1, 1.380827, 0.310899
5, 427, 3, 0, 0, -1, -1, 0, 0.638372, 0.604848
5, 428, 4, 6, 1, -1, -1, 1, 1.173671, 0.285680
5, 429, 1, 3, 1, -1, -1, -1, 1.019031, 0.346094
5, 430, 5, 0, 1, 1, -1, 0, 0.892484, 1.073032
5, 431, 6, 4, 0, -1, 1, 1, 0.715468, 0.509389
5, 432, 5, 3, 1, -1, 1, 1, 0.438605, 2.268849
5, 433, 1, 1, 1, -1, 1, 1, 0.529418, 1.288683
5, 434, 2, 0, 1, 1, -1, 0, 0.463997, 1.123078
5, 435, 4, 4, 1, -1, 1, 1, 0.459365, 1.582349
5, 436, 5, 0, 1, 1, -1, 0, 0.516459, 1.762499
5, 437, 4, 5, 1, -1, -1, 1, 0.774856, 2.618781
5, 438, 2, 2, 1, -1, -1, -1, 0.456870, 2.501460
5, 439, 1, 0, 1, 1, -1, 0, 0.483062, 6.877925
5, 440, 5, 0, 1, 1, 1, 0, 0.499420, 1.117004
5, 441, 6, 3, 1, -1, -1, -1, 0.635846, 2.090189
5, 442, 4, 2, 1, -1, 1, -1, 0.781175, 0.516614
5, 443, 3, 2, 1, -1, -1, -1, 0.812338, 0.383085
5, 444, 3, 0, 1, 1, 1, 0, 0.476409, 1.050176
5, 445, 6, 0, 1, 1, 1, 0, 0.439814, 1.023366
5, 446, 6, 0, 1, -1, -1, 0, 0.492671, 2.067238
5, 447, 5, 0, 1, 1, 1, 0, 0.458676, 1.166805
5, 448, 6, 4, 1, -1, -1, -1, 0.876116, 2.422507
5, 449, 4, 6, 1, -1, 1, -1, 0.648272, 0.915096
5, 450, 3, 4, 1, -1, 1, 1, 0.581741, 1.250051
5, 451, 4, 1, 1, -1, 1, 1, 0.490695, 0.573815
5, 452, 5, 3, 1, -1, 1, -1, 0.776676, 0.306349
5, 453, 2, 4, 1, -1, 1, -1, 0.670019, 0.306883
5, 454, 1, 0, 1, 1, -1, 0, 0.483898, 1.003331
5, 455, 6, 4, 1, -1, 1, 1, 0.820827, 0.273039
5, 456, 3, 0, 1, -1, -1, 0, 0.583736, 0.464827
5, 457, 3, 0, 1, 1, -1, 0, 0.555972, 1.681952
5, 458, 3, 0, 1, -1, -1, 0, 0.489269, 0.795732
5, 459, 4, 0, 1, 1, 1, 0, 0.550355, 1.440591
5, 460, 4, 0, 1, 1, -1, 0, 0.517452, 1.125107
5, 461, 4, 4, 1, 3, -1, -1, 0.919637, 2.007134
5, 462, 5, 1, 1, -1, 1, 1, 0.565769, 0.477473
5, 463, 6, 6, 1, -1, 1, -1, 1.075035, 0.490379
5, 464, 2, 6, 1, -1, -1, -1, 0.677175, 0.292190
5, 465, 6, 0, 1, -1, -1, 0, 0.524739, 5.989885
5, 466, 2, 0, 1, 1, -1, 0, 0.709962, 0.964375
5, 467, 6, 4, 0, -1, -1, 1, 0.681723, 0.567351
5, 468, 5, 4, 0, -1, -1, 1, 0.771999, 0.531480
5, 469, 6, 5, 1, -1, -1, -1, 1.229864, 0.595354
5, 470, 4, 5, 1, 1, 1, 1, 0.535655, 1.593133
5, 471, 6, 0, 1, -1, 1, 0, 1.064352, 0.425383
5, 472, 1, 5, 1, -1, -1, -1, 0.916595, 0.325370
5, 473, 6, 0, 1, -1, -1, 0, 0.604924, 2.375824
5, 474, 5, 0, 1, 1, 1, 0, 0.513335, 0.619700
5, 475, 6, 3, 1, -1, -1, 1, 0.874142, 0.280506
5, 476, 3, 2, 1, -1, -1, 1, 0.987494, 0.185566
5, 477, 5, 5, 1, -1, 1, 1, 0.707762, 0.429262
5, 478, 5, 4, 1, -1, -1, 1, 0.756397, 0.669299
5, 479, 6, 0, 1, 1, 1, 0, 0.615970, 1.025403
5, 480, 1, 0, 1, 1, 1, 0, 0.535676, 3.519435
5, 481, 6, 0, 1, 1, -1, 0, 0.531598, 1.750223
5, 482, 2, 0, 1, 1, -1, 0, 0.519566, 2.389605
5, 483, 5, 1, 1, -1, 1, -1, 0.740444, 1.820440
5, 484, 1, 2, 1, -1, 1, 1, 0.917776, 0.739366
5, 485, 3, 0, 0, -1, -1, 0, 0.537770, 0.938618
5, 486, 3, 0, 1, 1, -1, 0, 0.572967, 1.818951
5, 487, 2, 0, 1, 1, 1, 0, 0.469386, 1.332171
5, 488, 3, 2, 1, 1, 1, -1, 0.492836, 1.355713
5, 489, 3, 4, 1, -1, -1, -1, 0.522805, 0.443851
5, 490, 1, 5, 1, -1, -1, 1, 1.189530, 0.635820
5, 491, 6, 0, 1, 1, 1, 0, 0.502108, 1.082613
5, 492, 2, 0, 1, 1, -1, 0, 0.579108, 1.312592
5, 493, 4, 0, 1, 1, -1, 0, 0.576582, 2.383212
5, 494, 6, 0, 1, 1, -1, 0, 0.539182, 1.262844
5, 495, 2, 4, 1, -1, -1, 1, 1.118144, 1.140577
5, 496, 6, 2, 1, -1, 1, 1, 0.543627, 2.374856
5, 497, 3, 0, 1, -1, 1, 0, 0.403416, 0.693926
5, 498, 2, 1, 1, -1, -1, 1, 0.756861, 0.965294
5, 499, 1, 0, 1, 1, 1, 0, 0.518208, 2.201946
5, 500, 4, 1, 1, -1, 1, 1, 0.595903, 0.396396
5, 501, 1, 0, 1, 1, 1, 0, 0.472145, 0.873966
5, 502, 6, 5, 1, -1, -1, 1, 0.804041, 0.498252
5, 503, 1, 0, 1, 1, -1, 0, 0.855880, 1.621155
5, 504, 6, 1, 1, -1, -1, 1, 1.009548, 0.786373
5, 505, 2, 0, 1, 1, 1, 0, 0.845576, 1.601403
5, 506, 2, 0, 1, 1, -1, 0, 0.492795, 2.566507
5, 507, 6, 1, 1, -1, -1, -1, 0.802512, 3.729090
5, 508, 5, 0, 1, 1, 1, 0, 0.611550, 4.063973
5, 509, 4, 3, 1, -1, -1, 1, 0.781506, 0.913672
5, 510, 5, 2, 0, 3, -1, -1, 0.659291, 0.000000
5, 511, 4, 0, 1, -1, -1, 0, 0.772548, 0.989538
5, 512, 6, 3, 1, -1, 1, -1, 1.321875, 0.618627
5, 513, 4, 0, 1, 1, 1, 0, 0.492652, 1.044124
5, 514, 2, 0, 1, 1, 1, 0, 0.445939, 2.109746
5, 515, 4, 3, 1, -1, -1, 1, 0.670986, 0.564843
5, 516, 6, 1, 1, -1, 1, -1, 0.669227, 0.605849
5, 517, 2, 0, 1, 1, -1, 0, 0.559208, 0.890782
5, 518, 2, 0, 1, 1, -1, 0, 0.496994, 0.987872
5, 519, 4, 0, 1, 1, -1, 0, 0.536667, 2.022769
5, 520, 6, 4, 1, -1, 1, -1, 1.016428, 0.575019
5, 521, 4, 0, 0, -1, -1, 0, 0.392067, 0.803039
5, 522, 4, 3, 1, -1, -1, -1, 1.007354, 0.505070
5, 523, 6, 0, 1, 1, 1, 0, 0.623178, 1.138078
5, 524, 1, 1, 1, -1, -1, -1, 0.853322, 0.296616
5, 525, 6, 0, 1, 1, 1, 0, 0.720230, 1.018861
5, 526, 1, 5, 1, -1, 1, 1, 0.622110, 0.411614
5, 527, 6, 6, 1, -1, -1, 1, 0.830876, 0.377518
5, 528, 2, 0, 0, 1, -1, 0, 0.585836, 1.613769
5, 529, 5, 0, 1, 1, -1, 0, 0.569810, 1.078284
5, 530, 1, 0, 1, -1, 1, 0, 0.588800, 0.481585
5, 531, 4, 0, 1, 1, -1, 0, 0.628730, 1.651451
5, 532, 1, 0, 1, 1, 1, 0, 0.537115, 0.918650
5, 533, 4, 2, 1, -1, 1, 1, 0.704532, 0.520047
5, 534, 2, 0, 1, 1, 1, 0, 0.615946, 0.944687
5, 535, 6, 0, 1, 1, 1, 0, 0.515835, 1.156516
5, 536, 6, 0, 1, 1, -1, 0, 0.557737, 1.779391
5, 537, 1, 0, 1, 1, -1, 0, 0.537539, 1.367707
5, 538, 4, 5, 1, -1, -1, -1, 0.959817, 0.704419
5, 539, 2, 0, 1, 1, -1, 0, 0.604223, 1.737719
5, 540, 6, 2, 1, -1, -1, -1, 0.830330, 0.457734
5, 541, 4, 0, 1, 1, 1, 0, 0.516363, 1.005712
5, 542, 5, 0, 1, 1, -1, 0, 0.490791, 1.231415
5, 543, 1, 2, 1, -1, -1, 1, 0.811991, 0.492823
5, 544, 5, 0, 1, 1, -1, 0, 0.543615, 1.754495
5, 545, 1, 3, 1, -1, -1, 1, 0.818238, 2.521830
5, 546, 6, 0, 1, -1, 1, 0, 0.698043, 1.928824
5, 547, 6, 0, 1, 1, 1, 0, 0.451263, 0.807616
5, 548, 4, 2, 1, -1, -1, -1, 0.748330, 0.474954
5, 549, 4, 0, 1, 1, -1, 0, 0.536340, 1.385149
5, 550, 3, 6, 1, -1, -1, 1, 0.980957, 1.059759
5, 551, 3, 0, 1, 1, 1, 0, 0.612356, 1.378003
5, 552, 2, 0, 1, 1, -1, 0, 0.556312, 1.149963
5, 553, 2, 3, 1, -1, 1, -1, 0.783327, 0.538747
5, 554, 2, 0, 1, 1, 1, 0, 0.372114, 1.073679
5, 555, 2, 4, 1, -1, -1, -1, 0.793419, 1.347159
5, 556, 3, 0, 1, 1, 1, 0, 0.464635, 1.184198
5, 557, 5, 3, 1, -1, 1, 1, 0.483765, 0.640992
5, 558, 1, 0, 1, 1, 1, 0, 0.621187, 1.559918
5, 559, 4, 4, 1, -1, -1, 1, 0.736997, 0.717722
5, 560, 4, 0, 1, -1, 1, 0, 0.384129, 0.878378
5, 561, 3, 4, 1, 1, 1, 1, 0.450357, 1.255445
5, 562, 4, 0, 1, 1, -1, 0, 0.690979, 1.608929
5, 563, 5, 0, 1, -1, -1, 0, 0.573897, 3.429277
5, 564, 2, 0, 1, 1, 1, 0, 0.563327, 2.545823
5, 565, 5, 5, 1, -1, 1, 1, 0.788143, 1.448348
5, 566, 1, 3, 1, 3, -1, -1, 0.711274, 1.956861
5, 567, 4, 5, 1, -1, 1, 1, 0.589299, 2.644569
5, 568, 3, 0, 1, -1, -1, 0, 0.572078, 1.780610
5, 569, 4, 0, 1, 1, 1, 0, 0.558299, 0.827388
5, 570, 1, 1, 1, -1, 1, -1, 0.945919, 0.495956
5, 571, 1, 0, 1, 1, -1, 0, 0.498016, 2.150146
5, 572, 5, 0, 1, 1, -1, 0, 0.718118, 2.454746
5, 573, 3, 0, 1, 1, 1, 0, 0.463929, 1.367575
5, 574, 2, 2, 1, -1, -1, 1, 0.892613, 0.582914
5, 575, 4, 1, 1, -1, 1, -1, 0.525169, 1.141618
5, 576, 2, 6, 1, 1, 1, 1, 0.472091, 1.310983
5, 577, 2, 0, 1, 1, -1, 0, 0.579915, 0.818725
5, 578, 4, 1, 1, -1, -1, -1, 0.963996, 0.750541
5, 579, 4, 4, 0, -1, -1, 1, 1.260192, 1.037162
5, 580, 3, 3, 0, 3, -1, -1, 0.989502, 0.550689
5, 581, 3, 3, 0, -1, -1, -1, 0.735779, 1.129143
5, 583, 3, 3, 1, -1, -1, 1, 0.810690, 0.890499
5, 584, 2, 2, 1, -1, 1, -1, 0.831420, 0.730261
