observer, trial, targLoc, distLoc, targDiscrim, thoughtNoAttCap, tc, dc, RT, TrialTypeRT
98, 1, 6, 5, 1, 1, -1, -1, 0.708722, 0.511557
98, 2, 5, 0, 1, 1, 1, 0, 0.662552, 0.212832
98, 3, 1, 0, 1, 1, -1, 0, 0.664386, 0.059718
98, 4, 1, 0, 1, 1, -1, 0, 0.664807, 0.040952
98, 5, 4, 2, 1, -1, -1, 1, 1.181703, 0.477921
98, 6, 1, 5, 1, 1, -1, 1, 0.858070, 1.778840
98, 7, 3, 0, 1, 1, 1, 0, 0.759060, 0.093764
98, 8, 2, 1, 1, 1, 1, 1, 0.809536, 0.152571
98, 9, 5, 0, 1, 1, -1, 0, 0.637768, 0.054135
98, 10, 4, 4, 1, 1, 1, 1, 1.068474, 0.372124
98, 11, 3, 3, 1, -1, -1, -1, 1.148921, 0.253731
98, 12, 4, 0, 1, 1, -1, 0, 0.897038, 0.040701
98, 13, 3, 0, 1, 1, -1, 0, 0.749862, 0.054055
98, 14, 5, 4, 1, 1, 1, 1, 1.014336, 0.106989
98, 15, 5, 0, 1, 3, 1, 0, 0.765335, 0.080625
98, 16, 1, 1, 1, 1, -1, 1, 0.842198, 0.652090
98, 17, 4, 0, 1, 1, 1, 0, 0.876602, 0.047600
98, 18, 1, 1, 1, 1, -1, -1, 0.858156, 0.093951
98, 19, 4, 0, 1, 1, -1, 0, 0.724269, 0.074321
98, 20, 2, 0, 1, 1, -1, 0, 0.698343, 0.034017
98, 21, 3, 0, 1, 1, 1, 0, 0.751361, 0.047526
98, 22, 5, 2, 1, 1, 1, 1, 0.796534, 0.359400
98, 23, 2, 0, 1, 1, -1, 0, 0.650940, 0.020870
98, 24, 6, 0, 1, 1, 1, 0, 1.202579, 0.180741
98, 25, 4, 2, 1, 1, 1, -1, 0.705192, 0.047355
98, 26, 3, 3, 1, 1, -1, 1, 0.671152, 0.054313
98, 27, 6, 3, 1, 1, -1, -1, 0.664213, 0.054192
98, 28, 4, 4, 1, 1, -1, 1, 0.689744, 0.073270
98, 29, 3, 0, 1, 1, 1, 0, 0.679015, 0.054156
98, 30, 6, 0, 1, 1, -1, 0, 0.610797, 0.073885
98, 31, 2, 3, 1, 1, -1, -1, 0.750256, 0.020866
98, 32, 3, 2, 1, 1, -1, -1, 0.611477, 0.033611
98, 33, 3, 0, 1, 1, -1, 0, 0.623892, 0.020852
98, 34, 6, 3, 1, 1, -1, -1, 0.638386, 0.054165
98, 35, 4, 2, 1, -1, -1, 1, 1.075068, 0.519323
98, 36, 6, 0, 1, 1, -1, 0, 0.671474, 0.007552
98, 37, 3, 6, 1, -1, -1, -1, 1.130436, 1.484759
98, 38, 5, 4, 1, 1, -1, 1, 0.991604, 1.196345
98, 39, 4, 2, 1, 1, 1, 1, 0.844365, 0.318136
98, 40, 5, 0, 1, 1, -1, 0, 0.577273, 0.027798
98, 41, 5, 5, 1, 1, -1, 1, 0.618368, 0.146956
98, 42, 2, 0, 1, 1, 1, 0, 0.709503, 0.074337
98, 43, 3, 1, 1, 1, 1, -1, 0.744976, 0.073963
98, 44, 4, 3, 1, 1, 1, 1, 0.691519, 0.026993
98, 45, 1, 1, 1, 1, 1, -1, 0.845879, 0.811392
98, 46, 2, 6, 1, -1, 1, 1, 1.201056, 0.504607
98, 47, 2, 0, 1, 1, 1, 0, 0.637953, 0.174260
98, 48, 6, 0, 1, 1, 1, 0, 0.662960, 0.027465
98, 49, 1, 4, 1, 1, 1, 1, 0.691014, 0.073612
98, 50, 3, 6, 1, 1, 1, -1, 0.776599, 0.279614
98, 51, 2, 0, 1, 1, -1, 0, 0.683079, 0.046566
98, 52, 5, 5, 1, 1, 1, 1, 0.883708, 0.211834
98, 53, 4, 4, 1, -1, -1, 1, 1.095978, 1.395959
98, 54, 4, 3, 0, -1, 1, -1, 0.843359, 1.335412
98, 55, 6, 0, 1, 1, 1, 0, 0.665229, 0.047278
98, 56, 4, 2, 1, 1, -1, -1, 0.863309, 0.725010
98, 57, 3, 0, 1, 1, -1, 0, 0.636089, 0.047541
98, 58, 2, 6, 1, -1, 1, -1, 0.863530, 0.233501
98, 59, 3, 0, 1, 1, 1, 0, 0.612190, 0.060770
98, 60, 4, 1, 1, 1, 1, -1, 0.648576, 0.512374
98, 61, 4, 3, 1, 1, -1, -1, 0.826463, 0.200013
98, 62, 6, 0, 1, 1, -1, 0, 0.657314, 0.027041
98, 63, 3, 0, 1, 1, 1, 0, 0.697429, 0.054059
98, 64, 5, 2, 1, 1, -1, 1, 0.742112, 0.080236
98, 65, 6, 0, 1, 1, 1, 0, 0.705949, 0.087633
98, 66, 4, 0, 1, 1, 1, 0, 0.650278, 0.197729
98, 67, 2, 6, 1, -1, 1, -1, 0.764843, 0.140715
98, 68, 6, 6, 1, 1, 1, -1, 1.116855, 2.019346
98, 69, 3, 0, 1, 1, -1, 0, 0.683750, 0.365650
98, 70, 1, 0, 1, 1, 1, 0, 0.672157, 0.220776
98, 71, 4, 4, 1, 1, 1, -1, 0.665488, 0.067381
98, 72, 6, 0, 1, 1, 1, 0, 0.658721, 0.093909
98, 73, 4, 6, 1, 1, -1, -1, 0.729846, 0.093920
98, 74, 6, 6, 1, 1, -1, -1, 0.763365, 0.139656
98, 75, 3, 0, 1, 1, 1, 0, 0.625485, 0.113902
98, 76, 2, 0, 1, 1, -1, 0, 0.864076, 0.054141
98, 77, 3, 0, 1, 1, -1, 0, 0.684096, 0.080079
98, 78, 3, 0, 1, 1, 1, 0, 0.626509, 0.086784
98, 79, 3, 5, 1, -1, -1, 1, 0.786264, 0.126797
98, 80, 2, 0, 1, 1, 1, 0, 0.706003, 0.100519
98, 81, 5, 0, 1, 1, -1, 0, 0.584881, 0.060608
98, 82, 1, 0, 1, 1, -1, 0, 0.592317, 0.067514
98, 83, 6, 0, 1, 1, -1, 0, 0.624474, 0.054143
98, 84, 5, 1, 1, 1, -1, 1, 0.649639, 0.054445
98, 85, 6, 0, 1, 1, 1, 0, 0.671333, 0.067489
98, 86, 4, 3, 1, 1, -1, -1, 0.658794, 0.054111
98, 87, 2, 0, 1, 1, -1, 0, 0.611267, 0.067398
98, 88, 1, 2, 1, -1, -1, 1, 1.041725, 0.570246
98, 89, 3, 0, 1, 1, 1, 0, 0.732822, 0.087762
98, 90, 6, 0, 1, 1, -1, 0, 0.596513, 0.484893
98, 91, 3, 6, 1, 1, -1, 1, 0.731107, 0.093235
98, 92, 5, 0, 1, 1, 1, 0, 0.657512, 0.100700
98, 93, 6, 5, 1, 1, 1, -1, 0.765137, 0.073952
98, 94, 4, 6, 1, 1, 1, -1, 0.665170, 0.147079
98, 95, 3, 0, 1, 1, -1, 0, 0.665001, 0.047443
98, 96, 4, 0, 1, 1, 1, 0, 0.558751, 0.067863
98, 97, 1, 0, 1, 1, 1, 0, 0.625691, 0.061019
98, 98, 4, 6, 1, 1, 1, 1, 0.585481, 0.100080
98, 99, 4, 5, 1, 1, 1, -1, 0.718115, 0.086904
98, 100, 4, 0, 1, 1, 1, 0, 0.641915, 0.087417
98, 101, 1, 0, 1, 1, -1, 0, 0.618658, 0.067411
98, 102, 1, 4, 1, 1, -1, -1, 0.683616, 0.080625
98, 103, 1, 0, 1, 1, -1, 0, 0.590881, 0.040965
98, 104, 5, 0, 1, 1, 1, 0, 0.578375, 0.073721
98, 105, 3, 5, 1, -1, 1, 1, 1.380522, 0.266913
98, 106, 4, 5, 1, 1, 1, 1, 0.877403, 0.267499
98, 107, 3, 0, 1, 1, 1, 0, 0.611620, 0.047563
98, 108, 1, 4, 1, -1, -1, 1, 0.969401, 0.160097
98, 109, 5, 4, 1, 1, 1, 1, 1.048196, 0.451878
98, 110, 6, 0, 1, 1, 1, 0, 0.584837, 0.040418
98, 111, 3, 0, 1, 1, -1, 0, 0.619507, 0.054064
98, 112, 4, 0, 1, 1, 1, 0, 0.571857, 0.087479
98, 113, 5, 0, 1, 1, -1, 0, 0.670482, 0.106913
98, 114, 3, 0, 1, 1, 1, 0, 0.579415, 0.080176
98, 115, 3, 4, 1, -1, -1, -1, 1.023798, 0.140630
98, 116, 6, 0, 1, 1, -1, 0, 1.157066, 0.139556
98, 117, 4, 1, 1, -1, -1, 1, 0.870789, 0.213914
98, 118, 5, 0, 1, 1, -1, 0, 0.703918, 0.053339
98, 119, 6, 3, 1, 1, 1, 1, 0.843703, 0.067332
98, 120, 5, 0, 1, 1, 1, 0, 0.612231, 0.054133
98, 121, 6, 0, 1, 1, 1, 0, 0.578336, 0.114249
98, 122, 4, 0, 1, 1, -1, 0, 0.597453, 0.093961
98, 123, 1, 6, 1, 1, 1, -1, 0.772475, 0.100847
98, 124, 3, 4, 1, 1, -1, 1, 1.055755, 0.166330
98, 125, 6, 0, 1, 1, -1, 0, 0.638896, 0.060959
98, 126, 3, 1, 1, 1, -1, -1, 0.675250, 0.020853
98, 127, 2, 4, 1, 1, 1, -1, 0.706732, 0.093412
98, 128, 5, 0, 1, 1, 1, 0, 0.584202, 0.080985
98, 129, 3, 6, 1, -1, 1, -1, 0.765045, 0.312766
98, 130, 5, 0, 1, 1, 1, 0, 0.538746, 0.060906
98, 131, 3, 0, 1, 1, 1, 0, 0.551164, 0.054109
98, 132, 2, 0, 1, 1, 1, 0, 0.538798, 0.087690
98, 133, 4, 5, 1, 1, -1, 1, 0.724737, 0.253141
98, 134, 2, 3, 1, 1, 1, -1, 1.095647, 0.060558
98, 135, 6, 5, 1, 1, 1, -1, 0.612131, 0.100227
98, 136, 3, 5, 1, 1, -1, -1, 0.783329, 0.537880
98, 137, 5, 3, 1, 1, -1, -1, 0.984662, 0.093401
98, 138, 1, 0, 1, 1, -1, 0, 0.724422, 0.067769
98, 139, 6, 0, 1, 1, -1, 0, 0.645217, 0.046977
98, 140, 5, 0, 1, 1, -1, 0, 0.710320, 0.060756
98, 141, 2, 4, 1, 1, -1, 1, 0.784530, 0.047073
98, 142, 6, 4, 1, 1, -1, -1, 0.703782, 0.100792
98, 143, 1, 3, 1, 1, -1, -1, 0.651139, 0.060598
98, 144, 6, 0, 1, 1, 1, 0, 0.644469, 0.073343
98, 145, 6, 0, 1, 1, 1, 0, 0.698793, 0.087630
98, 146, 6, 2, 1, 1, 1, 1, 0.579197, 0.053831
98, 147, 3, 0, 1, 1, -1, 0, 0.678032, 0.027550
98, 148, 6, 0, 1, 1, -1, 0, 0.637386, 0.074022
98, 149, 3, 0, 1, 1, -1, 0, 0.630322, 0.040970
98, 150, 5, 0, 1, 1, 1, 0, 0.755458, 0.132598
98, 151, 3, 3, 1, 1, -1, 1, 0.712495, 0.041072
98, 152, 3, 0, 1, 1, 1, 0, 0.672213, 0.020873
98, 153, 5, 0, 1, 1, -1, 0, 0.738280, 0.020911
98, 154, 4, 3, 1, -1, 1, 1, 0.866084, 0.206204
98, 155, 3, 0, 1, 1, 1, 0, 0.644918, 0.000982
98, 156, 2, 2, 1, -1, -1, 1, 1.037107, 2.929549
98, 157, 3, 1, 1, 1, -1, 1, 1.043705, 0.306640
98, 158, 1, 0, 1, 1, 1, 0, 0.588031, 0.000000
98, 159, 4, 0, 1, 1, 1, 0, 0.551707, 0.041139
98, 160, 5, 3, 1, 1, 1, 1, 0.637865, 0.000000
98, 161, 5, 0, 1, 1, -1, 0, 0.565407, 0.007631
98, 162, 2, 2, 1, 1, 1, 1, 0.723892, 0.027198
98, 163, 2, 0, 1, 1, -1, 0, 0.577863, 0.020926
98, 164, 6, 0, 1, 1, -1, 0, 0.603840, 0.034334
98, 165, 1, 3, 1, 1, 1, 1, 0.855692, 0.079238
98, 166, 2, 2, 1, 1, 1, -1, 0.652319, 0.040880
98, 167, 5, 5, 1, 1, 1, 1, 0.949733, 0.902059
98, 168, 2, 0, 1, 1, -1, 0, 0.570878, 0.027668
98, 169, 2, 1, 1, 1, -1, 1, 0.930369, 0.079949
98, 170, 2, 0, 1, 1, 1, 0, 0.604108, 0.027082
98, 171, 3, 0, 1, 1, -1, 0, 0.890450, 0.046911
98, 172, 6, 0, 1, 1, -1, 0, 0.665199, 0.020989
98, 173, 5, 3, 1, -1, 1, -1, 0.791837, 0.406583
98, 174, 2, 4, 1, -1, 1, 1, 0.884598, 0.565235
98, 175, 6, 4, 1, 1, 1, 1, 0.705625, 0.087473
98, 176, 2, 5, 1, -1, -1, 1, 1.102198, 1.115353
98, 177, 1, 0, 1, 1, 1, 0, 0.618243, 0.027517
98, 178, 5, 6, 1, 1, -1, -1, 1.233599, 0.227359
98, 179, 1, 0, 1, 1, -1, 0, 0.651355, 0.034326
98, 180, 4, 0, 1, 1, -1, 0, 0.666093, 0.000000
98, 181, 6, 1, 1, 1, -1, -1, 0.749882, 0.040868
98, 182, 4, 0, 1, 1, 1, 0, 0.652418, 0.107224
98, 183, 6, 2, 1, 1, 1, -1, 0.917380, 0.053808
98, 184, 5, 0, 1, 3, 1, 0, 0.518339, 0.207661
98, 185, 2, 0, 1, 1, 1, 0, 0.552190, 0.060300
98, 186, 1, 1, 1, 1, 1, 1, 0.762784, 0.027338
98, 187, 1, 2, 0, 1, 1, -1, 0.851910, 0.080505
98, 188, 1, 0, 1, 1, -1, 0, 0.671737, 0.047496
98, 189, 1, 1, 1, 1, 1, -1, 0.817479, 0.054340
98, 190, 2, 6, 1, -1, -1, 1, 0.962999, 0.166884
98, 191, 4, 3, 1, 1, 1, -1, 1.207760, 1.162243
98, 192, 6, 5, 1, 1, 1, 1, 0.645232, 0.000000
98, 193, 5, 0, 1, 1, 1, 0, 0.564546, 0.040845
98, 194, 3, 5, 1, 1, 1, -1, 0.818001, 0.074411
98, 195, 6, 4, 1, 1, -1, 1, 0.671891, 0.040915
98, 196, 4, 2, 1, 1, -1, -1, 0.871140, 0.014253
98, 197, 1, 3, 1, 1, 1, 1, 0.671178, 0.226645
98, 198, 6, 0, 1, 1, 1, 0, 0.572955, 0.034294
98, 199, 2, 4, 1, 1, 1, -1, 0.719522, 0.020830
98, 200, 4, 0, 1, 1, -1, 0, 0.572495, 0.014247
98, 201, 2, 1, 1, 1, -1, -1, 1.215061, 0.186039
98, 202, 1, 2, 1, 1, 1, 1, 0.681782, 0.060567
98, 203, 4, 0, 1, 1, -1, 0, 0.616620, 0.027509
98, 204, 4, 1, 1, 1, 1, 1, 1.156595, 0.530660
98, 205, 6, 0, 1, 1, 1, 0, 0.590201, 0.060911
98, 206, 5, 1, 1, 1, 1, -1, 0.789665, 0.040488
98, 207, 2, 2, 1, 1, -1, 1, 0.858807, 0.007600
98, 208, 5, 6, 1, 1, 1, 1, 0.756624, 0.047710
98, 209, 6, 0, 1, 1, -1, 0, 0.638895, 0.007572
98, 210, 6, 0, 1, 1, 1, 0, 0.704144, 0.014299
98, 211, 5, 3, 1, 1, 1, 1, 0.745308, 0.020441
98, 212, 1, 5, 1, -1, 1, 1, 0.967622, 0.086997
98, 213, 1, 0, 1, 1, -1, 0, 0.659837, 0.047614
98, 214, 6, 6, 1, 1, 1, 1, 0.744945, 0.000000
98, 215, 5, 0, 1, 1, -1, 0, 0.677087, 0.000000
98, 216, 6, 0, 1, 1, 1, 0, 0.645160, 0.034336
98, 217, 1, 2, 1, 1, -1, -1, 0.778710, 0.034090
98, 218, 1, 6, 1, 1, 1, -1, 0.775999, 0.014297
98, 219, 6, 1, 1, 1, -1, 1, 0.779521, 0.000000
98, 220, 3, 2, 1, -1, 1, -1, 0.869427, 0.723934
98, 221, 4, 4, 1, 1, -1, -1, 0.723866, 0.006983
98, 222, 5, 0, 1, 1, -1, 0, 0.737084, 0.060823
98, 223, 6, 3, 1, 1, -1, 1, 0.684686, 0.000000
98, 224, 1, 0, 1, 1, 1, 0, 0.670438, 0.027654
98, 225, 3, 0, 1, 1, 1, 0, 0.656812, 0.001004
98, 226, 1, 1, 1, 1, 1, 1, 0.585251, 0.000000
98, 227, 1, 0, 1, 1, 1, 0, 0.559113, 0.000000
98, 228, 2, 1, 1, 1, 1, -1, 0.785280, 0.014313
98, 229, 3, 1, 1, 1, 1, -1, 0.897248, 0.192620
98, 230, 5, 4, 1, -1, -1, -1, 1.102936, 0.127145
98, 231, 1, 2, 1, 1, 1, 1, 0.732190, 0.000000
98, 232, 6, 4, 1, 1, -1, 1, 0.678341, 0.147162
98, 233, 1, 6, 1, 1, -1, 1, 0.918288, 0.047547
98, 234, 2, 0, 1, 1, -1, 0, 0.649751, 0.000000
98, 235, 3, 0, 1, 1, -1, 0, 0.645608, 0.033809
98, 236, 5, 0, 1, 1, -1, 0, 0.644211, 0.034267
98, 237, 5, 0, 1, 1, -1, 0, 0.617417, 0.027551
98, 238, 1, 6, 1, 1, 1, 1, 0.738093, 0.000000
98, 239, 2, 3, 1, 1, -1, -1, 0.698388, 0.007601
98, 240, 5, 2, 1, -1, -1, -1, 0.996934, 0.604392
98, 241, 2, 0, 1, 1, 1, 0, 0.657409, 0.026917
98, 242, 4, 0, 1, 1, 1, 0, 0.751782, 0.020874
98, 243, 1, 0, 1, 1, 1, 0, 0.697343, 0.040700
98, 244, 6, 2, 1, -1, -1, 1, 0.982913, 1.456377
98, 245, 6, 0, 1, 1, 1, 0, 0.711235, 0.000000
98, 246, 1, 0, 1, 1, -1, 0, 0.668590, 0.067414
98, 247, 1, 0, 1, 1, 1, 0, 0.684413, 0.000000
98, 248, 1, 0, 1, 1, -1, 0, 0.756023, 0.034327
98, 249, 4, 1, 1, 1, 1, 1, 0.737089, 0.034009
98, 250, 4, 0, 1, 1, 1, 0, 0.637215, 0.034229
98, 251, 6, 5, 1, 1, -1, -1, 0.662643, 0.000000
98, 252, 5, 2, 1, -1, 1, -1, 0.930614, 1.128898
98, 253, 3, 0, 1, 1, 1, 0, 0.708283, 0.000000
98, 254, 6, 0, 1, 1, -1, 0, 0.584917, 0.014216
98, 255, 1, 0, 1, 1, -1, 0, 0.612776, 0.014296
98, 256, 3, 0, 1, 1, -1, 0, 0.550773, 0.000000
98, 257, 3, 2, 1, 1, -1, 1, 0.677998, 0.000000
98, 258, 6, 4, 1, 1, 1, -1, 0.611272, 0.007647
98, 259, 6, 3, 1, 1, 1, 1, 0.545383, 0.040994
98, 260, 1, 0, 1, 1, -1, 0, 0.565775, 0.047486
98, 261, 4, 5, 0, -1, 1, 1, 1.088587, 1.215797
98, 262, 2, 2, 1, 1, 1, 1, 0.678420, 0.014291
98, 263, 1, 0, 1, 1, 1, 0, 0.518320, 0.000000
98, 264, 1, 4, 1, 1, -1, 1, 0.663908, 0.140159
98, 265, 6, 0, 1, 1, 1, 0, 0.583457, 0.020509
98, 266, 5, 0, 1, 1, 1, 0, 0.584199, 0.000000
98, 267, 3, 6, 1, 1, 1, 1, 0.671455, 0.026915
98, 268, 4, 0, 1, 1, -1, 0, 0.650858, 0.000000
98, 269, 6, 2, 1, 1, 1, 1, 0.791828, 0.000000
98, 271, 2, 5, 1, -1, -1, -1, 0.996098, 0.582775
98, 272, 4, 0, 1, 1, -1, 0, 0.618617, 0.293240
98, 273, 1, 5, 1, 1, -1, -1, 0.971657, 0.000000
98, 274, 3, 0, 1, 1, -1, 0, 0.592813, 0.000000
98, 275, 5, 0, 1, 1, 1, 0, 0.545178, 0.000000
98, 276, 4, 0, 1, 1, 1, 0, 0.505351, 0.000000
98, 277, 6, 0, 1, 1, 1, 0, 0.484879, 0.000000
98, 278, 1, 2, 1, 1, 1, -1, 0.500836, 0.000000
98, 279, 2, 4, 1, 1, -1, -1, 0.698821, 0.000000
98, 280, 4, 0, 1, 1, 1, 0, 0.545909, 0.000000
98, 281, 4, 0, 1, 1, -1, 0, 0.644486, 0.000000
98, 282, 5, 0, 1, 1, -1, 0, 0.537557, 0.020732
98, 283, 1, 0, 1, 1, -1, 0, 0.537872, 0.000000
98, 284, 2, 5, 1, 1, -1, -1, 0.657924, 0.000000
98, 285, 6, 3, 1, 1, -1, 1, 0.506393, 0.000000
98, 286, 5, 0, 1, 1, -1, 0, 0.499205, 0.033670
98, 287, 2, 6, 0, -1, -1, 1, 1.182717, 2.684635
98, 288, 6, 0, 1, 1, 1, 0, 0.517899, 0.000000
98, 289, 2, 0, 1, 1, 1, 0, 0.553004, 0.000000
98, 290, 5, 1, 1, 1, 1, 1, 0.544295, 0.000000
98, 291, 4, 0, 1, 1, 1, 0, 0.523664, 0.000000
98, 292, 5, 1, 1, 1, -1, -1, 0.630731, 0.000000
98, 293, 4, 0, 1, 1, 1, 0, 0.550303, 0.000000
98, 294, 6, 0, 1, 1, 1, 0, 0.518389, 0.000000
98, 295, 5, 0, 1, 1, 1, 0, 0.506674, 0.034280
98, 296, 4, 4, 1, 1, -1, -1, 0.792791, 0.000000
98, 297, 3, 0, 1, 1, -1, 0, 0.630379, 0.041046
98, 298, 6, 5, 1, 1, 1, 1, 0.604907, 0.000000
98, 299, 1, 5, 1, 1, 1, -1, 0.617430, 0.000000
98, 300, 1, 5, 1, 1, 1, 1, 0.532453, 0.000000
98, 301, 1, 0, 1, 1, 1, 0, 0.465467, 0.000000
98, 302, 5, 3, 1, 1, 1, -1, 0.510958, 0.000000
98, 303, 4, 4, 1, 1, 1, 1, 0.492128, 0.000000
98, 304, 5, 0, 1, 1, -1, 0, 0.533068, 0.000000
98, 305, 4, 0, 1, 1, -1, 0, 0.511094, 0.000000
98, 306, 4, 5, 1, 1, -1, -1, 0.642982, 0.000000
98, 307, 1, 2, 1, 1, -1, -1, 0.499892, 0.000000
98, 308, 1, 0, 1, 1, -1, 0, 0.467051, 0.000000
98, 309, 4, 0, 1, 1, -1, 0, 0.459932, 0.000000
98, 310, 6, 0, 1, 1, -1, 0, 0.513065, 0.000000
98, 311, 1, 1, 1, 1, -1, -1, 0.450084, 0.000000
98, 312, 2, 0, 1, 1, -1, 0, 0.543553, 0.000000
98, 313, 6, 6, 1, 1, 1, -1, 0.589523, 0.014337
98, 314, 4, 0, 1, 1, 1, 0, 0.505849, 0.020881
98, 315, 1, 3, 1, 1, -1, -1, 0.565308, 0.000000
98, 316, 3, 3, 1, 1, 1, 1, 0.691137, 0.000000
98, 317, 5, 0, 1, 1, 1, 0, 0.497962, 0.020865
98, 318, 3, 0, 1, 1, -1, 0, 0.599319, 0.000000
98, 319, 1, 4, 1, 1, 1, 1, 0.498342, 0.000000
98, 320, 1, 0, 1, 1, 1, 0, 0.412351, 0.007236
98, 321, 6, 5, 1, 1, -1, 1, 0.558779, 0.000000
98, 322, 6, 0, 1, 1, -1, 0, 0.511632, 0.000000
98, 323, 6, 1, 1, 1, 1, -1, 0.756615, 0.000000
98, 324, 2, 0, 1, 1, -1, 0, 0.664682, 0.900952
98, 325, 6, 0, 1, 1, -1, 0, 0.465802, 0.000000
98, 326, 2, 0, 1, 1, -1, 0, 0.539770, 0.000000
98, 327, 4, 0, 0, 1, 1, 0, 0.638202, 1.537885
98, 328, 4, 3, 1, -1, -1, 1, 0.956931, 1.189508
98, 329, 5, 3, 1, 1, -1, 1, 0.651643, 0.000000
98, 330, 6, 0, 1, 1, 1, 0, 0.506292, 0.000000
98, 331, 3, 2, 1, 1, 1, 1, 0.683356, 0.000000
98, 332, 3, 0, 1, 1, 1, 0, 0.552410, 0.000000
98, 333, 2, 0, 1, 1, 1, 0, 0.570137, 0.000000
98, 334, 3, 4, 1, -1, 1, 1, 0.810782, 0.305362
98, 335, 5, 0, 1, 1, -1, 0, 0.585906, 0.000000
98, 336, 3, 0, 1, 1, 1, 0, 0.525005, 0.000000
98, 337, 5, 5, 1, 1, 1, -1, 0.897983, 0.000000
98, 338, 5, 0, 1, 1, 1, 0, 0.477500, 0.000000
98, 339, 3, 0, 1, 1, -1, 0, 0.679006, 0.000000
98, 340, 6, 6, 1, 1, -1, 1, 0.990517, 0.000000
98, 341, 5, 0, 1, 1, 1, 0, 0.578891, 0.000000
98, 342, 1, 0, 1, 1, 1, 0, 0.493308, 0.000000
98, 343, 4, 0, 1, 1, -1, 0, 0.597601, 0.000000
98, 344, 1, 0, 1, 1, 1, 0, 0.466010, 0.000000
98, 345, 2, 0, 1, 1, 1, 0, 0.419848, 0.000000
98, 346, 6, 4, 1, 1, -1, -1, 0.618166, 0.000000
98, 347, 1, 0, 1, 1, -1, 0, 0.563034, 0.000000
98, 348, 5, 6, 1, 1, -1, 1, 0.644767, 0.000000
98, 349, 2, 0, 1, 1, -1, 0, 0.539048, 0.000984
98, 350, 6, 0, 1, 1, 1, 0, 0.571998, 0.007621
98, 351, 4, 4, 1, 1, 1, -1, 0.936684, 11.390635
98, 352, 5, 0, 1, 1, -1, 0, 0.632535, 0.000000
98, 353, 5, 1, 1, 1, 1, -1, 0.740205, 0.332522
98, 354, 2, 0, 1, 1, -1, 0, 0.556000, 0.412784
98, 355, 1, 0, 1, 1, 1, 0, 0.565787, 0.000000
98, 356, 5, 0, 1, 1, 1, 0, 0.617267, 0.490606
98, 357, 3, 1, 1, 1, -1, -1, 0.635979, 0.020852
98, 358, 4, 0, 1, 1, 1, 0, 0.498881, 0.000000
98, 359, 2, 0, 1, 1, 1, 0, 0.512287, 0.014189
98, 360, 1, 0, 1, 1, -1, 0, 0.618427, 0.000000
98, 361, 3, 4, 1, -1, 1, 1, 1.266317, 0.916706
98, 362, 5, 3, 1, 1, -1, 1, 0.617105, 0.000000
98, 363, 2, 0, 1, 1, -1, 0, 0.525620, 0.000000
98, 364, 3, 6, 1, 1, -1, 1, 0.765557, 0.367157
98, 365, 2, 0, 1, 1, 1, 0, 0.506453, 0.000000
98, 366, 2, 0, 1, 1, -1, 0, 0.579821, 0.000000
98, 367, 5, 6, 1, 1, -1, -1, 0.691948, 0.000000
98, 368, 5, 0, 1, 1, 1, 0, 0.572400, 0.000000
98, 369, 4, 0, 1, 1, -1, 0, 0.545827, 0.000000
98, 370, 6, 6, 1, 1, -1, -1, 0.538812, 0.000000
98, 371, 1, 0, 1, 1, 1, 0, 0.504748, 0.000000
98, 372, 4, 0, 1, 1, -1, 0, 0.492905, 0.000000
98, 373, 4, 5, 1, -1, -1, 1, 0.982050, 0.572529
98, 374, 2, 2, 1, 1, 1, -1, 0.997210, 0.000000
98, 375, 6, 2, 1, 1, -1, -1, 0.545997, 0.559809
98, 376, 2, 2, 1, 1, -1, -1, 0.618453, 0.000000
98, 377, 6, 3, 1, 1, 1, -1, 0.618875, 0.000000
98, 378, 2, 6, 1, -1, -1, -1, 0.796892, 0.246424
98, 379, 1, 4, 1, 1, -1, -1, 0.565622, 0.000000
98, 380, 6, 2, 1, -1, -1, 1, 0.989561, 0.711139
98, 381, 5, 0, 1, 1, -1, 0, 0.557184, 0.763026
98, 382, 2, 3, 1, 1, -1, 1, 0.702864, 0.000000
98, 383, 3, 0, 1, 1, -1, 0, 0.553705, 0.014278
98, 384, 3, 0, 1, 1, -1, 0, 0.571317, 0.000000
98, 385, 1, 0, 1, 1, -1, 0, 0.492349, 0.000000
98, 386, 5, 0, 1, 1, 1, 0, 0.526584, 0.000000
98, 387, 2, 1, 1, 1, -1, 1, 0.604284, 0.020360
98, 388, 3, 0, 1, 1, 1, 0, 0.538433, 0.000000
98, 389, 6, 0, 1, 1, 1, 0, 0.537337, 0.007663
98, 390, 6, 2, 1, 1, 1, -1, 0.531784, 0.000000
98, 391, 3, 1, 1, 1, -1, 1, 0.731277, 0.014205
98, 392, 2, 0, 1, 1, -1, 0, 0.505419, 0.000000
98, 393, 4, 5, 1, -1, 1, -1, 1.148791, 0.396527
98, 394, 4, 0, 1, 1, 1, 0, 0.611521, 0.000000
98, 395, 6, 1, 1, 1, 1, 1, 0.750192, 0.433363
98, 396, 2, 3, 1, 1, -1, 1, 0.921823, 0.240158
98, 397, 1, 0, 1, 1, 1, 0, 0.565110, 0.447225
98, 398, 5, 0, 1, 1, -1, 0, 0.599091, 0.000000
98, 399, 6, 6, 1, 1, -1, 1, 0.597570, 0.000000
98, 400, 6, 4, 1, 1, 1, 1, 0.470840, 0.007666
98, 401, 6, 0, 1, 1, -1, 0, 0.546345, 0.000000
98, 402, 4, 6, 1, 1, 1, -1, 0.618555, 0.000000
98, 403, 2, 0, 1, 1, -1, 0, 0.518769, 0.000000
98, 404, 2, 0, 1, 1, -1, 0, 0.538419, 0.000000
98, 405, 6, 0, 1, 1, -1, 0, 0.485371, 0.007688
98, 406, 2, 3, 1, 1, 1, 1, 0.578927, 0.000000
98, 407, 5, 6, 1, 1, 1, 1, 0.572059, 0.014279
98, 408, 1, 0, 1, 1, -1, 0, 0.564957, 0.000000
98, 409, 3, 0, 1, 1, 1, 0, 0.624014, 0.007205
98, 410, 3, 3, 1, 1, 1, -1, 0.669929, 0.040956
98, 411, 5, 6, 1, 1, 1, -1, 0.678372, 0.000000
98, 412, 2, 6, 1, 1, 1, 1, 0.537743, 0.007632
98, 413, 5, 0, 1, 1, -1, 0, 0.544754, 0.000000
98, 414, 5, 5, 1, 1, -1, -1, 0.590472, 0.000000
98, 415, 2, 0, 1, 1, 1, 0, 0.503263, 0.000000
98, 416, 6, 0, 1, 1, -1, 0, 0.584963, 0.021028
98, 417, 3, 6, 1, 1, -1, -1, 0.585751, 0.000000
98, 418, 2, 0, 1, 1, 1, 0, 0.480679, 0.000000
98, 419, 3, 0, 1, 1, -1, 0, 0.619208, 0.000000
98, 420, 6, 3, 1, 1, 1, -1, 0.558489, 0.000000
98, 421, 6, 4, 1, 1, 1, -1, 0.484303, 0.000000
98, 422, 3, 0, 1, 1, -1, 0, 0.491922, 0.000000
98, 423, 6, 0, 1, 1, -1, 0, 0.505242, 0.000000
98, 424, 4, 0, 1, 1, 1, 0, 0.552786, 0.000000
98, 425, 6, 1, 1, 1, 1, 1, 0.530193, 0.000000
98, 426, 1, 4, 1, 1, 1, -1, 0.578174, 0.000000
98, 427, 5, 5, 1, 1, 1, -1, 0.537537, 0.000000
98, 428, 6, 0, 1, 1, -1, 0, 0.570807, 0.000000
98, 429, 2, 0, 1, 1, -1, 0, 0.657237, 0.000000
98, 430, 2, 5, 1, 1, 1, -1, 0.551058, 0.000000
98, 431, 4, 0, 1, 1, 1, 0, 0.520851, 0.040776
98, 432, 3, 4, 1, 1, -1, 1, 0.644406, 0.000000
98, 433, 1, 6, 1, 1, -1, 1, 0.525772, 0.000000
98, 434, 3, 2, 1, 1, 1, -1, 0.618368, 0.000000
98, 435, 1, 4, 1, 1, 1, -1, 0.616761, 0.000000
98, 436, 3, 4, 1, 1, -1, -1, 0.698692, 0.059850
98, 437, 5, 1, 1, 1, 1, 1, 0.538299, 0.000000
98, 438, 5, 6, 1, 1, -1, 1, 0.704087, 0.000000
98, 439, 1, 1, 1, 1, -1, 1, 0.717680, 0.000000
98, 440, 1, 5, 1, 1, -1, 1, 0.583494, 0.014220
98, 441, 6, 0, 0, 1, 1, 0, 0.650323, 1.159005
98, 442, 1, 0, 1, 1, 1, 0, 0.593082, 0.784716
98, 443, 4, 1, 1, 1, -1, -1, 0.831541, 0.000000
98, 444, 6, 1, 1, 1, -1, 1, 0.956440, 0.000000
98, 445, 3, 0, 1, 1, -1, 0, 0.611690, 0.000000
98, 446, 4, 6, 1, 1, -1, -1, 0.644457, 0.000000
98, 447, 1, 0, 1, 1, 1, 0, 0.565411, 0.000000
98, 448, 1, 6, 1, -1, -1, -1, 1.441699, 1.081907
98, 449, 1, 3, 1, 1, 1, -1, 0.745604, 0.000000
98, 450, 1, 3, 1, 1, -1, 1, 0.718114, 0.789341
98, 451, 3, 4, 1, -1, 1, -1, 1.219631, 0.929895
98, 452, 2, 0, 1, 1, -1, 0, 0.710767, 0.000000
98, 453, 4, 0, 1, 1, -1, 0, 0.572364, 0.000000
98, 454, 4, 6, 1, 1, -1, 1, 0.590511, 0.000000
98, 455, 5, 0, 1, 1, 1, 0, 0.572243, 0.000000
98, 456, 3, 0, 1, 1, -1, 0, 0.564782, 0.000000
98, 457, 4, 0, 1, 1, 1, 0, 0.532045, 0.000000
98, 458, 2, 3, 1, 1, 1, -1, 0.844492, 0.000000
98, 459, 5, 2, 1, 1, -1, 1, 0.816717, 0.000000
98, 460, 6, 1, 1, 1, -1, -1, 1.090484, 0.001060
98, 461, 2, 1, 1, 1, -1, -1, 0.690905, 0.738223
98, 462, 3, 2, 1, -1, -1, -1, 1.024186, 0.406005
98, 463, 6, 1, 1, 1, 1, -1, 0.759153, 0.027552
98, 464, 5, 0, 1, 1, -1, 0, 0.901972, 0.087626
98, 465, 1, 0, 1, 1, 1, 0, 0.645563, 0.000000
98, 466, 3, 2, 1, 1, 1, 1, 0.637709, 0.007564
98, 467, 5, 2, 1, -1, 1, 1, 0.775736, 0.319691
98, 468, 2, 0, 1, 1, 1, 0, 0.643439, 0.404402
98, 469, 3, 3, 1, 1, 1, 1, 0.651818, 0.007481
98, 470, 5, 0, 1, 1, 1, 0, 0.584223, 0.007615
98, 471, 2, 6, 1, 1, -1, -1, 0.718936, 0.040823
98, 472, 4, 2, 1, -1, 1, 1, 0.765125, 0.333234
98, 473, 4, 1, 1, 1, -1, -1, 0.678550, 0.000000
98, 474, 3, 5, 1, 1, -1, 1, 0.656971, 0.000000
98, 475, 4, 0, 1, 1, 1, 0, 0.565540, 0.000000
98, 476, 1, 3, 1, 1, -1, 1, 0.526333, 0.000000
98, 477, 4, 0, 1, 1, -1, 0, 0.557478, 0.000000
98, 478, 3, 1, 1, 1, 1, 1, 0.580396, 0.000000
98, 479, 3, 1, 1, 1, 1, 1, 0.559678, 0.000000
98, 480, 2, 0, 1, 1, -1, 0, 0.504908, 0.000000
98, 481, 1, 0, 1, 1, -1, 0, 0.519514, 0.000000
98, 482, 1, 6, 1, 1, -1, -1, 0.617808, 0.033857
98, 483, 6, 0, 1, 1, 1, 0, 0.550768, 0.000000
98, 484, 3, 5, 1, -1, 1, 1, 1.043391, 0.140177
98, 485, 3, 3, 1, 1, 1, -1, 0.597369, 0.007573
98, 486, 1, 0, 1, 1, 1, 0, 0.524658, 0.000000
98, 487, 2, 0, 1, 1, 1, 0, 0.598483, 0.000000
98, 488, 1, 5, 1, 1, 1, -1, 0.562428, 0.000000
98, 489, 4, 0, 1, 1, 1, 0, 0.671430, 0.014323
98, 490, 5, 0, 1, 1, 1, 0, 0.659277, 0.000000
98, 491, 5, 0, 1, 1, 1, 0, 0.644324, 0.034074
98, 492, 2, 0, 1, 1, 1, 0, 0.620146, 0.000000
98, 493, 6, 2, 1, 1, -1, -1, 1.375294, 0.961113
98, 494, 4, 0, 1, 1, -1, 0, 0.717147, 0.000000
98, 495, 5, 4, 1, 1, -1, -1, 0.637822, 0.020813
98, 496, 4, 0, 1, 1, -1, 0, 0.491662, 0.020432
98, 497, 5, 0, 1, 1, -1, 0, 0.545212, 0.014284
98, 498, 2, 0, 1, 1, 1, 0, 0.618425, 0.000000
98, 499, 2, 0, 1, 1, 1, 0, 0.446638, 0.020975
98, 500, 1, 0, 1, 1, -1, 0, 0.491814, 0.020531
98, 501, 3, 0, 1, 3, 1, 0, 0.592576, 0.099705
98, 502, 1, 0, 1, 1, 1, 0, 0.602704, 0.000000
98, 503, 1, 3, 1, 1, 1, -1, 0.724280, 0.000000
98, 504, 2, 4, 1, 1, -1, -1, 0.645310, 0.000000
98, 505, 3, 0, 1, 1, -1, 0, 0.583926, 0.000000
98, 506, 4, 3, 1, 3, -1, 1, 0.828065, 0.518496
98, 507, 6, 5, 1, 1, -1, 1, 0.616108, 0.545165
98, 508, 5, 4, 1, 1, 1, -1, 1.022738, 0.532356
98, 509, 1, 0, 1, 1, 1, 0, 0.537429, 0.000000
98, 510, 1, 0, 1, 1, -1, 0, 0.560275, 0.000000
98, 511, 6, 0, 1, 1, -1, 0, 0.538318, 0.027190
98, 512, 6, 0, 1, 1, -1, 0, 0.471696, 0.014199
98, 513, 6, 0, 1, 1, -1, 0, 0.398877, 0.007606
98, 514, 5, 4, 1, -1, 1, -1, 0.991175, 0.883515
98, 515, 5, 0, 1, 1, -1, 0, 0.559038, 0.014223
98, 516, 5, 2, 1, 1, -1, -1, 0.505668, 0.000000
98, 517, 6, 6, 1, 1, 1, 1, 0.602083, 0.007612
98, 518, 2, 3, 1, 1, 1, 1, 0.549911, 0.047478
98, 519, 5, 0, 1, 1, -1, 0, 0.573014, 0.014239
98, 520, 3, 0, 1, 1, 1, 0, 0.578764, 0.033283
98, 521, 2, 4, 1, -1, -1, 1, 1.134981, 0.054022
98, 522, 2, 0, 1, 1, -1, 0, 0.684229, 0.000000
98, 523, 4, 6, 1, 1, -1, 1, 0.739775, 0.000000
98, 524, 5, 3, 1, 1, -1, -1, 0.579493, 0.000000
98, 525, 2, 0, 1, 1, 1, 0, 0.424312, 0.000000
98, 526, 3, 5, 1, 1, 1, -1, 0.603263, 0.000000
98, 527, 4, 1, 1, 1, -1, 1, 0.870740, 0.007639
98, 528, 1, 6, 1, 1, 1, 1, 0.625356, 0.000000
98, 529, 2, 1, 1, 1, 1, -1, 0.617780, 0.000000
98, 530, 4, 0, 1, 1, -1, 0, 0.617606, 0.000000
98, 531, 3, 0, 1, 1, 1, 0, 0.617889, 0.027551
98, 532, 4, 0, 1, 1, -1, 0, 0.532166, 0.000000
98, 533, 2, 4, 1, 1, 1, 1, 0.725390, 0.040609
98, 534, 4, 0, 1, 1, -1, 0, 0.552797, 0.014391
98, 535, 2, 0, 1, 1, 1, 0, 0.519001, 0.040848
98, 536, 5, 0, 1, 1, 1, 0, 0.526149, 0.041087
98, 537, 5, 5, 1, 1, -1, 1, 0.585555, 0.020869
98, 538, 2, 5, 1, 1, 1, 1, 0.511180, 0.034144
98, 539, 3, 0, 1, 1, -1, 0, 0.604419, 0.000000
98, 540, 5, 2, 1, 1, 1, -1, 0.532251, 0.020892
98, 541, 3, 0, 1, 1, 1, 0, 0.479285, 0.033938
98, 542, 3, 0, 1, 1, 1, 0, 0.458250, 0.047414
98, 543, 1, 0, 1, 1, 1, 0, 0.518671, 0.040798
98, 544, 2, 5, 1, 1, -1, 1, 0.593090, 0.000000
98, 545, 2, 1, 1, 1, 1, 1, 0.630671, 0.000000
98, 546, 3, 5, 1, 1, -1, -1, 0.632988, 0.000000
98, 547, 2, 0, 1, 1, 1, 0, 0.583791, 0.213996
98, 548, 4, 0, 1, 1, -1, 0, 0.476178, 0.000000
98, 549, 1, 0, 1, 1, -1, 0, 0.565152, 0.000000
98, 550, 2, 2, 1, 1, -1, -1, 0.583445, 0.000000
98, 551, 2, 0, 1, 1, 1, 0, 0.446147, 0.000000
98, 552, 3, 6, 1, 1, 1, 1, 0.530792, 0.000000
98, 553, 5, 6, 1, 1, 1, -1, 0.584941, 0.014224
98, 554, 2, 5, 1, 1, 1, -1, 0.551019, 0.007574
98, 555, 4, 2, 1, 1, 1, -1, 0.539203, 0.007149
98, 556, 1, 0, 1, 1, 1, 0, 0.451647, 0.000000
98, 557, 4, 0, 1, 1, -1, 0, 0.478728, 0.000000
98, 558, 4, 6, 1, 1, 1, 1, 0.585531, 0.000000
98, 559, 2, 5, 1, 1, 1, 1, 0.491875, 0.014029
98, 560, 2, 0, 1, 1, -1, 0, 0.499124, 0.027534
98, 561, 1, 2, 1, 1, -1, 1, 0.532640, 0.000000
98, 562, 4, 0, 1, 1, 1, 0, 0.471716, 0.000000
98, 563, 4, 5, 1, 1, -1, -1, 0.544821, 0.000000
98, 564, 4, 0, 1, 1, -1, 0, 0.533639, 0.000000
98, 565, 3, 2, 1, 1, -1, 1, 0.604498, 0.000000
98, 566, 2, 0, 1, 1, 1, 0, 0.505628, 0.020881
98, 567, 5, 4, 1, 1, -1, 1, 0.545327, 0.000000
98, 568, 2, 0, 1, 1, -1, 0, 0.519806, 0.000000
98, 569, 5, 5, 1, 1, -1, -1, 0.571365, 0.000000
98, 570, 5, 1, 1, 1, -1, 1, 0.598661, 0.000000
98, 571, 4, 0, 1, 1, 1, 0, 0.611512, 0.000000
98, 572, 5, 1, 1, 1, -1, -1, 0.592679, 0.000000
98, 573, 3, 3, 1, 1, -1, -1, 0.578156, 0.013647
98, 574, 1, 5, 1, 1, -1, -1, 0.785639, 0.080637
98, 575, 4, 1, 1, 1, 1, -1, 0.611513, 0.007594
98, 576, 1, 0, 1, 1, -1, 0, 0.578115, 0.000000
