observer, trial, targLoc, distLoc, targDiscrim, thoughtNoAttCap, tc, dc, RT, TrialTypeRT
1, 1, 1, 0, 1, 1, 1, 0, 1.303762, 2.459716
1, 2, 3, 5, 1, 1, -1, -1, 1.190747, 1.852136
1, 4, 1, 6, 1, 1, 1, -1, 0.788125, 2.489538
1, 5, 6, 0, 1, 1, -1, 0, 0.815534, 1.053697
1, 6, 5, 2, 0, -1, 1, -1, 0.601792, 1.201185
1, 7, 1, 4, 1, 1, 1, -1, 0.682984, 1.054240
1, 8, 4, 0, 1, 1, -1, 0, 0.756375, 0.629193
1, 9, 1, 0, 1, 1, 1, 0, 0.369215, 0.455021
1, 10, 5, 6, 1, 1, -1, -1, 0.417332, 0.777008
1, 11, 3, 5, 1, 1, -1, -1, 0.865804, 0.669230
1, 12, 5, 0, 1, 1, 1, 0, 0.530228, 0.589438
1, 13, 1, 0, 1, 3, -1, 0, 0.616190, 0.633606
1, 14, 2, 3, 1, 3, -1, -1, 0.656065, 0.495757
1, 15, 3, 5, 1, 1, -1, 1, 0.952984, 0.992361
1, 16, 4, 0, 1, 1, 1, 0, 0.561628, 0.576976
1, 17, 6, 0, 1, 1, -1, 0, 0.880740, 0.610197
1, 18, 2, 4, 1, 1, 1, -1, 0.601615, 0.304287
1, 19, 6, 0, 1, 1, -1, 0, 0.622325, 0.343612
1, 20, 5, 0, 1, 1, 1, 0, 0.616500, 0.385377
1, 21, 5, 0, 1, 1, -1, 0, 0.635888, 0.418015
1, 22, 1, 0, 1, 1, -1, 0, 0.529717, 0.477934
1, 23, 4, 6, 1, 1, 1, 1, 0.751733, 0.304524
1, 24, 5, 3, 1, 1, -1, -1, 0.569956, 0.245613
1, 25, 5, 0, 1, 1, -1, 0, 0.587822, 0.172955
1, 26, 1, 6, 1, 1, -1, 1, 0.660975, 0.680841
1, 27, 4, 5, 1, 1, 1, -1, 0.668453, 0.305078
1, 28, 2, 0, 1, 1, 1, 0, 0.656725, 0.093317
1, 29, 3, 4, 1, 1, -1, 1, 0.840975, 0.298727
1, 30, 6, 1, 1, 1, -1, 1, 0.503865, 0.205015
1, 31, 5, 0, 1, 1, -1, 0, 0.707346, 0.317991
1, 32, 2, 0, 1, 1, -1, 0, 0.583400, 0.284639
1, 33, 4, 2, 1, 1, 1, -1, 1.165873, 0.317909
1, 34, 4, 1, 1, 1, -1, 1, 0.701239, 0.311604
1, 35, 2, 4, 1, 1, -1, -1, 0.543565, 0.259221
1, 36, 6, 0, 1, 1, 1, 0, 0.768132, 0.325924
1, 37, 1, 0, 1, 1, 1, 0, 0.457665, 0.264975
1, 38, 3, 0, 1, 1, 1, 0, 0.748303, 0.265166
1, 39, 1, 0, 1, 1, 1, 0, 0.732529, 0.469551
1, 40, 6, 0, 1, 1, 1, 0, 0.742531, 0.337532
1, 41, 5, 2, 1, 3, 1, 1, 0.779685, 0.541273
1, 42, 3, 1, 1, 1, -1, -1, 0.695208, 0.312092
1, 43, 3, 0, 1, 1, -1, 0, 0.773524, 0.305441
1, 44, 1, 3, 0, 3, -1, -1, 0.991383, 0.370647
1, 45, 6, 5, 1, 1, -1, 1, 1.245001, 0.692097
1, 46, 2, 6, 1, 3, -1, -1, 1.146218, 0.418384
1, 47, 4, 6, 1, 1, 1, -1, 1.045786, 0.607438
1, 48, 4, 1, 1, 1, -1, 1, 0.987329, 0.344813
1, 49, 3, 5, 1, 1, 1, -1, 0.807367, 0.470234
1, 50, 4, 0, 1, 1, 1, 0, 1.062963, 0.521555
1, 51, 6, 0, 1, 1, -1, 0, 0.887109, 1.103830
1, 52, 1, 2, 1, 1, 1, 1, 0.688848, 0.357966
1, 53, 2, 5, 1, 1, 1, -1, 0.887297, 0.323782
1, 54, 1, 1, 1, 1, 1, -1, 0.734548, 0.272574
1, 55, 6, 0, 1, 1, -1, 0, 0.576094, 0.264950
1, 56, 1, 4, 1, 1, 1, 1, 0.563988, 0.298058
1, 57, 5, 0, 1, 1, -1, 0, 0.568012, 0.304968
1, 58, 3, 0, 1, 1, 1, 0, 0.879991, 0.279384
1, 59, 6, 3, 1, 1, 1, -1, 0.748828, 0.312036
1, 60, 1, 0, 1, 1, 1, 0, 0.769021, 0.344326
1, 61, 2, 5, 1, 1, -1, -1, 0.894835, 0.337344
1, 62, 3, 1, 1, 1, 1, 1, 0.780186, 0.317001
1, 63, 5, 3, 1, 1, 1, 1, 0.708431, 0.271261
1, 64, 3, 6, 1, 1, 1, 1, 0.746707, 0.153371
1, 65, 6, 0, 1, 1, 1, 0, 0.575161, 0.283996
1, 66, 4, 3, 1, 1, 1, 1, 0.682281, 0.330986
1, 67, 1, 0, 1, 1, 1, 0, 0.456255, 0.317182
1, 68, 5, 0, 1, 1, -1, 0, 0.596593, 0.306286
1, 69, 3, 0, 1, 1, 1, 0, 0.636418, 0.369963
1, 70, 6, 0, 1, 1, -1, 0, 0.841061, 0.469981
1, 71, 2, 1, 1, 3, -1, 1, 0.939683, 0.434508
1, 72, 3, 0, 1, 1, 1, 0, 1.004586, 0.266113
1, 73, 6, 6, 1, 1, -1, 1, 0.952856, 0.622214
1, 74, 5, 3, 1, 1, -1, 1, 0.662265, 0.370014
1, 75, 4, 6, 1, 1, -1, 1, 0.780689, 0.391841
1, 76, 5, 0, 1, 1, -1, 0, 0.562810, 0.338942
1, 77, 1, 2, 1, 1, 1, -1, 0.608117, 0.442627
1, 78, 6, 4, 1, 1, 1, -1, 0.628581, 0.305164
1, 79, 5, 0, 1, 1, 1, 0, 0.693492, 0.332589
1, 80, 5, 2, 1, 1, -1, -1, 0.516186, 0.344824
1, 81, 1, 1, 1, 1, -1, -1, 0.715480, 0.342947
1, 82, 6, 5, 1, 1, 1, -1, 0.788479, 2.756998
1, 83, 1, 4, 1, 1, -1, 1, 0.947227, 0.564890
1, 84, 6, 4, 0, 3, -1, 1, 1.276580, 0.623417
1, 85, 4, 0, 1, 1, -1, 0, 0.616308, 0.576373
1, 86, 6, 6, 1, 1, 1, 1, 0.523258, 0.285832
1, 87, 4, 0, 1, 1, -1, 0, 0.582978, 0.325637
1, 88, 1, 0, 1, 1, -1, 0, 0.662420, 0.286442
1, 89, 2, 1, 1, 1, 1, 1, 0.575961, 0.277785
1, 90, 1, 0, 1, 1, -1, 0, 0.647039, 0.475592
1, 91, 6, 0, 0, 3, -1, 0, 0.761246, 0.317792
1, 92, 4, 1, 1, 1, 1, 1, 0.628336, 0.411894
1, 93, 2, 0, 1, 1, 1, 0, 0.487988, 0.383388
1, 94, 5, 4, 1, 1, 1, 1, 0.648995, 0.339190
1, 95, 1, 0, 1, 1, 1, 0, 0.636615, 0.298372
1, 96, 3, 1, 1, 1, 1, -1, 0.700934, 0.312000
1, 97, 4, 0, 1, 1, 1, 0, 0.549665, 0.345239
1, 98, 2, 3, 1, 1, 1, -1, 0.455788, 0.306045
1, 99, 2, 0, 1, 1, 1, 0, 0.404633, 0.279261
1, 100, 2, 0, 1, 1, -1, 0, 0.569899, 0.306281
1, 101, 2, 0, 0, -1, 1, 0, 0.053927, 3.933040
1, 102, 1, 0, 1, 1, -1, 0, 0.602597, 0.791519
1, 103, 3, 0, 0, -1, -1, 0, 0.650055, 2.252446
1, 104, 3, 0, 1, 1, 1, 0, 0.589425, 1.170851
1, 105, 4, 0, 1, 1, -1, 0, 0.721996, 0.886887
1, 106, 3, 0, 1, 1, 1, 0, 0.716230, 0.978334
1, 107, 6, 3, 1, 1, 1, -1, 0.747529, 0.660931
1, 108, 2, 0, 1, 3, -1, 0, 0.615345, 0.780950
1, 109, 6, 6, 1, 3, 1, -1, 0.907864, 0.622009
1, 110, 1, 0, 1, 1, -1, 0, 1.190272, 0.949619
1, 111, 1, 6, 1, 1, 1, 1, 1.053984, 1.214925
1, 112, 3, 0, 1, 1, -1, 0, 0.774509, 0.723078
1, 113, 1, 0, 1, 1, -1, 0, 0.911393, 0.739208
1, 114, 1, 1, 1, 1, 1, 1, 0.708312, 0.371402
1, 115, 2, 1, 1, 1, 1, -1, 0.621287, 0.326883
1, 116, 2, 2, 1, 1, -1, 1, 0.646730, 0.806256
1, 117, 3, 0, 1, 1, 1, 0, 0.549850, 0.384002
1, 118, 4, 1, 1, 1, 1, -1, 0.570325, 0.494674
1, 119, 2, 0, 1, 1, 1, 0, 0.385140, 0.570005
1, 120, 2, 2, 1, 1, 1, 1, 0.496025, 0.597146
1, 121, 6, 0, 1, 1, -1, 0, 0.648273, 0.377763
1, 122, 1, 4, 1, 1, 1, -1, 0.450266, 0.615273
1, 123, 2, 6, 1, 1, -1, 1, 0.945590, 0.404740
1, 124, 2, 0, 1, 1, 1, 0, 0.575047, 0.297671
1, 125, 3, 0, 1, 1, 1, 0, 0.634209, 0.377799
1, 126, 4, 0, 1, 1, 1, 0, 0.741798, 0.390358
1, 127, 5, 0, 1, 1, 1, 0, 0.568467, 0.290751
1, 128, 3, 1, 1, 1, -1, 1, 0.676168, 0.338170
1, 129, 4, 4, 1, 1, -1, -1, 0.742436, 0.442630
1, 130, 4, 5, 1, 1, -1, 1, 0.601823, 0.600588
1, 131, 4, 3, 1, 3, 1, 1, 0.537552, 0.767723
1, 132, 2, 2, 1, 1, 1, 1, 0.985292, 0.463369
1, 133, 1, 0, 1, 1, 1, 0, 0.570641, 0.351252
1, 134, 6, 4, 1, 1, 1, -1, 0.933010, 0.317016
1, 135, 6, 2, 1, 1, 1, -1, 1.072097, 0.865046
1, 136, 1, 4, 1, 1, -1, -1, 0.905653, 0.504496
1, 137, 6, 0, 1, 1, -1, 0, 0.787709, 0.469586
1, 138, 3, 5, 1, 1, 1, 1, 1.046098, 1.284262
1, 139, 5, 0, 1, 1, 1, 0, 1.176663, 0.781023
1, 140, 2, 6, 1, 1, -1, 1, 1.284040, 1.609262
1, 141, 2, 0, 1, 1, 1, 0, 0.719658, 0.726098
1, 142, 1, 0, 1, 1, -1, 0, 0.893715, 0.686219
1, 143, 5, 0, 1, 1, -1, 0, 0.662459, 0.583148
1, 144, 6, 0, 1, 1, 1, 0, 0.556034, 0.510389
1, 145, 3, 0, 1, 1, -1, 0, 0.590077, 0.364400
1, 146, 3, 1, 1, 1, 1, 1, 0.583548, 0.357559
1, 147, 3, 0, 1, 1, 1, 0, 0.524317, 0.363419
1, 148, 1, 5, 1, 1, 1, -1, 0.721847, 0.534182
1, 149, 6, 3, 1, 3, -1, -1, 1.449371, 0.853505
1, 150, 6, 0, 1, 1, 1, 0, 0.805221, 1.064935
1, 151, 3, 0, 1, 1, 1, 0, 1.315985, 0.345559
1, 152, 6, 0, 1, 1, 1, 0, 0.669371, 0.363992
1, 153, 4, 0, 1, 1, 1, 0, 0.662147, 0.715995
1, 154, 3, 0, 1, 1, -1, 0, 0.582330, 0.383753
1, 155, 4, 5, 1, 1, 1, -1, 0.834394, 0.731843
1, 156, 3, 2, 1, 1, 1, -1, 1.030653, 0.431714
1, 157, 3, 4, 0, 3, 1, -1, 0.893205, 0.589940
1, 158, 5, 0, 1, 1, 1, 0, 0.800780, 0.854248
1, 159, 3, 6, 1, 1, 1, -1, 0.824878, 0.671171
1, 160, 4, 6, 1, 1, -1, 1, 0.705432, 0.551146
1, 161, 2, 0, 1, 1, -1, 0, 0.658682, 1.102636
1, 162, 6, 2, 1, 1, -1, -1, 0.992329, 0.503060
1, 163, 5, 4, 1, 1, -1, 1, 0.467879, 0.541781
1, 164, 4, 1, 1, 1, 1, 1, 0.713689, 0.508446
1, 165, 4, 1, 0, -1, -1, -1, 0.509447, 1.232295
1, 166, 2, 0, 1, 1, -1, 0, 0.681083, 0.503178
1, 167, 5, 0, 1, 1, 1, 0, 0.786417, 0.525527
1, 168, 5, 1, 1, 1, 1, -1, 0.615793, 0.437714
1, 169, 4, 6, 1, 1, 1, 1, 0.568005, 0.583738
1, 170, 3, 3, 1, 1, -1, 1, 0.758453, 0.654770
1, 171, 1, 0, 1, 1, -1, 0, 0.616161, 0.763425
1, 172, 1, 0, 1, 1, 1, 0, 0.762485, 0.541164
1, 173, 3, 4, 1, 1, 1, -1, 0.687722, 0.746361
1, 174, 5, 4, 1, 1, 1, -1, 0.621983, 0.649586
1, 175, 2, 4, 1, 1, 1, 1, 0.456812, 0.574565
1, 176, 5, 0, 1, 1, -1, 0, 0.436320, 0.544106
1, 177, 2, 5, 1, 1, 1, 1, 0.530806, 0.463778
1, 178, 6, 5, 1, 1, 1, -1, 0.725199, 0.425579
1, 179, 4, 0, 1, 1, 1, 0, 0.549307, 0.324297
1, 180, 3, 0, 1, 1, -1, 0, 0.541194, 0.732958
1, 181, 3, 6, 1, 1, 1, 1, 0.689313, 0.397053
1, 182, 3, 0, 1, 1, 1, 0, 0.654458, 0.555783
1, 183, 5, 2, 1, 1, -1, -1, 0.841442, 0.622494
1, 184, 4, 2, 1, 1, -1, -1, 0.588411, 0.501569
1, 185, 5, 0, 1, 1, -1, 0, 0.594944, 0.357273
1, 186, 5, 0, 1, 1, 1, 0, 0.560785, 0.351308
1, 187, 5, 0, 1, 1, 1, 0, 0.708132, 0.361899
1, 188, 3, 0, 0, -1, -1, 0, 0.873157, 1.369615
1, 189, 1, 0, 1, 1, -1, 0, 0.649174, 0.958716
1, 190, 4, 5, 1, 1, -1, -1, 0.676410, 1.087223
1, 191, 5, 2, 1, 1, -1, 1, 0.899415, 0.656460
1, 192, 1, 1, 1, 1, 1, 1, 0.608589, 0.496854
1, 193, 6, 0, 1, 1, -1, 0, 0.628156, 0.477637
1, 194, 1, 3, 1, 1, -1, -1, 0.689674, 0.655732
1, 195, 2, 1, 1, 1, 1, 1, 0.648105, 0.741827
1, 196, 6, 2, 1, 1, 1, 1, 0.495870, 0.700096
1, 197, 1, 2, 1, 1, 1, 1, 0.636218, 0.638166
1, 198, 1, 0, 1, 1, -1, 0, 0.571065, 0.548436
1, 199, 1, 6, 1, 1, -1, 1, 0.582514, 0.517680
1, 200, 1, 2, 1, 1, -1, -1, 0.562673, 0.926386
1, 201, 3, 6, 0, -1, -1, -1, 0.185631, 1.242443
1, 202, 1, 5, 1, 1, -1, 1, 0.694645, 0.681403
1, 203, 3, 2, 1, 1, -1, 1, 0.649185, 0.563277
1, 204, 2, 0, 1, 1, -1, 0, 0.556145, 0.317397
1, 205, 4, 0, 1, 1, 1, 0, 0.445382, 0.291993
1, 206, 3, 6, 1, 1, 1, -1, 0.482467, 0.350918
1, 207, 6, 0, 1, 1, 1, 0, 0.773903, 0.292406
1, 208, 3, 0, 1, 1, -1, 0, 0.628059, 0.344234
1, 209, 4, 0, 1, 1, -1, 0, 0.522173, 0.323798
1, 210, 1, 3, 1, 1, 1, 1, 0.494761, 0.312283
1, 211, 3, 0, 1, 1, 1, 0, 0.556850, 0.271859
1, 212, 4, 0, 1, 1, -1, 0, 0.443796, 0.331675
1, 213, 5, 0, 1, 1, -1, 0, 0.456081, 0.371402
1, 214, 6, 0, 1, 1, -1, 0, 0.594615, 0.172127
1, 215, 6, 0, 1, 1, 1, 0, 0.468345, 0.285807
1, 216, 6, 3, 1, 1, -1, 1, 0.544119, 0.389325
1, 217, 6, 1, 1, 1, 1, -1, 0.787730, 0.642180
1, 218, 1, 3, 1, 3, 1, 1, 0.749064, 0.747294
1, 219, 1, 0, 1, 1, -1, 0, 0.556306, 0.563496
1, 220, 3, 0, 1, 1, 1, 0, 0.610116, 0.391845
1, 221, 5, 1, 1, 1, -1, -1, 0.795035, 0.576788
1, 222, 1, 0, 1, 1, 1, 0, 0.893224, 0.531544
1, 223, 2, 5, 1, 1, -1, 1, 0.694433, 0.671280
1, 224, 5, 0, 1, 1, -1, 0, 0.503855, 0.611187
1, 225, 1, 0, 1, 1, -1, 0, 0.666856, 0.702926
1, 226, 6, 0, 1, 1, 1, 0, 0.727705, 1.417350
1, 227, 6, 0, 1, 3, 1, 0, 0.523189, 0.000000
1, 228, 3, 3, 1, 1, 1, 1, 1.344725, 0.734531
1, 229, 1, 0, 1, 1, 1, 0, 0.712137, 0.819888
1, 230, 2, 0, 1, 1, 1, 0, 0.874366, 0.641288
1, 231, 1, 5, 1, 1, 1, 1, 0.537420, 0.504053
1, 232, 3, 2, 1, 1, -1, -1, 1.059031, 1.803200
1, 233, 3, 2, 1, 1, 1, 1, 0.464489, 0.628106
1, 234, 6, 0, 1, 1, 1, 0, 0.595750, 0.600630
1, 235, 6, 0, 1, 1, -1, 0, 0.574181, 0.768031
1, 236, 2, 0, 1, 1, -1, 0, 0.590224, 0.441933
1, 237, 5, 0, 1, 1, -1, 0, 0.437661, 0.643187
1, 238, 5, 4, 1, 1, -1, 1, 0.503956, 0.882723
1, 239, 5, 4, 1, 1, -1, -1, 0.470243, 0.613086
1, 240, 4, 0, 1, 1, 1, 0, 0.554435, 0.391500
1, 241, 2, 5, 1, 1, -1, -1, 0.568543, 0.436128
1, 242, 2, 3, 1, 1, -1, 1, 0.646226, 0.515304
1, 243, 6, 4, 1, 1, 1, 1, 0.794706, 0.383763
1, 244, 4, 4, 1, 1, 1, 1, 0.541388, 0.601568
1, 245, 6, 0, 1, 1, -1, 0, 0.496901, 0.395744
1, 246, 2, 3, 1, 1, -1, 1, 0.628553, 0.443716
1, 247, 6, 6, 1, 1, -1, 1, 0.688216, 0.371218
1, 248, 5, 0, 1, 1, -1, 0, 1.280726, 1.379847
1, 249, 3, 0, 1, 1, -1, 0, 0.689394, 0.722538
1, 250, 6, 5, 0, 1, -1, 1, 0.509211, 1.359402
1, 251, 5, 0, 0, 1, 1, 0, 0.675203, 0.994881
1, 252, 3, 0, 1, 1, -1, 0, 0.634718, 0.416483
1, 253, 4, 0, 1, 1, -1, 0, 0.543492, 0.326883
1, 254, 6, 0, 1, 1, -1, 0, 0.561945, 0.259031
1, 255, 2, 0, 1, 1, -1, 0, 0.503714, 0.252385
1, 256, 5, 0, 1, 1, -1, 0, 0.609423, 0.279968
1, 257, 4, 3, 1, 1, -1, 1, 0.496485, 0.284800
1, 258, 1, 0, 1, 1, 1, 0, 0.424362, 0.278001
1, 259, 2, 0, 1, 1, 1, 0, 0.404401, 0.279392
1, 260, 4, 0, 1, 1, -1, 0, 0.397432, 0.291003
1, 261, 1, 0, 1, 1, 1, 0, 0.424331, 0.272111
1, 262, 3, 4, 0, -1, -1, -1, 0.880608, 2.567927
1, 263, 4, 0, 1, 1, 1, 0, 0.641109, 1.078368
1, 264, 1, 0, 1, 1, 1, 0, 0.736415, 0.612855
1, 266, 6, 0, 1, 1, 1, 0, 0.729019, 0.397534
1, 267, 2, 6, 1, 1, 1, -1, 0.397539, 0.325274
1, 268, 2, 1, 1, 1, -1, -1, 0.569472, 0.271920
1, 269, 5, 1, 1, 1, 1, 1, 0.562785, 0.290379
1, 270, 4, 0, 1, 1, -1, 0, 0.543429, 0.310470
1, 271, 2, 0, 1, 1, 1, 0, 0.434808, 0.258654
1, 272, 1, 6, 1, 1, -1, -1, 0.577710, 0.278602
1, 273, 3, 0, 1, 1, 1, 0, 0.470073, 0.352121
1, 274, 5, 0, 1, 1, -1, 0, 0.428662, 0.339034
1, 275, 6, 6, 1, 1, 1, -1, 0.529057, 0.243971
1, 276, 3, 0, 1, 1, -1, 0, 0.563798, 0.278759
1, 277, 4, 0, 1, 1, -1, 0, 0.442345, 0.244244
1, 278, 4, 0, 1, 1, 1, 0, 0.451060, 0.403461
1, 279, 6, 2, 1, 1, 1, 1, 0.603022, 0.278468
1, 280, 4, 0, 1, 1, 1, 0, 0.483029, 0.226529
1, 281, 5, 5, 1, 1, 1, -1, 1.210769, 0.145810
1, 282, 1, 0, 1, 1, 1, 0, 0.581912, 0.132793
1, 283, 2, 0, 1, 1, -1, 0, 0.542336, 0.279826
1, 284, 5, 4, 1, 1, -1, -1, 0.477511, 0.133434
1, 285, 4, 4, 1, 1, 1, 1, 0.605882, 0.251587
1, 286, 4, 6, 1, 1, 1, -1, 0.562145, 0.389483
1, 287, 4, 6, 1, 1, -1, -1, 0.747940, 0.291368
1, 288, 4, 3, 1, 1, 1, -1, 0.464637, 0.306333
1, 289, 1, 3, 0, -1, -1, 1, 0.529784, 1.150399
1, 290, 3, 0, 1, 1, -1, 0, 0.536269, 0.326522
1, 291, 6, 5, 1, 1, -1, -1, 0.669176, 0.358352
1, 292, 3, 4, 1, 1, 1, 1, 0.496293, 0.516353
1, 293, 4, 0, 1, 1, 1, 0, 0.510678, 0.264928
1, 294, 6, 0, 1, 1, 1, 0, 0.834295, 0.318119
1, 295, 5, 0, 1, 1, 1, 0, 0.516239, 0.272247
1, 296, 1, 5, 1, 1, 1, -1, 0.463318, 0.283959
1, 297, 1, 4, 1, 1, 1, 1, 0.610408, 1.187284
1, 298, 5, 0, 1, 1, -1, 0, 0.457044, 0.352692
1, 299, 4, 0, 1, 1, -1, 0, 0.484743, 0.326243
1, 300, 1, 0, 1, 1, -1, 0, 0.582462, 0.339101
1, 301, 4, 0, 1, 1, 1, 0, 0.880139, 0.582508
1, 302, 1, 2, 1, 1, -1, 1, 0.597824, 0.324293
1, 303, 2, 0, 1, 1, -1, 0, 0.482554, 0.331361
1, 304, 6, 0, 1, 1, 1, 0, 0.689235, 0.390579
1, 305, 3, 1, 1, 1, 1, -1, 0.805381, 0.391895
1, 306, 5, 1, 1, 1, -1, 1, 0.866659, 0.329612
1, 307, 6, 3, 1, 1, -1, 1, 0.556728, 0.325555
1, 308, 5, 4, 1, 1, 1, -1, 0.748480, 0.384089
1, 309, 5, 0, 1, 1, 1, 0, 0.550109, 0.362710
1, 310, 2, 0, 1, 1, 1, 0, 0.557186, 0.351358
1, 311, 1, 0, 1, 1, 1, 0, 0.410581, 0.323402
1, 312, 6, 0, 1, 1, -1, 0, 0.567667, 0.329709
1, 313, 1, 3, 1, 1, 1, -1, 0.761638, 0.351392
1, 314, 3, 0, 1, 1, 1, 0, 0.498700, 0.376892
1, 315, 1, 0, 1, 3, 1, 0, 0.397737, 0.000000
1, 316, 2, 0, 1, 1, 1, 0, 0.781252, 0.291595
1, 317, 2, 0, 1, 1, -1, 0, 0.628727, 0.396479
1, 318, 1, 0, 1, 1, 1, 0, 0.450515, 0.251468
1, 319, 3, 0, 1, 1, -1, 0, 0.528449, 0.244781
1, 320, 5, 3, 1, 1, 1, 1, 0.679054, 0.364777
1, 321, 1, 1, 1, 1, -1, -1, 0.502562, 0.430491
1, 322, 4, 0, 1, 1, -1, 0, 0.529332, 0.278123
1, 323, 5, 3, 1, 1, 1, -1, 0.484085, 0.391170
1, 324, 3, 0, 1, 1, -1, 0, 0.693805, 0.297433
1, 325, 2, 4, 1, 1, -1, 1, 0.647895, 0.317656
1, 326, 6, 6, 1, 1, -1, -1, 0.660396, 0.337651
1, 327, 3, 0, 1, 1, 1, 0, 0.522641, 0.284517
1, 328, 2, 0, 1, 1, 1, 0, 0.410863, 0.808487
1, 329, 2, 4, 1, 1, -1, 1, 1.183922, 0.435909
1, 330, 1, 5, 0, 1, -1, -1, 0.677054, 1.017490
1, 331, 5, 5, 0, 1, -1, 1, 0.735014, 0.905286
1, 332, 6, 4, 1, 1, 1, 1, 0.833648, 0.343883
1, 333, 4, 2, 1, 1, -1, -1, 0.495339, 0.263964
1, 334, 5, 5, 1, 1, 1, 1, 0.745955, 0.252710
1, 335, 2, 3, 1, 1, 1, 1, 0.523147, 0.352306
1, 336, 3, 5, 1, 1, -1, 1, 0.550243, 0.365605
1, 337, 2, 4, 1, 1, -1, -1, 0.556450, 0.343954
1, 338, 2, 0, 1, 1, -1, 0, 0.430741, 0.279014
1, 339, 2, 3, 1, 1, -1, -1, 0.517433, 0.357056
1, 340, 2, 2, 1, 1, -1, -1, 0.517195, 0.582637
1, 341, 6, 0, 1, 1, 1, 0, 0.570254, 0.290663
1, 342, 4, 0, 1, 1, -1, 0, 0.411385, 0.331888
1, 343, 3, 0, 1, 1, 1, 0, 0.504778, 0.284941
1, 344, 1, 0, 0, 1, -1, 0, 0.456877, 0.649121
1, 345, 5, 6, 1, 1, 1, 1, 0.712147, 0.338082
1, 346, 3, 0, 1, 1, -1, 0, 0.699465, 0.305117
1, 347, 3, 4, 1, 1, 1, 1, 0.629546, 0.310859
1, 348, 5, 1, 1, 1, 1, -1, 0.563321, 0.429543
1, 349, 3, 0, 1, 1, -1, 0, 0.490055, 0.981234
1, 350, 1, 3, 1, 1, 1, -1, 0.601662, 0.408162
1, 351, 2, 1, 1, 1, 1, -1, 0.740045, 0.880122
1, 352, 2, 0, 1, 1, -1, 0, 0.582986, 1.091658
1, 353, 4, 0, 1, 1, 1, 0, 0.537195, 0.490113
1, 354, 5, 3, 1, 1, -1, -1, 0.569581, 0.542024
1, 355, 2, 2, 1, 1, 1, -1, 0.523661, 0.443914
1, 356, 3, 4, 1, 1, -1, 1, 0.549686, 0.357944
1, 357, 1, 4, 1, 1, -1, 1, 0.688430, 0.493937
1, 358, 5, 6, 1, 1, -1, 1, 0.775113, 0.487013
1, 359, 4, 0, 1, 1, -1, 0, 0.609712, 0.343563
1, 360, 5, 0, 1, 1, 1, 0, 0.680565, 0.269837
1, 361, 4, 0, 1, 1, 1, 0, 0.523633, 0.424634
1, 362, 6, 1, 1, 1, 1, 1, 0.700693, 0.329272
1, 363, 3, 2, 1, 1, -1, -1, 0.588422, 0.719095
1, 364, 5, 0, 1, 1, -1, 0, 0.616384, 0.291318
1, 365, 1, 0, 1, 1, -1, 0, 0.563110, 0.390449
1, 366, 4, 2, 1, 1, 1, -1, 0.814140, 0.508214
1, 367, 5, 6, 1, 1, 1, -1, 0.775376, 0.415382
1, 368, 6, 0, 1, 1, -1, 0, 0.496881, 0.258189
1, 369, 6, 4, 1, 1, -1, -1, 0.475868, 0.279759
1, 370, 5, 4, 1, 1, 1, 1, 0.602712, 0.305371
1, 371, 4, 0, 1, 1, 1, 0, 0.527626, 0.311112
1, 372, 6, 1, 1, 1, -1, -1, 0.509402, 0.350641
1, 373, 2, 0, 1, 3, -1, 0, 0.594503, 0.092797
1, 374, 6, 1, 1, 1, 1, 1, 0.569013, 0.279383
1, 375, 1, 5, 1, 1, -1, -1, 0.634955, 0.238629
1, 376, 3, 3, 1, 1, -1, -1, 0.574110, 0.543104
1, 377, 3, 3, 1, 1, 1, -1, 0.602319, 0.371013
1, 378, 2, 0, 1, 1, 1, 0, 0.543180, 0.401881
1, 379, 5, 0, 1, 1, -1, 0, 0.397857, 0.404655
1, 380, 6, 0, 1, 1, -1, 0, 0.496554, 0.332702
1, 381, 6, 5, 1, 1, -1, -1, 0.707604, 0.422329
1, 382, 5, 0, 1, 1, -1, 0, 0.457923, 0.312668
1, 383, 5, 6, 1, 1, -1, -1, 0.589447, 0.364374
1, 384, 5, 0, 1, 1, 1, 0, 0.609072, 0.298006
1, 385, 3, 3, 1, 1, -1, -1, 1.033681, 0.405186
1, 386, 1, 6, 1, 1, 1, 1, 0.621663, 0.405028
1, 387, 4, 0, 1, 1, 1, 0, 0.529839, 0.391191
1, 388, 6, 0, 1, 1, -1, 0, 0.522089, 0.192208
1, 389, 2, 0, 1, 1, 1, 0, 0.497776, 0.312629
1, 390, 5, 0, 1, 1, 1, 0, 0.732013, 0.581973
1, 391, 4, 0, 1, 1, -1, 0, 0.563211, 0.429255
1, 392, 2, 1, 1, 1, -1, 1, 0.754998, 0.443779
1, 393, 3, 5, 1, 1, 1, 1, 0.570412, 0.291523
1, 394, 2, 6, 1, 1, 1, 1, 0.607037, 0.338208
1, 395, 2, 0, 1, 1, -1, 0, 0.523092, 0.450998
1, 396, 6, 0, 1, 1, 1, 0, 0.622819, 0.437776
1, 397, 5, 0, 1, 1, -1, 0, 0.390256, 0.423820
1, 398, 4, 0, 1, 3, -1, 0, 0.636366, 0.763998
1, 399, 4, 6, 1, 1, -1, -1, 0.417169, 0.749810
1, 400, 5, 6, 1, 1, 1, 1, 0.568876, 0.854223
1, 401, 1, 0, 1, 3, -1, 0, 0.656156, 0.906742
1, 402, 5, 5, 1, 1, 1, 1, 0.582800, 0.391603
1, 403, 4, 2, 1, 1, -1, 1, 0.730113, 0.358053
1, 404, 2, 5, 1, 1, 1, -1, 0.458081, 0.212886
1, 405, 4, 5, 1, 1, -1, 1, 0.429500, 0.271507
1, 406, 1, 0, 1, 1, 1, 0, 0.377710, 0.358344
1, 407, 4, 3, 1, 1, 1, -1, 0.722124, 0.324429
1, 408, 1, 0, 1, 1, 1, 0, 0.431627, 0.283954
1, 409, 1, 2, 1, 1, -1, 1, 0.471165, 0.312161
1, 410, 3, 0, 1, 1, 1, 0, 0.476759, 0.230981
1, 411, 4, 0, 1, 1, -1, 0, 0.396497, 0.628992
1, 412, 6, 0, 1, 1, 1, 0, 0.537185, 0.397514
1, 413, 2, 6, 1, 1, 1, -1, 0.496440, 0.408939
1, 414, 1, 0, 1, 1, 1, 0, 0.398125, 0.332699
1, 415, 5, 0, 1, 1, 1, 0, 0.410290, 0.464378
1, 416, 1, 6, 1, 1, 1, -1, 0.431491, 0.436702
1, 417, 3, 2, 1, 1, 1, -1, 0.596246, 0.497811
1, 418, 2, 0, 1, 1, -1, 0, 0.544587, 0.648976
1, 419, 6, 4, 1, 1, -1, 1, 0.696284, 0.780559
1, 420, 6, 2, 0, 1, -1, 1, 0.635330, 1.198172
1, 421, 4, 0, 1, 1, 1, 0, 0.503606, 0.959385
1, 422, 4, 0, 1, 1, -1, 0, 0.404332, 0.610589
1, 423, 4, 3, 1, 1, -1, -1, 0.464604, 0.362555
1, 424, 4, 0, 1, 1, 1, 0, 0.429715, 1.103131
1, 425, 3, 0, 1, 1, -1, 0, 0.556685, 0.416962
1, 426, 1, 1, 1, 1, -1, 1, 0.966535, 0.609482
1, 427, 1, 5, 1, 1, -1, 1, 1.195888, 0.443731
1, 428, 4, 2, 1, -1, 1, 1, 0.726095, 0.857711
1, 429, 4, 0, 1, 1, 1, 0, 0.601918, 0.344364
1, 430, 4, 3, 1, 1, -1, 1, 0.504199, 0.297556
1, 431, 6, 2, 1, 1, -1, 1, 0.489721, 0.270980
1, 432, 5, 0, 1, 1, -1, 0, 0.392095, 0.278598
1, 433, 4, 5, 1, 1, -1, -1, 0.423947, 0.337754
1, 434, 4, 2, 1, 1, -1, 1, 0.464215, 0.576417
1, 435, 4, 1, 1, 1, -1, -1, 0.448494, 0.388804
1, 436, 5, 1, 1, 1, -1, 1, 0.482094, 0.325081
1, 437, 3, 0, 1, 1, -1, 0, 0.490974, 0.291994
1, 438, 5, 1, 1, 1, -1, -1, 0.404654, 0.456699
1, 439, 6, 0, 1, 1, 1, 0, 0.484144, 0.409848
1, 440, 1, 0, 1, 1, 1, 0, 0.714851, 0.609126
1, 441, 5, 0, 1, 1, 1, 0, 0.622478, 0.270858
1, 442, 1, 1, 1, 1, 1, -1, 0.695839, 0.318037
1, 443, 6, 5, 1, 1, 1, 1, 0.530079, 0.416626
1, 444, 4, 5, 1, 1, 1, 1, 0.607954, 0.639433
1, 445, 3, 0, 1, 1, -1, 0, 0.530468, 0.575566
1, 446, 4, 2, 1, 1, 1, 1, 0.590063, 0.483647
1, 447, 2, 0, 1, 1, 1, 0, 0.595892, 1.579291
1, 448, 6, 3, 1, 1, 1, 1, 0.548316, 0.587425
1, 449, 6, 0, 1, 1, -1, 0, 0.515686, 0.291298
1, 450, 2, 0, 0, 1, -1, 0, 0.437617, 0.706980
1, 451, 3, 2, 1, 1, -1, 1, 0.979338, 0.424377
1, 452, 6, 0, 1, 1, 1, 0, 0.773375, 0.535748
1, 453, 6, 0, 1, 1, -1, 0, 0.529349, 0.239628
1, 454, 2, 3, 1, 1, 1, 1, 0.451441, 0.179055
1, 455, 6, 6, 1, 1, -1, -1, 0.616057, 0.264572
1, 456, 5, 0, 1, 1, -1, 0, 0.522747, 0.369510
1, 457, 1, 0, 1, 1, 1, 0, 0.404748, 0.278242
1, 458, 4, 0, 1, 1, -1, 0, 0.418530, 0.199422
1, 459, 4, 0, 1, 1, 1, 0, 0.615298, 0.303508
1, 460, 6, 0, 1, 1, -1, 0, 0.437205, 0.290940
1, 461, 2, 6, 1, 1, -1, -1, 0.787694, 0.292172
1, 462, 1, 0, 1, 1, -1, 0, 0.589100, 0.668340
1, 463, 1, 2, 1, 1, -1, -1, 0.543425, 0.477093
1, 464, 5, 5, 1, 1, -1, -1, 0.563260, 0.629400
1, 465, 2, 0, 1, 1, 1, 0, 0.480997, 0.523058
1, 466, 3, 0, 1, 1, 1, 0, 0.490147, 0.351397
1, 467, 1, 0, 1, 1, -1, 0, 0.588970, 0.549883
1, 468, 2, 0, 1, 1, -1, 0, 0.608471, 0.494889
1, 469, 3, 3, 1, 1, 1, -1, 0.556872, 1.007061
1, 470, 5, 5, 1, 1, -1, 1, 0.667521, 0.667707
1, 471, 3, 1, 1, 1, -1, -1, 0.688020, 0.741410
1, 472, 5, 1, 1, 1, 1, 1, 0.615259, 0.825243
1, 473, 1, 0, 1, 1, -1, 0, 0.515303, 0.754898
1, 474, 4, 0, 1, 1, -1, 0, 0.488241, 0.727810
1, 475, 2, 2, 1, 3, 1, -1, 0.616801, 0.563362
1, 476, 6, 3, 1, 1, -1, -1, 0.547673, 0.476255
1, 477, 4, 0, 1, 3, 1, 0, 0.521748, 0.000000
1, 478, 5, 2, 1, 1, -1, 1, 0.701465, 0.507528
1, 479, 3, 6, 1, 1, -1, 1, 0.601070, 0.575577
1, 480, 6, 0, 1, 1, 1, 0, 0.415435, 0.530126
1, 481, 5, 0, 1, 1, 1, 0, 0.694929, 0.542678
1, 482, 2, 0, 1, 1, -1, 0, 0.543142, 0.437318
1, 483, 5, 3, 1, 1, -1, 1, 0.443665, 0.555607
1, 484, 2, 0, 1, 1, 1, 0, 0.503839, 0.258258
1, 485, 3, 2, 1, 1, 1, 1, 0.634246, 0.332234
1, 486, 5, 2, 1, 1, 1, 1, 0.556311, 0.377813
1, 487, 6, 4, 1, 1, -1, -1, 0.634132, 0.417166
1, 488, 4, 4, 1, 1, -1, -1, 0.490354, 0.554312
1, 489, 6, 2, 1, 1, -1, -1, 0.544683, 0.576479
1, 490, 5, 0, 1, 1, 1, 0, 0.450561, 0.475576
1, 491, 5, 0, 1, 1, -1, 0, 0.423560, 0.298733
1, 492, 2, 0, 1, 1, -1, 0, 0.509683, 0.444979
1, 493, 6, 1, 1, 1, -1, 1, 0.739972, 0.590366
1, 494, 5, 0, 1, 1, -1, 0, 0.589516, 0.377135
1, 495, 5, 0, 1, 1, 1, 0, 0.504122, 0.532917
1, 496, 5, 0, 1, 1, 1, 0, 0.484509, 0.402930
1, 497, 2, 0, 1, 1, 1, 0, 0.389236, 0.324458
1, 498, 3, 0, 1, 1, 1, 0, 0.596195, 0.319238
1, 499, 2, 0, 1, 1, 1, 0, 0.391609, 0.411019
1, 500, 3, 0, 1, 1, 1, 0, 0.457105, 0.331026
1, 501, 1, 6, 1, 3, -1, -1, 1.030324, 0.893986
1, 502, 6, 0, 1, 3, -1, 0, 0.626791, 0.523804
1, 503, 1, 3, 1, 3, -1, 1, 0.576004, 0.622486
1, 504, 3, 1, 1, 1, -1, 1, 0.781494, 0.468133
1, 505, 4, 4, 1, 1, 1, -1, 0.570035, 0.238399
1, 506, 3, 0, 1, 1, -1, 0, 0.568588, 0.270175
1, 507, 3, 0, 1, 1, 1, 0, 0.510274, 0.186770
1, 508, 2, 0, 1, 1, -1, 0, 0.549805, 0.159718
1, 509, 1, 0, 1, 1, -1, 0, 0.555788, 0.252345
1, 510, 2, 2, 1, 1, -1, -1, 0.583386, 0.146278
1, 511, 3, 0, 1, 1, -1, 0, 0.569869, 0.224430
1, 512, 6, 5, 1, 1, 1, 1, 0.649668, 0.218289
1, 513, 6, 0, 1, 1, -1, 0, 0.563202, 0.306378
1, 514, 1, 0, 1, 1, 1, 0, 0.470842, 0.191817
1, 515, 2, 0, 1, 1, -1, 0, 0.562321, 0.225538
1, 516, 2, 0, 1, 1, 1, 0, 0.581844, 0.205594
1, 517, 2, 3, 1, 1, 1, -1, 0.580184, 0.264275
1, 518, 5, 0, 1, 1, 1, 0, 0.575381, 0.324116
1, 519, 3, 3, 1, 1, -1, 1, 0.691615, 0.317764
1, 520, 4, 5, 1, 1, 1, 1, 0.791496, 0.382681
1, 521, 3, 0, 1, 1, 1, 0, 0.601918, 0.252112
1, 522, 2, 6, 1, 1, 1, 1, 0.482944, 0.258864
1, 523, 4, 0, 1, 1, 1, 0, 0.530379, 0.199326
1, 524, 6, 0, 1, 1, -1, 0, 0.576354, 0.172527
1, 525, 2, 0, 1, 1, 1, 0, 0.535817, 0.191583
1, 526, 5, 5, 1, 1, 1, -1, 0.637511, 0.119057
1, 527, 2, 5, 1, 1, 1, 1, 0.570375, 0.236991
1, 528, 5, 6, 0, 1, 1, -1, 0.708460, 0.450028
1, 529, 3, 4, 1, 1, -1, -1, 0.928989, 0.297897
1, 530, 6, 0, 1, 1, 1, 0, 0.729006, 0.159645
1, 531, 6, 1, 1, 1, 1, -1, 0.622958, 0.139953
1, 532, 4, 4, 1, 1, -1, 1, 0.622186, 0.239042
1, 533, 4, 4, 1, 1, 1, -1, 0.807552, 0.258595
1, 534, 6, 0, 1, 1, 1, 0, 0.813163, 0.264186
1, 535, 1, 0, 1, 1, -1, 0, 0.568156, 0.191252
1, 537, 6, 0, 1, 1, 1, 0, 0.745458, 0.153273
1, 538, 5, 0, 1, 1, 1, 0, 0.748629, 0.232992
1, 539, 4, 0, 1, 1, -1, 0, 0.596394, 0.278386
1, 540, 6, 0, 1, 1, 1, 0, 0.660904, 0.205373
1, 541, 4, 1, 1, 1, 1, -1, 0.616033, 0.231432
1, 542, 1, 4, 1, 1, -1, -1, 0.729496, 0.231807
1, 543, 6, 3, 1, 1, 1, 1, 0.763272, 0.206094
1, 544, 4, 4, 1, 1, -1, 1, 0.429730, 0.324152
1, 545, 1, 0, 1, 1, -1, 0, 0.634206, 1.197730
1, 546, 5, 2, 1, 1, 1, -1, 0.707728, 0.527897
1, 547, 2, 2, 1, 1, -1, 1, 0.643317, 0.351946
1, 548, 5, 0, 1, 1, 1, 0, 0.530216, 0.313100
1, 549, 5, 3, 1, 1, 1, -1, 0.576414, 0.337188
1, 550, 2, 0, 1, 1, 1, 0, 0.550363, 0.265395
1, 551, 3, 3, 1, 3, 1, 1, 0.866781, 0.391586
1, 552, 4, 0, 1, 1, -1, 0, 0.450804, 0.378839
1, 553, 6, 2, 1, 1, 1, -1, 0.831347, 0.359154
1, 554, 2, 0, 1, 1, -1, 0, 0.477857, 0.344892
1, 555, 1, 2, 1, 1, 1, -1, 0.649436, 0.343714
1, 556, 2, 4, 1, 1, 1, 1, 0.727915, 0.370994
1, 557, 5, 6, 1, 1, -1, 1, 0.931770, 0.310726
1, 558, 2, 0, 1, 3, 1, 0, 0.391273, 0.350057
1, 559, 3, 0, 1, 1, -1, 0, 0.483106, 0.338764
1, 560, 4, 0, 1, 1, -1, 0, 0.536380, 0.337114
1, 561, 5, 5, 1, 1, -1, -1, 0.555936, 0.668373
1, 562, 1, 0, 1, 1, -1, 0, 0.724747, 0.569041
1, 563, 3, 0, 1, 1, -1, 0, 0.496117, 0.495539
1, 564, 2, 1, 1, 1, -1, -1, 0.515676, 0.707662
1, 565, 3, 6, 1, 1, -1, -1, 0.608251, 0.398481
1, 566, 3, 5, 1, 1, 1, -1, 0.707055, 0.537079
1, 567, 1, 5, 1, 1, 1, 1, 0.543179, 0.370174
1, 568, 4, 3, 1, 1, -1, -1, 0.624019, 0.693246
1, 569, 3, 0, 1, 1, 1, 0, 0.774297, 0.622791
1, 570, 4, 0, 1, 1, 1, 0, 0.795330, 0.483072
1, 571, 2, 5, 1, 1, -1, 1, 0.581510, 0.550635
1, 572, 2, 4, 1, 1, 1, -1, 0.661040, 0.411079
1, 573, 6, 6, 1, 1, 1, 1, 0.662318, 0.457867
1, 574, 1, 1, 1, 1, -1, 1, 0.668525, 0.573544
1, 575, 2, 0, 1, 1, -1, 0, 0.463504, 0.580064
1, 576, 4, 0, 1, 1, -1, 0, 0.403903, 0.481959
1, 577, 3, 0, 1, 1, -1, 0, 0.451451, 0.368738
1, 578, 6, 1, 1, 1, -1, -1, 0.458231, 0.556886
1, 579, 3, 6, 1, 1, -1, 1, 0.844966, 0.544017
