observer, trial, targLoc, distLoc, targDiscrim, thoughtNoAttCap, tc, dc, RT, TrialTypeRT
1, 1, 1, 0, 1, 1, 1, 0, 0.585698, 2.380900
1, 4, 1, 6, 1, 3, 1, -1, 0.854807, 0.000000
1, 5, 6, 0, 1, 3, -1, 0, 0.997126, 0.000000
1, 6, 5, 2, 0, 3, 1, -1, 0.515710, 0.000000
1, 7, 1, 4, 1, 3, 1, -1, 0.863053, 0.000000
1, 8, 4, 0, 1, 3, -1, 0, 0.772859, 0.000000
1, 9, 1, 0, 1, 3, 1, 0, 0.740515, 0.000000
1, 10, 5, 6, 1, 3, -1, -1, 0.777209, 0.000000
1, 11, 3, 5, 1, 3, -1, -1, 0.824798, 0.000000
1, 12, 5, 0, 1, 3, 1, 0, 0.662796, 0.000000
1, 13, 1, 0, 1, 1, -1, 0, 0.630314, 1.803285
1, 14, 2, 3, 1, -1, -1, -1, 0.667768, 1.345412
1, 15, 3, 5, 1, 1, -1, 1, 1.044611, 1.473460
1, 16, 4, 0, 1, 3, 1, 0, 1.368351, 0.000000
1, 18, 2, 4, 1, 3, 1, -1, 1.261423, 0.000000
1, 20, 5, 0, 1, 3, 1, 0, 0.740380, 0.000000
1, 21, 5, 0, 1, 3, -1, 0, 0.710119, 0.000000
1, 22, 1, 0, 1, 3, -1, 0, 0.603993, 0.000000
1, 24, 5, 3, 1, 3, -1, -1, 0.751674, 0.000000
1, 25, 5, 0, 1, 3, -1, 0, 0.752115, 0.000000
1, 26, 1, 6, 1, 3, -1, 1, 0.746426, 0.000000
1, 27, 4, 5, 1, 3, 1, -1, 0.894730, 0.000000
1, 28, 2, 0, 1, 3, 1, 0, 0.823406, 0.000000
1, 31, 5, 0, 1, 3, -1, 0, 0.979490, 0.000000
1, 32, 2, 0, 1, 1, -1, 0, 0.913667, 1.582881
1, 33, 4, 2, 1, 3, 1, -1, 1.115289, 0.000000
1, 34, 4, 1, 1, -1, -1, 1, 1.360206, 1.715626
1, 36, 6, 0, 1, 3, 1, 0, 0.858040, 0.000000
1, 37, 1, 0, 1, 3, 1, 0, 1.111228, 0.000000
1, 38, 3, 0, 0, 1, 1, 0, 0.850558, 4.597370
1, 39, 1, 0, 1, 3, 1, 0, 0.700192, 0.000000
1, 41, 5, 2, 1, 1, 1, 1, 1.208256, 1.864646
1, 42, 3, 1, 1, 3, -1, -1, 1.323163, 0.000000
1, 43, 3, 0, 1, 1, -1, 0, 0.897419, 1.360861
1, 44, 1, 3, 1, 3, -1, -1, 1.304272, 0.000000
1, 46, 2, 6, 1, -1, -1, -1, 0.990460, 0.870202
1, 47, 4, 6, 1, 3, 1, -1, 0.756592, 0.000000
1, 48, 4, 1, 1, 1, -1, 1, 0.897710, 1.757013
1, 49, 3, 5, 1, 3, 1, -1, 0.939071, 0.000000
1, 50, 4, 0, 1, 3, 1, 0, 0.589562, 0.000000
1, 52, 1, 2, 1, 3, 1, 1, 1.188115, 0.000000
1, 53, 2, 5, 1, -1, 1, -1, 1.027390, 1.210344
1, 54, 1, 1, 1, -1, 1, -1, 0.968659, 0.918407
1, 56, 1, 4, 1, -1, 1, 1, 1.096298, 0.692334
1, 57, 5, 0, 1, 1, -1, 0, 1.043594, 1.009587
1, 58, 3, 0, 1, 3, 1, 0, 0.901853, 0.000000
1, 60, 1, 0, 1, 1, 1, 0, 0.693388, 1.947515
1, 61, 2, 5, 1, 3, -1, -1, 1.358537, 0.000000
1, 62, 3, 1, 1, 1, 1, 1, 0.821892, 1.523504
1, 63, 5, 3, 1, 3, 1, 1, 0.716765, 0.000000
1, 64, 3, 6, 1, 1, 1, 1, 0.883789, 1.537485
1, 65, 6, 0, 1, 1, 1, 0, 0.554182, 1.311960
1, 66, 4, 3, 1, 1, 1, 1, 0.607745, 1.189499
1, 67, 1, 0, 1, 3, 1, 0, 0.476493, 0.000000
1, 68, 5, 0, 1, 1, -1, 0, 0.575986, 1.018237
1, 69, 3, 0, 1, 1, 1, 0, 0.791313, 1.004533
1, 72, 3, 0, 1, -1, 1, 0, 0.887778, 1.021081
1, 73, 6, 6, 1, -1, -1, 1, 1.133995, 0.802975
1, 74, 5, 3, 1, -1, -1, 1, 1.109053, 0.653584
1, 75, 4, 6, 1, 1, -1, 1, 1.169495, 0.906099
1, 76, 5, 0, 1, 1, -1, 0, 0.576479, 1.171862
1, 77, 1, 2, 1, 3, 1, -1, 0.862439, 0.000000
1, 78, 6, 4, 1, 1, 1, -1, 0.823444, 2.523690
1, 79, 5, 0, 1, 1, 1, 0, 0.822519, 1.697702
1, 81, 1, 1, 1, -1, -1, -1, 1.163808, 1.188962
1, 83, 1, 4, 1, -1, -1, 1, 0.942914, 0.756063
1, 87, 4, 0, 1, 3, -1, 0, 0.498435, 0.000000
1, 88, 1, 0, 1, 1, -1, 0, 0.577724, 1.875974
1, 89, 2, 1, 1, 1, 1, 1, 0.727661, 1.040291
1, 90, 1, 0, 1, 1, -1, 0, 0.791433, 0.873498
1, 91, 6, 0, 1, 1, -1, 0, 0.703498, 0.693886
1, 92, 4, 1, 1, 1, 1, 1, 0.628038, 1.252983
1, 95, 1, 0, 1, -1, 1, 0, 0.969664, 2.379346
1, 96, 3, 1, 1, 3, 1, -1, 1.005410, 0.000000
1, 97, 4, 0, 1, 3, 1, 0, 0.598382, 0.000000
1, 99, 2, 0, 1, 1, 1, 0, 0.410589, 0.944850
1, 100, 2, 0, 1, 1, -1, 0, 0.726579, 0.997716
1, 101, 2, 0, 1, 1, 1, 0, 0.856467, 0.812419
1, 102, 1, 0, 1, 1, -1, 0, 0.765594, 0.501539
1, 103, 3, 0, 1, 1, -1, 0, 0.815427, 0.894338
1, 104, 3, 0, 1, 1, 1, 0, 0.887505, 0.476934
1, 105, 4, 0, 1, 1, -1, 0, 0.719616, 0.516122
1, 106, 3, 0, 1, 1, 1, 0, 0.919461, 0.738946
1, 107, 6, 3, 1, -1, 1, -1, 1.142582, 0.673437
1, 108, 2, 0, 1, 1, -1, 0, 0.701152, 0.758658
1, 110, 1, 0, 1, 1, -1, 0, 1.057037, 1.277769
1, 111, 1, 6, 1, 3, 1, 1, 1.071723, 0.000000
1, 112, 3, 0, 1, 1, -1, 0, 1.366062, 1.525615
1, 113, 1, 0, 1, 1, -1, 0, 1.007900, 1.945063
1, 114, 1, 1, 1, 3, 1, 1, 0.739117, 0.000000
1, 115, 2, 1, 1, -1, 1, -1, 1.049878, 1.017055
1, 116, 2, 2, 1, -1, -1, 1, 1.287483, 0.717418
1, 117, 3, 0, 1, 1, 1, 0, 0.755207, 0.463363
1, 119, 2, 0, 1, 1, 1, 0, 0.627168, 1.101937
1, 120, 2, 2, 1, 1, 1, 1, 0.655917, 2.121846
1, 122, 1, 4, 1, -1, 1, -1, 1.214778, 1.284494
1, 123, 2, 6, 1, 1, -1, 1, 0.971994, 1.952950
1, 124, 2, 0, 1, 1, 1, 0, 0.985525, 0.924803
1, 125, 3, 0, 1, 1, 1, 0, 0.644170, 4.067681
1, 127, 5, 0, 1, 1, 1, 0, 1.126802, 1.100770
1, 131, 4, 3, 0, -1, 1, 1, 1.229374, 1.684110
1, 132, 2, 2, 1, 3, 1, 1, 0.703260, 0.000000
1, 133, 1, 0, 1, 1, 1, 0, 1.023519, 0.540036
1, 136, 1, 4, 1, 1, -1, -1, 1.082989, 1.316505
1, 138, 3, 5, 1, 1, 1, 1, 1.012922, 1.012724
1, 139, 5, 0, 1, 1, 1, 0, 0.694696, 0.899775
1, 140, 2, 6, 1, 1, -1, 1, 0.806380, 0.812320
1, 142, 1, 0, 1, 1, -1, 0, 0.724143, 0.917812
1, 145, 3, 0, 1, 1, -1, 0, 0.715691, 0.999614
1, 146, 3, 1, 1, -1, 1, 1, 1.031387, 1.397396
1, 147, 3, 0, 1, 1, 1, 0, 0.977580, 1.318383
1, 148, 1, 5, 1, 1, 1, -1, 0.970433, 1.394676
1, 150, 6, 0, 1, 1, 1, 0, 0.915483, 1.467569
1, 151, 3, 0, 1, 3, 1, 0, 0.670468, 0.000000
1, 152, 6, 0, 1, 1, 1, 0, 0.784932, 2.163244
1, 153, 4, 0, 1, 1, 1, 0, 0.651272, 1.291067
1, 154, 3, 0, 1, 1, -1, 0, 1.062062, 1.083146
1, 155, 4, 5, 1, 1, 1, -1, 0.794672, 1.037587
1, 156, 3, 2, 1, 1, 1, -1, 1.104411, 1.887505
1, 157, 3, 4, 1, 3, 1, -1, 1.225298, 0.000000
1, 158, 5, 0, 1, 1, 1, 0, 1.254264, 1.416152
1, 159, 3, 6, 1, 1, 1, -1, 0.987640, 4.083124
1, 161, 2, 0, 1, 1, -1, 0, 1.012825, 0.629981
1, 166, 2, 0, 1, 1, -1, 0, 0.654184, 2.778836
1, 167, 5, 0, 1, 1, 1, 0, 0.810654, 0.634587
1, 168, 5, 1, 1, -1, 1, -1, 0.837322, 1.337426
1, 169, 4, 6, 1, -1, 1, 1, 1.010332, 1.500259
1, 170, 3, 3, 1, -1, -1, 1, 0.975491, 0.669425
1, 171, 1, 0, 1, 1, -1, 0, 0.620842, 1.193372
1, 172, 1, 0, 1, 1, 1, 0, 0.435893, 1.505333
1, 173, 3, 4, 1, -1, 1, -1, 1.015025, 1.450775
1, 174, 5, 4, 1, 1, 1, -1, 1.183042, 1.520122
1, 176, 5, 0, 1, 1, -1, 0, 0.732998, 2.501303
1, 177, 2, 5, 1, -1, 1, 1, 1.135535, 0.602427
1, 178, 6, 5, 1, -1, 1, -1, 1.036984, 0.534549
1, 179, 4, 0, 1, 1, 1, 0, 0.817396, 3.089403
1, 180, 3, 0, 0, 1, -1, 0, 0.985557, 1.098608
1, 181, 3, 6, 1, 1, 1, 1, 0.798639, 0.582513
1, 182, 3, 0, 1, 1, 1, 0, 0.833287, 0.752437
1, 186, 5, 0, 1, 3, 1, 0, 0.700856, 0.000000
1, 187, 5, 0, 1, 1, 1, 0, 0.757153, 1.014339
1, 188, 3, 0, 1, -1, -1, 0, 0.923329, 0.598436
1, 189, 1, 0, 1, 1, -1, 0, 0.704806, 1.006021
1, 190, 4, 5, 1, 1, -1, -1, 0.756992, 0.907270
1, 191, 5, 2, 1, 1, -1, 1, 0.596231, 0.713307
1, 192, 1, 1, 1, -1, 1, 1, 0.844832, 1.106536
1, 194, 1, 3, 1, -1, -1, -1, 1.146877, 0.567912
1, 195, 2, 1, 1, 1, 1, 1, 0.961281, 1.178863
1, 197, 1, 2, 1, 1, 1, 1, 1.129769, 2.034348
1, 198, 1, 0, 1, 1, -1, 0, 1.123372, 1.127149
1, 199, 1, 6, 1, 1, -1, 1, 1.143085, 0.936779
1, 200, 1, 2, 1, 1, -1, -1, 0.846678, 0.991370
1, 201, 3, 6, 1, 1, -1, -1, 1.067427, 1.033154
1, 202, 1, 5, 1, 1, -1, 1, 0.801130, 1.035958
1, 203, 3, 2, 1, 1, -1, 1, 1.017425, 1.049316
1, 204, 2, 0, 1, 1, -1, 0, 0.663246, 0.634340
1, 205, 4, 0, 1, 1, 1, 0, 0.700562, 0.706639
1, 206, 3, 6, 1, 1, 1, -1, 0.773443, 0.896314
1, 207, 6, 0, 1, 1, 1, 0, 0.816315, 2.067782
1, 208, 3, 0, 1, -1, -1, 0, 0.613060, 0.694062
1, 209, 4, 0, 1, 1, -1, 0, 0.582207, 0.831694
1, 210, 1, 3, 1, 1, 1, 1, 0.570604, 1.416068
1, 211, 3, 0, 1, 1, 1, 0, 0.714842, 0.784730
1, 212, 4, 0, 1, 1, -1, 0, 0.620962, 0.793585
1, 213, 5, 0, 1, 1, -1, 0, 0.555646, 0.642318
1, 216, 6, 3, 1, 1, -1, 1, 1.127813, 1.355027
1, 217, 6, 1, 1, 1, 1, -1, 0.655261, 0.714435
1, 218, 1, 3, 1, -1, 1, 1, 0.611643, 0.614891
1, 219, 1, 0, 1, -1, -1, 0, 0.490641, 0.743731
1, 220, 3, 0, 1, -1, 1, 0, 0.622915, 2.623792
1, 221, 5, 1, 1, 1, -1, -1, 0.744186, 1.535120
1, 222, 1, 0, 1, 1, 1, 0, 0.471954, 1.350629
1, 223, 2, 5, 1, 1, -1, 1, 0.654229, 1.410980
1, 224, 5, 0, 1, 1, -1, 0, 0.526970, 2.032306
1, 225, 1, 0, 1, -1, -1, 0, 0.606841, 0.859291
1, 226, 6, 0, 1, 1, 1, 0, 0.755920, 0.648875
1, 227, 6, 0, 1, 1, 1, 0, 0.634035, 0.766751
1, 229, 1, 0, 1, 1, 1, 0, 0.656887, 1.163886
1, 230, 2, 0, 1, -1, 1, 0, 0.517598, 0.563268
1, 231, 1, 5, 1, 1, 1, 1, 0.593941, 2.891916
1, 232, 3, 2, 1, 1, -1, -1, 0.836346, 0.761082
1, 233, 3, 2, 1, 1, 1, 1, 1.269827, 1.404868
1, 234, 6, 0, 1, 1, 1, 0, 0.809765, 1.092545
1, 236, 2, 0, 1, -1, -1, 0, 0.891284, 1.285897
1, 237, 5, 0, 1, 1, -1, 0, 0.729606, 0.589560
1, 238, 5, 4, 1, 1, -1, 1, 1.248916, 0.846559
1, 241, 2, 5, 1, 1, -1, -1, 1.173402, 1.667039
1, 242, 2, 3, 1, 1, -1, 1, 0.657558, 0.744636
1, 243, 6, 4, 1, -1, 1, 1, 1.038006, 1.887387
1, 244, 4, 4, 1, 1, 1, 1, 0.861674, 1.319331
1, 245, 6, 0, 1, 1, -1, 0, 0.956299, 3.837027
1, 246, 2, 3, 1, -1, -1, 1, 1.444287, 1.421757
1, 248, 5, 0, 1, 1, -1, 0, 0.891322, 1.954113
1, 249, 3, 0, 1, 1, -1, 0, 1.140295, 2.724227
1, 251, 5, 0, 1, -1, 1, 0, 0.968925, 0.873733
1, 252, 3, 0, 1, 1, -1, 0, 0.833979, 0.411234
1, 253, 4, 0, 1, -1, -1, 0, 0.587698, 0.663173
1, 255, 2, 0, 1, 1, -1, 0, 0.760986, 1.271169
1, 258, 1, 0, 1, 1, 1, 0, 0.737656, 1.402031
1, 259, 2, 0, 1, 1, 1, 0, 0.693309, 1.285462
1, 261, 1, 0, 1, -1, 1, 0, 0.661189, 1.458979
1, 262, 3, 4, 1, 1, -1, -1, 0.943709, 1.260352
1, 264, 1, 0, 1, 1, 1, 0, 0.786271, 2.033879
1, 267, 2, 6, 1, -1, 1, -1, 1.167446, 1.174903
1, 268, 2, 1, 1, -1, -1, -1, 1.027552, 1.130933
1, 269, 5, 1, 1, 1, 1, 1, 0.802533, 0.582153
1, 271, 2, 0, 1, 3, 1, 0, 0.684426, 0.000000
1, 272, 1, 6, 1, -1, -1, -1, 0.823223, 0.667502
1, 275, 6, 6, 1, -1, 1, -1, 0.958105, 0.700238
1, 276, 3, 0, 1, 1, -1, 0, 0.829899, 0.976830
1, 279, 6, 2, 1, -1, 1, 1, 0.940092, 0.507773
1, 282, 1, 0, 1, 1, 1, 0, 0.811574, 1.093754
1, 283, 2, 0, 1, 3, -1, 0, 1.048048, 0.926899
1, 289, 1, 3, 1, 1, -1, 1, 1.016187, 0.996424
1, 290, 3, 0, 1, 1, -1, 0, 1.149480, 1.140764
1, 294, 6, 0, 1, 1, 1, 0, 0.875062, 1.643441
1, 296, 1, 5, 1, 3, 1, -1, 0.695019, 0.000000
1, 297, 1, 4, 1, 1, 1, 1, 1.157916, 0.745050
1, 299, 4, 0, 1, 1, -1, 0, 0.698626, 2.169836
1, 301, 4, 0, 1, 1, 1, 0, 0.716770, 1.185080
1, 302, 1, 2, 1, 1, -1, 1, 0.709168, 0.871072
1, 309, 5, 0, 1, 1, 1, 0, 0.656079, 1.498445
1, 310, 2, 0, 1, 1, 1, 0, 0.719544, 0.785320
1, 311, 1, 0, 1, 1, 1, 0, 0.635675, 0.689875
1, 313, 1, 3, 1, 1, 1, -1, 1.003386, 0.633455
1, 315, 1, 0, 1, -1, 1, 0, 0.672525, 0.895375
1, 318, 1, 0, 1, 1, 1, 0, 0.669692, 1.169680
1, 321, 1, 1, 1, 1, -1, -1, 1.002353, 4.584015
1, 326, 6, 6, 1, 1, -1, -1, 0.980265, 0.728788
1, 327, 3, 0, 0, 1, 1, 0, 0.711873, 1.121630
1, 328, 2, 0, 1, 1, 1, 0, 0.720497, 0.824989
1, 330, 1, 5, 1, 1, -1, -1, 1.026029, 1.132541
1, 332, 6, 4, 1, -1, 1, 1, 0.794783, 1.039119
1, 334, 5, 5, 1, 1, 1, 1, 1.125322, 0.904929
1, 335, 2, 3, 1, 1, 1, 1, 1.009991, 2.030114
1, 341, 6, 0, 1, 1, 1, 0, 0.669679, 1.004650
1, 344, 1, 0, 1, 1, -1, 0, 0.881839, 1.063621
1, 346, 3, 0, 1, 1, -1, 0, 0.803991, 0.661986
1, 347, 3, 4, 1, 1, 1, 1, 1.023827, 0.925167
1, 348, 5, 1, 1, 1, 1, -1, 0.724318, 0.766347
1, 349, 3, 0, 1, 1, -1, 0, 0.785252, 0.659935
1, 350, 1, 3, 1, 1, 1, -1, 0.883363, 0.608363
1, 351, 2, 1, 1, 1, 1, -1, 0.558192, 0.868109
1, 352, 2, 0, 1, 3, -1, 0, 0.601855, 0.706209
1, 355, 2, 2, 1, 3, 1, -1, 0.812501, 0.481957
1, 356, 3, 4, 1, 1, -1, 1, 0.899579, 0.777792
1, 357, 1, 4, 1, -1, -1, 1, 1.209631, 0.659384
1, 365, 1, 0, 1, 1, -1, 0, 0.942037, 1.143281
1, 368, 6, 0, 1, 1, -1, 0, 1.321400, 1.602997
1, 369, 6, 4, 1, 1, -1, -1, 1.247973, 0.923728
1, 373, 2, 0, 1, 1, -1, 0, 0.798363, 1.700075
1, 374, 6, 1, 1, 1, 1, 1, 0.828191, 0.830713
1, 375, 1, 5, 1, 1, -1, -1, 0.733550, 0.752272
1, 380, 6, 0, 1, 1, -1, 0, 0.838434, 0.738493
1, 381, 6, 5, 1, 1, -1, -1, 0.897780, 1.291484
1, 383, 5, 6, 1, 3, -1, -1, 0.556298, 0.000000
1, 384, 5, 0, 0, 1, 1, 0, 0.772559, 0.943343
1, 386, 1, 6, 1, -1, 1, 1, 0.879759, 0.521702
1, 388, 6, 0, 1, -1, -1, 0, 0.956927, 2.601799
1, 389, 2, 0, 1, 1, 1, 0, 0.754044, 1.083448
1, 396, 6, 0, 1, 1, 1, 0, 0.778421, 1.329609
1, 401, 1, 0, 1, 1, -1, 0, 0.683132, 0.861207
1, 404, 2, 5, 1, 1, 1, -1, 1.042661, 0.967522
1, 406, 1, 0, 1, 3, 1, 0, 0.869482, 0.000000
1, 408, 1, 0, 1, 1, 1, 0, 0.582173, 1.027405
1, 409, 1, 2, 0, 1, -1, 1, 1.051832, 0.839862
1, 410, 3, 0, 1, 1, 1, 0, 0.722265, 1.070944
1, 412, 6, 0, 1, 1, 1, 0, 0.637258, 0.616754
1, 413, 2, 6, 1, 1, 1, -1, 0.714776, 0.561268
1, 414, 1, 0, 1, 1, 1, 0, 0.792408, 1.295647
1, 416, 1, 6, 1, -1, 1, -1, 0.770773, 0.649636
1, 417, 3, 2, 1, 1, 1, -1, 0.801933, 0.603065
1, 418, 2, 0, 1, 1, -1, 0, 0.897989, 2.672472
1, 421, 4, 0, 1, 1, 1, 0, 0.771367, 2.483840
1, 422, 4, 0, 1, 1, -1, 0, 0.693729, 1.163916
1, 423, 4, 3, 1, 1, -1, -1, 0.714509, 0.678631
1, 424, 4, 0, 1, 3, 1, 0, 0.778484, 48.529572
1, 425, 3, 0, 1, 1, -1, 0, 1.288127, 1.471680
1, 426, 1, 1, 1, 1, -1, 1, 1.464722, 4.179129
1, 427, 1, 5, 1, 1, -1, 1, 1.047389, 0.908735
1, 428, 4, 2, 1, 3, 1, 1, 1.325179, 0.000000
1, 429, 4, 0, 1, 1, 1, 0, 1.048037, 1.159282
1, 432, 5, 0, 1, 1, -1, 0, 1.023854, 1.209987
1, 433, 4, 5, 1, 1, -1, -1, 0.898811, 2.101741
1, 436, 5, 1, 1, 1, -1, 1, 0.997084, 0.528751
1, 437, 3, 0, 0, 1, -1, 0, 0.740226, 1.168731
1, 439, 6, 0, 1, -1, 1, 0, 0.750410, 1.445890
1, 440, 1, 0, 1, 1, 1, 0, 0.875707, 0.769903
1, 441, 5, 0, 1, 1, 1, 0, 0.697904, 1.408744
1, 442, 1, 1, 1, 1, 1, -1, 0.654171, 0.684819
1, 443, 6, 5, 1, 1, 1, 1, 0.653970, 0.830005
1, 447, 2, 0, 1, 1, 1, 0, 0.997805, 0.895416
1, 448, 6, 3, 1, 1, 1, 1, 1.092332, 0.786597
1, 449, 6, 0, 1, 1, -1, 0, 0.860464, 0.638752
1, 450, 2, 0, 1, 1, -1, 0, 0.756866, 0.784281
1, 451, 3, 2, 1, 1, -1, 1, 0.916871, 0.948524
1, 454, 2, 3, 1, 1, 1, 1, 0.900312, 0.777021
1, 455, 6, 6, 1, -1, -1, -1, 0.825550, 0.462877
1, 456, 5, 0, 1, 1, -1, 0, 0.595342, 1.142548
1, 457, 1, 0, 1, 1, 1, 0, 0.971594, 0.774305
1, 460, 6, 0, 1, -1, -1, 0, 0.972612, 0.747922
1, 461, 2, 6, 1, 1, -1, -1, 1.200239, 2.472972
1, 462, 1, 0, 1, 1, -1, 0, 0.871650, 1.334840
1, 463, 1, 2, 1, -1, -1, -1, 0.839292, 1.654292
1, 466, 3, 0, 1, 1, 1, 0, 1.366349, 0.890796
1, 467, 1, 0, 1, 1, -1, 0, 0.505345, 1.316380
1, 468, 2, 0, 1, 1, -1, 0, 0.616836, 1.704008
1, 469, 3, 3, 1, -1, 1, -1, 0.861599, 0.754512
1, 471, 3, 1, 1, -1, -1, -1, 1.155204, 0.768425
1, 473, 1, 0, 1, 1, -1, 0, 0.868841, 1.097208
1, 479, 3, 6, 1, 1, -1, 1, 0.866143, 0.876868
1, 480, 6, 0, 1, 1, 1, 0, 0.896137, 0.748626
1, 481, 5, 0, 1, 1, 1, 0, 0.681491, 1.498151
1, 482, 2, 0, 1, 1, -1, 0, 0.776727, 0.734813
1, 483, 5, 3, 1, 1, -1, 1, 1.040869, 0.542604
1, 485, 3, 2, 0, 1, 1, 1, 1.047610, 0.822204
1, 487, 6, 4, 1, 1, -1, -1, 1.130576, 2.216761
1, 489, 6, 2, 1, -1, -1, -1, 0.908332, 0.468767
1, 490, 5, 0, 1, -1, 1, 0, 0.754203, 2.744054
1, 491, 5, 0, 1, 1, -1, 0, 0.659964, 1.674186
1, 493, 6, 1, 1, 1, -1, 1, 0.836077, 0.789256
1, 497, 2, 0, 1, 1, 1, 0, 0.817290, 1.513348
1, 498, 3, 0, 1, 1, 1, 0, 0.751211, 0.748725
1, 499, 2, 0, 1, 1, 1, 0, 0.615910, 2.287210
1, 501, 1, 6, 1, 1, -1, -1, 0.801810, 1.272002
1, 502, 6, 0, 1, 1, -1, 0, 0.698049, 0.865631
1, 503, 1, 3, 1, 3, -1, 1, 0.757626, 0.773599
1, 504, 3, 1, 1, -1, -1, 1, 0.892463, 0.529116
1, 505, 4, 4, 1, 1, 1, -1, 0.763262, 0.840778
1, 506, 3, 0, 1, -1, -1, 0, 0.834138, 1.373271
1, 507, 3, 0, 1, 1, 1, 0, 1.013001, 1.518887
1, 508, 2, 0, 1, 1, -1, 0, 0.917146, 0.861060
1, 509, 1, 0, 1, 1, -1, 0, 0.837475, 0.747722
1, 511, 3, 0, 1, 1, -1, 0, 0.627583, 0.594798
1, 512, 6, 5, 1, 1, 1, 1, 1.311644, 0.742156
1, 513, 6, 0, 1, 1, -1, 0, 0.816568, 0.748458
1, 514, 1, 0, 1, 1, 1, 0, 0.667887, 0.909549
1, 517, 2, 3, 1, 1, 1, -1, 0.777140, 0.800733
1, 519, 3, 3, 1, -1, -1, 1, 0.946923, 0.874539
1, 521, 3, 0, 1, 1, 1, 0, 1.053010, 0.667712
1, 522, 2, 6, 1, 3, 1, 1, 0.898066, 0.758557
1, 525, 2, 0, 1, 1, 1, 0, 0.635381, 0.793341
1, 526, 5, 5, 1, 1, 1, -1, 0.884860, 1.308992
1, 527, 2, 5, 1, 3, 1, 1, 0.992141, 3.488288
1, 529, 3, 4, 1, 1, -1, -1, 0.988776, 0.878113
1, 530, 6, 0, 1, 1, 1, 0, 0.830723, 3.917704
1, 534, 6, 0, 1, 1, 1, 0, 0.676674, 1.911529
1, 535, 1, 0, 1, 1, -1, 0, 0.615003, 1.622789
1, 536, 3, 6, 1, 1, -1, 1, 1.130029, 0.881630
1, 538, 5, 0, 1, 3, 1, 0, 0.767209, 0.000000
1, 539, 4, 0, 1, 1, -1, 0, 0.743029, 0.939042
1, 540, 6, 0, 1, -1, 1, 0, 0.829979, 1.023278
1, 542, 1, 4, 1, -1, -1, -1, 1.149244, 0.825146
1, 543, 6, 3, 1, 1, 1, 1, 1.213638, 4.994787
1, 544, 4, 4, 1, -1, -1, 1, 1.260643, 1.312610
1, 545, 1, 0, 1, 1, -1, 0, 1.024755, 1.061676
1, 547, 2, 2, 1, -1, -1, 1, 0.823353, 0.484628
1, 548, 5, 0, 1, 1, 1, 0, 0.927230, 1.340805
1, 549, 5, 3, 1, 1, 1, -1, 0.643271, 1.059605
1, 550, 2, 0, 1, -1, 1, 0, 0.482727, 1.211345
1, 551, 3, 3, 1, 1, 1, 1, 0.925291, 0.762759
1, 553, 6, 2, 1, 1, 1, -1, 0.847688, 0.871308
1, 554, 2, 0, 1, 1, -1, 0, 0.635703, 2.056979
1, 555, 1, 2, 1, 1, 1, -1, 0.976015, 1.080303
1, 559, 3, 0, 1, 1, -1, 0, 0.890016, 0.731670
1, 561, 5, 5, 1, -1, -1, -1, 0.893927, 1.320631
1, 562, 1, 0, 1, 1, -1, 0, 0.769595, 1.191401
1, 563, 3, 0, 1, 1, -1, 0, 0.887812, 0.766512
1, 565, 3, 6, 1, 1, -1, -1, 1.123998, 1.463789
1, 567, 1, 5, 1, 1, 1, 1, 0.749363, 1.793008
1, 569, 3, 0, 1, 1, 1, 0, 0.683674, 0.715427
1, 571, 2, 5, 1, 1, -1, 1, 0.949080, 3.384911
1, 572, 2, 4, 1, 1, 1, -1, 1.215497, 2.251299
1, 573, 6, 6, 1, 1, 1, 1, 0.722976, 1.232935
1, 574, 1, 1, 1, 1, -1, 1, 0.815225, 1.577828
1, 575, 2, 0, 1, -1, -1, 0, 0.967866, 1.183789
1, 577, 3, 5, 1, 1, -1, -1, 0.804462, 2.524502
1, 578, 3, 0, 0, 1, -1, 0, 0.649800, 2.091698
1, 579, 6, 0, 1, 1, -1, 0, 0.998887, 0.763673
1, 580, 6, 0, 1, 1, -1, 0, 1.037498, 1.551284
1, 581, 4, 6, 1, 1, 1, 1, 0.851472, 2.601680
1, 583, 6, 1, 1, -1, -1, 1, 0.925655, 0.829232
1, 586, 6, 5, 1, -1, -1, 1, 1.280588, 2.307423
1, 587, 6, 0, 1, 1, -1, 0, 1.067894, 1.144426
1, 588, 6, 0, 1, 1, -1, 0, 1.105531, 2.295095
1, 589, 6, 3, 1, 1, 1, -1, 0.802267, 0.864493
1, 590, 6, 0, 1, -1, -1, 0, 0.704940, 3.888889
1, 591, 2, 1, 1, 1, -1, 1, 0.825620, 0.958758
1, 592, 5, 2, 1, 1, -1, -1, 0.829304, 1.742140
1, 593, 6, 5, 1, -1, 1, -1, 0.865529, 0.733269
1, 594, 6, 4, 1, 1, -1, 1, 0.740034, 1.225325
1, 595, 4, 0, 1, 1, -1, 0, 0.657510, 1.890042
1, 596, 6, 6, 1, 1, 1, 1, 0.510254, 1.570984
1, 597, 2, 0, 1, 3, 1, 0, 0.418433, 0.000000
1, 599, 2, 3, 1, 3, 1, -1, 0.470400, 0.000000
1, 600, 6, 6, 1, 1, 1, -1, 0.594064, 2.112877
1, 602, 6, 0, 1, 1, -1, 0, 0.774682, 2.544884
1, 603, 4, 0, 1, 1, 1, 0, 0.682253, 1.906707
1, 604, 3, 1, 1, 1, -1, 1, 0.684508, 2.335945
1, 607, 6, 4, 1, 1, 1, -1, 1.067011, 1.646618
1, 608, 6, 2, 1, -1, 1, -1, 0.669447, 1.139800
1, 609, 6, 0, 1, 1, -1, 0, 0.715477, 4.464588
1, 612, 6, 0, 1, 1, 1, 0, 0.746059, 2.539892
1, 613, 6, 3, 1, 1, -1, -1, 0.727718, 1.573745
1, 615, 6, 2, 1, 1, -1, -1, 0.714385, 2.132234
1, 616, 5, 4, 1, -1, -1, 1, 0.664669, 1.284249
1, 618, 4, 1, 1, 1, -1, -1, 0.794986, 1.168270
1, 623, 6, 0, 1, 1, -1, 0, 0.813989, 1.441415
1, 625, 6, 0, 1, 1, -1, 0, 0.719920, 1.036391
1, 626, 6, 0, 1, 1, 1, 0, 0.583233, 0.894546
1, 627, 3, 3, 1, 1, 1, 1, 1.080965, 1.152711
1, 628, 6, 0, 1, 1, -1, 0, 0.924669, 1.200940
1, 629, 5, 4, 1, 3, -1, -1, 1.017067, 0.846158
1, 630, 4, 0, 1, 1, 1, 0, 0.642471, 0.951026
1, 631, 6, 6, 1, 1, -1, 1, 0.692113, 2.041630
1, 632, 6, 5, 1, 1, -1, 1, 0.711873, 0.878453
1, 633, 6, 0, 1, 3, -1, 0, 0.633588, 0.864211
1, 634, 5, 0, 1, 1, -1, 0, 0.476074, 1.015752
1, 635, 4, 3, 1, 1, -1, 1, 0.655420, 0.726794
1, 636, 4, 0, 1, 1, -1, 0, 1.202394, 0.557219
1, 637, 4, 0, 1, 3, 1, 0, 0.833697, 0.000000
1, 638, 6, 1, 1, 1, -1, -1, 0.845120, 0.642051
1, 639, 6, 0, 1, 1, 1, 0, 0.635508, 1.598252
1, 640, 4, 0, 1, -1, -1, 0, 0.671518, 0.947310
1, 641, 3, 0, 1, 1, 1, 0, 0.852210, 0.768133
1, 642, 5, 0, 1, 1, -1, 0, 0.740141, 0.929810
1, 643, 4, 0, 1, 1, -1, 0, 0.827001, 1.063903
1, 644, 4, 0, 1, 1, 1, 0, 0.826620, 1.251521
1, 645, 4, 0, 1, 1, 1, 0, 0.766412, 1.124590
1, 646, 5, 5, 1, 1, 1, -1, 0.815069, 0.841435
1, 647, 5, 4, 1, 1, -1, -1, 0.686440, 1.037600
1, 648, 4, 4, 1, 1, 1, 1, 0.734366, 0.998747
1, 649, 4, 6, 1, 1, 1, -1, 0.769579, 0.817461
1, 650, 4, 6, 1, 1, -1, -1, 0.597303, 1.343309
1, 651, 4, 3, 1, 1, 1, -1, 0.676787, 1.469651
1, 653, 3, 4, 1, -1, 1, 1, 0.904587, 1.173878
1, 654, 4, 0, 1, 1, 1, 0, 0.682203, 1.640060
1, 657, 1, 0, 1, 1, -1, 0, 0.544080, 0.986121
1, 658, 2, 0, 1, 3, -1, 0, 0.528047, 0.000000
1, 659, 6, 0, 1, 1, 1, 0, 0.729803, 1.345447
1, 660, 3, 1, 1, 1, 1, -1, 0.680898, 1.075450
1, 661, 5, 1, 1, 1, -1, 1, 0.810906, 1.177359
1, 662, 6, 3, 1, 1, -1, 1, 0.857304, 0.891880
1, 663, 5, 4, 1, 3, 1, -1, 0.572955, 0.000000
1, 665, 3, 0, 1, 3, 1, 0, 0.712948, 0.000000
1, 666, 2, 0, 1, 3, 1, 0, 0.474997, 0.000000
1, 667, 2, 0, 1, 1, -1, 0, 0.530724, 1.226861
1, 668, 3, 0, 1, 1, -1, 0, 0.925470, 0.925566
1, 669, 5, 3, 1, 1, 1, 1, 0.822954, 0.791541
1, 670, 4, 0, 1, 1, -1, 0, 0.707442, 1.030449
1, 671, 5, 3, 1, 1, 1, -1, 0.630833, 0.773996
1, 672, 3, 0, 1, 1, -1, 0, 0.655534, 0.711213
1, 673, 2, 4, 1, 3, -1, 1, 0.666028, 0.733086
1, 674, 2, 4, 1, 1, -1, 1, 0.670126, 0.603234
1, 675, 5, 5, 1, -1, -1, 1, 0.980068, 1.364313
1, 676, 4, 2, 1, 1, -1, -1, 0.814105, 0.943904
1, 677, 3, 5, 1, 1, -1, 1, 0.874103, 2.126460
1, 678, 2, 4, 1, 1, -1, -1, 0.619929, 0.594021
1, 679, 2, 0, 1, 1, -1, 0, 0.524859, 0.747217
1, 680, 2, 3, 1, 1, -1, -1, 0.621929, 0.672031
1, 681, 2, 2, 1, 1, -1, -1, 0.788903, 0.840943
1, 682, 4, 0, 1, 1, -1, 0, 0.452034, 0.972964
1, 683, 3, 0, 1, 1, 1, 0, 0.720378, 0.607517
1, 684, 5, 6, 1, 1, 1, 1, 0.609165, 0.870924
1, 685, 4, 0, 1, 1, 1, 0, 0.529005, 1.033158
1, 686, 5, 3, 1, 1, -1, -1, 0.595110, 0.772501
1, 687, 5, 6, 1, 1, -1, 1, 0.686888, 0.752254
1, 688, 4, 0, 1, 1, -1, 0, 0.600684, 0.897750
1, 689, 5, 0, 1, 1, 1, 0, 0.711412, 0.959080
1, 690, 4, 0, 1, 1, 1, 0, 0.648085, 0.991301
1, 691, 6, 1, 1, 1, 1, 1, 0.707047, 0.849904
1, 692, 3, 2, 1, 1, -1, -1, 0.782836, 0.759760
1, 693, 5, 0, 1, 1, -1, 0, 0.658196, 1.264448
1, 694, 4, 2, 1, 1, 1, -1, 0.696014, 1.367839
1, 695, 5, 6, 1, 3, 1, -1, 0.623544, 0.834898
1, 696, 5, 4, 0, -1, 1, 1, 1.114734, 0.765779
1, 697, 4, 0, 1, 1, 1, 0, 1.014612, 0.563903
1, 698, 6, 1, 1, 1, -1, -1, 0.737307, 0.887395
1, 699, 3, 3, 1, 1, -1, -1, 0.657366, 1.165409
1, 700, 3, 3, 1, 1, 1, -1, 0.707540, 0.692493
1, 701, 2, 0, 1, 1, 1, 0, 0.600053, 2.641487
1, 702, 5, 0, 1, 1, -1, 0, 0.491429, 0.868088
1, 703, 5, 0, 1, 1, -1, 0, 0.445007, 0.609094
1, 704, 3, 3, 1, 1, -1, -1, 0.853109, 0.642150
1, 705, 4, 0, 1, 3, 1, 0, 0.623431, 0.000000
1, 706, 5, 0, 1, 1, 1, 0, 0.537476, 1.556049
1, 707, 4, 0, 1, 1, -1, 0, 0.496467, 1.029313
1, 709, 3, 5, 1, 1, 1, 1, 0.732167, 1.473284
1, 710, 2, 6, 1, 1, 1, 1, 0.649432, 1.161876
1, 711, 2, 0, 1, 1, -1, 0, 0.575380, 0.880106
1, 712, 5, 0, 1, 1, -1, 0, 0.469948, 2.287441
1, 713, 4, 0, 1, 1, -1, 0, 0.502094, 0.777028
1, 714, 4, 6, 1, 1, -1, -1, 0.749805, 1.119102
1, 715, 5, 6, 1, 1, 1, 1, 0.729258, 0.550451
1, 716, 5, 5, 1, 1, 1, 1, 0.681464, 0.553218
1, 718, 4, 5, 1, 1, -1, 1, 1.226748, 0.703682
1, 719, 4, 3, 1, 1, 1, -1, 0.818715, 0.581453
1, 720, 4, 0, 1, 1, -1, 0, 1.086857, 0.690384
1, 721, 5, 0, 1, 1, 1, 0, 0.748276, 0.742898
1, 722, 6, 4, 1, 1, -1, 1, 0.680167, 0.626969
1, 723, 6, 2, 1, 1, -1, 1, 0.839446, 0.724287
1, 724, 4, 3, 1, 1, -1, 1, 0.716457, 0.702274
1, 725, 6, 2, 1, 1, -1, 1, 0.733273, 1.123014
1, 726, 4, 2, 1, -1, -1, 1, 0.984871, 0.514637
1, 727, 4, 1, 1, 1, -1, -1, 0.723793, 0.981281
1, 728, 5, 1, 1, 1, -1, -1, 0.746470, 1.016612
1, 729, 4, 5, 1, 1, 1, 1, 0.677407, 1.356758
1, 730, 3, 0, 1, 1, -1, 0, 0.680361, 1.031286
1, 731, 4, 2, 1, 1, 1, 1, 0.602849, 1.368573
1, 732, 6, 0, 1, 1, 1, 0, 0.681283, 0.863924
1, 733, 6, 0, 0, 1, -1, 0, 0.000000, 1.906750
1, 734, 4, 0, 1, 1, -1, 0, 0.555389, 0.899713
1, 735, 4, 0, 1, 1, 1, 0, 0.555311, 0.865894
1, 736, 5, 5, 1, 1, -1, -1, 0.540953, 0.940596
1, 737, 2, 0, 1, 1, 1, 0, 0.565693, 0.933981
1, 739, 5, 1, 1, -1, 1, 1, 0.818124, 0.652487
1, 740, 4, 0, 1, 1, -1, 0, 0.591426, 1.023409
1, 741, 2, 2, 1, 3, 1, -1, 0.638543, 0.000000
1, 742, 6, 3, 1, -1, -1, -1, 0.930009, 0.390068
1, 743, 4, 0, 1, 1, 1, 0, 0.747342, 1.414017
1, 744, 5, 2, 1, 1, -1, 1, 0.607846, 0.800128
1, 745, 2, 0, 1, 1, 1, 0, 0.980654, 1.155384
1, 746, 5, 2, 1, 1, 1, 1, 0.828871, 0.866928
1, 747, 4, 4, 1, 1, -1, -1, 0.673873, 1.062614
1, 748, 2, 0, 1, -1, -1, 0, 0.641130, 1.021429
1, 749, 5, 0, 1, 1, -1, 0, 0.498488, 0.847104
1, 750, 5, 0, 1, 1, 1, 0, 0.557781, 0.714710
1, 751, 5, 0, 0, 3, 1, 0, 0.710965, 1.516598
1, 752, 3, 0, 1, 1, 1, 0, 0.747433, 1.311363
1, 753, 2, 2, 1, 1, -1, -1, 0.635222, 0.702927
1, 754, 2, 0, 1, 1, -1, 0, 0.576778, 1.028437
1, 755, 2, 0, 1, 1, 1, 0, 0.790054, 2.984002
1, 756, 5, 0, 1, 1, 1, 0, 0.637693, 0.980113
1, 757, 4, 5, 1, -1, 1, 1, 0.602775, 0.610117
1, 758, 4, 0, 1, -1, 1, 0, 0.661371, 0.615243
1, 759, 6, 0, 1, 1, -1, 0, 0.654656, 0.844642
1, 760, 5, 6, 1, 1, 1, -1, 0.714764, 0.775589
1, 761, 6, 1, 1, 1, 1, -1, 0.733674, 1.766981
1, 762, 4, 4, 1, 1, -1, 1, 0.767018, 1.629120
1, 763, 4, 4, 1, 1, 1, -1, 0.662314, 0.923532
1, 764, 6, 0, 1, 1, 1, 0, 0.556524, 0.554943
1, 765, 4, 1, 1, 1, 1, -1, 0.663598, 0.800439
1, 766, 5, 2, 1, 1, 1, -1, 0.730404, 0.795826
1, 767, 4, 0, 1, 1, -1, 0, 0.793089, 0.867608
1, 768, 2, 4, 1, 1, 1, 1, 0.589513, 0.742254
1, 769, 5, 6, 1, 1, -1, 1, 0.654290, 0.775552
1, 770, 2, 0, 1, 1, 1, 0, 0.597179, 1.063432
1, 771, 4, 0, 1, 1, -1, 0, 0.613957, 1.034820
1, 772, 2, 1, 1, 1, -1, -1, 0.589034, 1.043313
1, 773, 3, 5, 1, 1, 1, -1, 0.737320, 0.888523
1, 774, 4, 3, 1, 1, -1, -1, 0.660555, 0.858993
1, 775, 4, 0, 1, 1, 1, 0, 0.571015, 0.658172
1, 776, 4, 0, 0, 1, -1, 0, 0.740589, 1.955254
1, 778, 2, 4, 1, 1, -1, -1, 0.703597, 0.701928
1, 779, 6, 0, 1, 1, 1, 0, 0.641948, 0.701825
1, 780, 5, 4, 1, 1, 1, 1, 0.747028, 3.462742
1, 781, 4, 1, 1, 1, 1, -1, 0.660773, 0.745903
1, 782, 4, 4, 1, 1, -1, -1, 0.548906, 2.195422
1, 783, 4, 5, 1, 1, -1, 1, 0.683063, 1.085378
1, 784, 2, 0, 1, 1, 1, 0, 0.514667, 2.213062
1, 787, 4, 1, 1, 1, 1, 1, 0.517024, 0.644108
1, 789, 5, 2, 1, 1, -1, -1, 0.551028, 0.894605
1, 790, 4, 2, 1, 1, -1, -1, 0.538473, 0.886199
1, 791, 5, 0, 1, 1, -1, 0, 0.522087, 0.720543
1, 792, 6, 2, 1, 1, 1, 1, 0.951366, 1.140808
1, 793, 6, 5, 1, 1, -1, -1, 0.688167, 0.983785
1, 794, 5, 0, 1, 1, 1, 0, 0.581737, 0.755257
1, 795, 5, 0, 1, 1, -1, 0, 0.551666, 0.947487
1, 797, 2, 1, 1, -1, -1, 1, 0.595713, 1.634105
1, 800, 3, 4, 1, 1, -1, 1, 0.793020, 0.812634
1, 801, 5, 0, 1, 1, -1, 0, 0.610827, 0.921711
1, 802, 4, 6, 1, 1, -1, 1, 0.549770, 0.634970
1, 803, 2, 4, 1, 1, 1, 1, 0.668181, 0.882793
1, 804, 6, 0, 1, 1, -1, 0, 0.608607, 0.863100
1, 805, 4, 2, 1, 1, -1, 1, 0.683285, 1.072688
1, 806, 5, 5, 1, 1, -1, 1, 0.765315, 0.811987
