observer, trial, targLoc, distLoc, targDiscrim, thoughtNoAttCap, tc, dc, RT, TrialTypeRT
7, 3, 2, 0, 1, 1, 1, 0, 1.122221, 1.545728
7, 4, 5, 1, 1, 1, -1, -1, 1.365601, 0.977776
7, 5, 4, 0, 1, 1, -1, 0, 0.757180, 0.947913
7, 6, 1, 0, 1, 3, 1, 0, 0.572423, 0.000000
7, 7, 5, 0, 1, 1, 1, 0, 0.850234, 0.477374
7, 9, 2, 0, 1, 1, 1, 0, 0.775586, 1.065282
7, 10, 4, 4, 1, -1, -1, -1, 1.015540, 1.323717
7, 11, 1, 0, 1, 1, -1, 0, 0.855704, 0.751359
7, 13, 1, 1, 1, 1, 1, -1, 1.095878, 0.716991
7, 14, 3, 0, 1, 1, 1, 0, 0.691735, 0.906061
7, 15, 2, 2, 1, -1, 1, 1, 0.897531, 0.357182
7, 16, 5, 2, 1, -1, -1, -1, 1.007986, 0.391746
7, 17, 6, 0, 1, 1, 1, 0, 0.639267, 0.278383
7, 18, 3, 2, 1, 1, -1, -1, 1.115676, 0.596940
7, 19, 3, 0, 1, 1, 1, 0, 0.665389, 0.528565
7, 20, 5, 0, 1, 1, -1, 0, 0.754855, 0.331348
7, 21, 4, 0, 1, 1, -1, 0, 0.863674, 0.469751
7, 22, 6, 5, 1, -1, -1, 1, 1.312288, 0.602738
7, 23, 4, 3, 1, -1, 1, 1, 0.809233, 0.570267
7, 24, 1, 1, 1, 1, -1, -1, 0.678647, 0.272453
7, 25, 6, 5, 1, -1, 1, -1, 0.823322, 0.357296
7, 26, 2, 3, 1, -1, -1, 1, 0.824749, 0.344532
7, 27, 6, 2, 1, -1, -1, -1, 1.108214, 0.396477
7, 28, 1, 0, 1, 1, 1, 0, 0.722855, 0.452407
7, 29, 1, 0, 1, 1, 1, 0, 0.544760, 0.263775
7, 30, 2, 0, 1, 1, 1, 0, 0.619042, 0.483007
7, 31, 6, 1, 1, 1, -1, 1, 0.664332, 0.606962
7, 32, 4, 5, 1, 1, 1, 1, 0.644377, 0.253885
7, 33, 4, 5, 1, -1, -1, -1, 0.862689, 0.240140
7, 34, 1, 0, 1, 1, 1, 0, 0.506914, 0.225382
7, 35, 6, 0, 1, 1, 1, 0, 0.578517, 0.323777
7, 36, 4, 0, 1, 1, -1, 0, 0.814375, 0.472187
7, 37, 3, 6, 1, 1, -1, -1, 0.616838, 0.351888
7, 38, 5, 2, 1, -1, -1, -1, 0.719517, 0.245725
7, 39, 5, 4, 1, -1, 1, -1, 1.062583, 0.458402
7, 40, 1, 0, 1, 1, 1, 0, 0.545666, 0.225292
7, 41, 2, 0, 1, 1, 1, 0, 0.671706, 0.667491
7, 42, 3, 0, 1, 1, -1, 0, 0.612168, 0.231831
7, 43, 3, 2, 1, -1, 1, -1, 0.691347, 0.377506
7, 44, 1, 2, 1, -1, 1, 1, 0.816647, 0.252923
7, 45, 4, 0, 1, 1, -1, 0, 0.511531, 0.258136
7, 46, 4, 0, 1, 1, 1, 0, 0.637929, 0.067593
7, 47, 1, 0, 1, 1, 1, 0, 0.471443, 0.272504
7, 48, 4, 2, 1, 1, -1, -1, 0.652060, 0.531580
7, 49, 4, 2, 1, 1, 1, -1, 0.529439, 0.033461
7, 50, 4, 0, 1, 1, 1, 0, 0.621840, 0.034135
7, 51, 1, 2, 1, -1, 1, 1, 0.659435, 0.299529
7, 52, 1, 2, 0, 1, -1, -1, 1.007620, 0.938428
7, 53, 5, 3, 1, 1, 1, 1, 0.741522, 0.632147
7, 54, 1, 0, 1, 1, 1, 0, 0.644438, 0.470005
7, 55, 4, 5, 0, -1, 1, -1, 0.551678, 0.977770
7, 56, 3, 0, 1, 1, 1, 0, 0.690203, 0.327368
7, 57, 2, 0, 1, 1, 1, 0, 0.639271, 0.237316
7, 58, 3, 0, 1, 1, -1, 0, 0.662747, 0.245129
7, 59, 4, 6, 1, 3, 1, -1, 0.996021, 0.000000
7, 60, 6, 0, 1, -1, -1, 0, 0.646055, 0.503979
7, 61, 4, 0, 1, 1, 1, 0, 0.585313, 0.317977
7, 62, 1, 6, 1, 1, -1, -1, 0.948424, 0.802127
7, 63, 1, 0, 1, 1, 1, 0, 0.769007, 0.265457
7, 64, 4, 5, 1, -1, 1, -1, 0.749757, 0.205795
7, 65, 5, 6, 1, -1, -1, 1, 0.849782, 1.285630
7, 66, 6, 2, 1, -1, 1, 1, 1.096819, 0.266504
7, 67, 4, 6, 1, 1, -1, -1, 1.486825, 1.170499
7, 68, 5, 3, 1, -1, 1, 1, 0.642818, 0.887499
7, 69, 4, 4, 1, 3, -1, 1, 0.645095, 2.867286
7, 70, 6, 0, 1, 1, 1, 0, 0.670958, 0.186693
7, 71, 4, 4, 1, -1, -1, -1, 0.730405, 0.371059
7, 72, 2, 0, 1, 1, -1, 0, 0.738319, 0.583120
7, 73, 1, 4, 1, -1, 1, 1, 0.664048, 0.304434
7, 74, 3, 0, 1, 1, 1, 0, 0.649547, 0.087066
7, 75, 5, 0, 1, 1, -1, 0, 0.772283, 0.014195
7, 76, 6, 2, 1, 1, -1, -1, 1.368805, 0.226761
7, 77, 3, 4, 1, 1, 1, -1, 1.044527, 0.470369
7, 78, 4, 3, 1, 1, -1, 1, 0.969257, 0.020842
7, 79, 1, 0, 1, 1, -1, 0, 0.662242, 0.233517
7, 80, 6, 6, 1, 1, 1, 1, 0.637036, 0.831707
7, 82, 3, 0, 1, 1, 1, 0, 0.794848, 0.247518
7, 83, 1, 5, 1, 1, 1, -1, 0.889834, 0.306814
7, 84, 6, 0, 1, 1, -1, 0, 0.677111, 0.233535
7, 85, 4, 5, 1, 1, -1, -1, 1.028167, 0.459278
7, 86, 1, 0, 1, 1, -1, 0, 1.258435, 0.225476
7, 87, 1, 0, 1, 1, 1, 0, 0.730377, 0.139956
7, 88, 2, 0, 1, 1, -1, 0, 0.732610, 0.021025
7, 89, 6, 0, 1, 1, 1, 0, 0.718195, 0.027442
7, 90, 3, 0, 1, 1, -1, 0, 0.712153, 0.020794
7, 91, 1, 2, 1, -1, -1, 1, 1.366505, 0.259435
7, 92, 6, 0, 1, 1, 1, 0, 0.611636, 0.020781
7, 93, 1, 0, 1, 1, 1, 0, 0.631392, 0.034005
7, 94, 1, 0, 1, 1, 1, 0, 0.603122, 0.067457
7, 95, 5, 6, 1, -1, 1, 1, 1.319036, 0.609953
7, 96, 5, 6, 1, -1, -1, -1, 1.132790, 0.265765
7, 98, 1, 0, 1, 1, -1, 0, 0.909921, 0.000000
7, 99, 1, 0, 1, 1, 1, 0, 0.717691, 0.047388
7, 100, 6, 0, 1, 1, -1, 0, 0.770303, 0.232377
7, 101, 4, 3, 1, -1, 1, -1, 1.203228, 0.423236
7, 102, 6, 4, 1, -1, -1, 1, 0.883939, 0.271813
7, 103, 6, 0, 1, 1, -1, 0, 0.585556, 0.589448
7, 104, 1, 3, 1, -1, -1, 1, 1.044827, 0.185599
7, 105, 5, 0, 1, 1, 1, 0, 0.665769, 0.324766
7, 106, 6, 0, 1, 1, -1, 0, 0.552346, 0.304131
7, 107, 5, 5, 1, -1, -1, 1, 1.080027, 0.399466
7, 108, 5, 0, 1, 1, -1, 0, 0.592492, 0.245337
7, 109, 4, 0, 1, 1, -1, 0, 0.552978, 0.239528
7, 110, 2, 1, 1, -1, -1, 1, 1.096057, 0.678120
7, 111, 5, 0, 1, 1, 1, 0, 1.265872, 0.743978
7, 112, 3, 5, 1, 1, 1, -1, 0.772052, 0.444153
7, 114, 5, 2, 1, 1, -1, 1, 0.955581, 0.239525
7, 115, 4, 0, 1, 1, 1, 0, 0.638186, 0.722212
7, 116, 4, 0, 1, 1, 1, 0, 0.575182, 0.266856
7, 117, 6, 0, 1, 1, -1, 0, 0.666015, 0.200128
7, 118, 2, 4, 1, -1, 1, -1, 1.089561, 0.352824
7, 119, 5, 0, 1, 1, 1, 0, 0.562559, 0.565262
7, 120, 3, 1, 1, 1, 1, 1, 1.002380, 0.266532
7, 122, 2, 0, 1, 1, 1, 0, 0.664385, 0.432650
7, 123, 6, 0, 1, 1, -1, 0, 0.691168, 0.378389
7, 124, 4, 0, 1, 1, 1, 0, 0.592543, 0.213558
7, 125, 2, 0, 1, 1, 1, 0, 0.710954, 0.198948
7, 126, 1, 5, 1, -1, 1, 1, 1.008667, 0.484322
7, 127, 1, 3, 1, -1, 1, -1, 0.821854, 0.437444
7, 128, 1, 5, 1, -1, 1, -1, 0.690378, 0.300350
7, 129, 5, 0, 1, 1, -1, 0, 0.698544, 0.564557
7, 130, 5, 0, 1, 1, -1, 0, 0.584700, 0.532123
7, 131, 3, 0, 1, 1, -1, 0, 0.657017, 0.245008
7, 132, 3, 1, 0, 3, -1, -1, 0.935201, 1.018315
7, 133, 2, 5, 1, 1, 1, 1, 0.858552, 0.582294
7, 134, 4, 4, 1, -1, -1, 1, 0.717217, 0.383564
7, 136, 4, 0, 1, 1, 1, 0, 0.916534, 0.258860
7, 137, 6, 0, 1, 1, 1, 0, 0.619744, 0.279707
7, 138, 1, 1, 1, 1, -1, 1, 1.036864, 0.391227
7, 140, 6, 4, 1, -1, 1, 1, 0.835721, 0.596478
7, 141, 2, 0, 1, 1, 1, 0, 0.666402, 0.990479
7, 142, 4, 0, 1, 1, -1, 0, 0.738507, 0.912589
7, 143, 2, 0, 1, 1, -1, 0, 0.627254, 0.218928
7, 144, 3, 0, 1, 1, -1, 0, 0.776982, 0.193606
7, 145, 5, 3, 1, -1, -1, -1, 0.810070, 0.326403
7, 146, 1, 0, 1, 1, -1, 0, 0.666017, 0.238228
7, 147, 1, 1, 1, -1, 1, -1, 1.040627, 0.657286
7, 148, 5, 5, 1, 1, -1, -1, 0.949899, 0.171965
7, 149, 2, 2, 1, 1, 1, -1, 0.604739, 0.680788
7, 150, 5, 0, 1, 1, 1, 0, 0.618002, 0.809116
7, 151, 1, 0, 1, 1, -1, 0, 0.618030, 0.213155
7, 152, 2, 6, 1, -1, -1, -1, 1.075920, 0.746629
7, 153, 1, 3, 1, -1, 1, 1, 0.685172, 0.378184
7, 155, 3, 0, 1, 1, 1, 0, 0.782596, 0.219482
7, 156, 5, 3, 1, -1, 1, -1, 0.897471, 0.869476
7, 157, 5, 0, 1, 1, -1, 0, 0.656296, 0.113980
7, 158, 5, 4, 1, -1, -1, 1, 0.768726, 0.358648
7, 159, 2, 0, 1, 1, -1, 0, 0.690080, 0.433493
7, 160, 3, 5, 1, 1, -1, 1, 0.869506, 1.031193
7, 161, 2, 0, 1, 1, -1, 0, 0.696748, 0.187625
7, 162, 4, 0, 1, 1, 1, 0, 0.684432, 0.174031
7, 163, 5, 0, 1, 1, 1, 0, 0.606446, 0.780795
7, 164, 2, 5, 1, -1, -1, 1, 0.938693, 0.112678
7, 165, 3, 5, 1, -1, -1, -1, 0.761460, 0.232931
7, 166, 3, 0, 1, 1, 1, 0, 0.590388, 0.194137
7, 167, 6, 4, 1, -1, -1, -1, 0.836124, 0.193578
7, 168, 5, 1, 1, -1, -1, 1, 0.948763, 0.437332
7, 169, 2, 4, 0, 3, -1, 1, 0.724049, 0.152863
7, 170, 6, 6, 1, -1, -1, 1, 0.982972, 0.357106
7, 171, 6, 0, 1, 1, 1, 0, 0.636942, 0.285936
7, 172, 6, 0, 1, 1, 1, 0, 0.592031, 0.435214
7, 173, 2, 0, 1, 1, 1, 0, 0.511640, 0.258099
7, 174, 2, 3, 0, 3, -1, -1, 0.777297, 0.180621
7, 175, 6, 1, 1, -1, -1, -1, 0.947878, 0.432822
7, 176, 5, 0, 1, 1, -1, 0, 0.531983, 0.206053
7, 177, 6, 0, 1, 1, -1, 0, 0.611016, 0.054290
7, 178, 3, 0, 1, 1, 1, 0, 0.697499, 0.120888
7, 179, 1, 2, 1, -1, -1, 1, 0.962466, 0.106238
7, 180, 1, 0, 1, 1, -1, 0, 0.523868, 0.007578
7, 181, 1, 0, 1, 1, -1, 0, 0.517283, 0.047508
7, 182, 6, 0, 1, 1, 1, 0, 0.479293, 0.047315
7, 183, 3, 1, 1, -1, -1, -1, 0.780981, 0.185471
7, 184, 4, 0, 1, 1, 1, 0, 0.628055, 0.185457
7, 185, 4, 0, 1, 1, 1, 0, 0.491894, 0.100303
7, 186, 4, 0, 1, 1, 1, 0, 0.560020, 0.240627
7, 187, 1, 2, 1, -1, -1, -1, 0.828593, 0.192273
7, 188, 6, 4, 1, 1, -1, 1, 0.808518, 0.226276
7, 189, 2, 0, 1, 1, -1, 0, 0.579517, 0.093958
7, 190, 1, 1, 1, -1, -1, 1, 0.872044, 0.356331
7, 191, 5, 0, 1, 1, -1, 0, 0.557229, 0.444438
7, 192, 4, 0, 1, 1, -1, 0, 0.525708, 0.060518
7, 193, 5, 1, 1, -1, -1, -1, 0.591438, 0.158895
7, 194, 1, 6, 1, -1, 1, -1, 0.701003, 0.284822
7, 195, 4, 2, 1, -1, -1, -1, 0.658774, 0.213040
7, 196, 6, 2, 1, -1, 1, -1, 0.744188, 0.285640
7, 197, 3, 0, 1, 1, -1, 0, 0.566140, 0.297707
7, 198, 5, 0, 1, 1, 1, 0, 0.583375, 0.087646
7, 199, 1, 0, 1, 1, -1, 0, 0.536409, 0.053840
7, 200, 2, 3, 1, -1, 1, -1, 0.624955, 0.192819
7, 201, 5, 0, 1, 1, -1, 0, 1.200733, 0.852325
7, 202, 4, 1, 1, -1, -1, 1, 0.822452, 0.358815
7, 203, 1, 0, 1, 1, 1, 0, 0.525582, 0.106910
7, 204, 4, 0, 1, 1, 1, 0, 0.512465, 0.040137
7, 205, 4, 0, 1, 1, 1, 0, 0.537697, 0.073869
7, 206, 1, 5, 1, -1, -1, 1, 0.744355, 0.424219
7, 207, 1, 3, 1, -1, -1, -1, 0.645789, 0.134025
7, 208, 3, 0, 1, 1, -1, 0, 0.496065, 0.080363
7, 209, 6, 4, 1, 3, -1, -1, 0.565585, 0.000000
7, 210, 3, 0, 1, -1, -1, 0, 0.492732, 0.273063
7, 211, 3, 3, 1, 1, 1, -1, 0.563608, 0.120203
7, 212, 5, 0, 1, -1, -1, 0, 0.472237, 0.290667
7, 213, 1, 0, 1, 1, 1, 0, 0.346358, 0.092816
7, 214, 3, 5, 1, 1, 1, 1, 0.823147, 0.192505
7, 215, 3, 6, 1, -1, 1, -1, 0.617747, 0.159687
7, 216, 3, 0, 1, 1, 1, 0, 0.506284, 0.219370
7, 217, 3, 3, 1, 3, -1, -1, 0.618814, 0.000000
7, 218, 5, 1, 1, -1, 1, -1, 0.557405, 0.112703
7, 219, 4, 6, 1, -1, 1, -1, 0.615483, 0.186467
7, 220, 4, 2, 1, -1, 1, 1, 0.499324, 0.114014
7, 221, 5, 0, 1, 1, -1, 0, 0.535741, 0.180649
7, 222, 1, 2, 1, -1, 1, -1, 0.672016, 0.139701
7, 223, 3, 3, 1, -1, 1, 1, 0.526040, 0.087011
7, 224, 1, 0, 1, 1, 1, 0, 0.518623, 0.179952
7, 225, 3, 5, 1, -1, 1, 1, 0.644751, 0.080678
7, 226, 2, 0, 1, -1, -1, 0, 0.477190, 0.014146
7, 227, 4, 2, 1, -1, -1, 1, 0.986743, 0.126631
7, 228, 4, 1, 1, -1, 1, -1, 0.770403, 0.166511
7, 229, 1, 0, 1, 1, -1, 0, 0.519167, 0.040852
7, 230, 5, 6, 1, -1, -1, -1, 0.710506, 0.100884
7, 231, 2, 0, 1, 1, 1, 0, 0.412944, 0.060449
7, 232, 5, 0, 1, 1, 1, 0, 0.530260, 0.074140
7, 233, 2, 1, 1, -1, 1, -1, 0.736677, 0.257462
7, 234, 5, 0, 1, 1, -1, 0, 0.563614, 0.086860
7, 235, 2, 0, 1, 1, 1, 0, 0.425087, 0.259838
7, 236, 6, 0, 1, -1, -1, 0, 0.652158, 0.571646
7, 237, 4, 0, 1, 1, 1, 0, 0.557816, 0.292201
7, 238, 2, 5, 1, 1, 1, 1, 0.762047, 0.577432
7, 239, 1, 4, 1, -1, -1, 1, 0.808312, 0.153756
7, 240, 5, 5, 1, -1, -1, -1, 0.928034, 0.186411
7, 241, 6, 6, 1, 1, -1, -1, 0.718470, 0.397563
7, 242, 3, 0, 1, 1, 1, 0, 0.591353, 0.165229
7, 243, 2, 0, 1, 1, 1, 0, 0.576244, 0.080992
7, 244, 4, 5, 1, -1, 1, 1, 1.037346, 0.325251
7, 245, 5, 1, 1, 1, 1, 1, 0.690644, 0.133015
7, 246, 1, 4, 1, -1, -1, 1, 0.988371, 0.079883
7, 247, 3, 4, 1, -1, 1, -1, 0.683841, 0.375747
7, 248, 4, 0, 1, 1, -1, 0, 0.491628, 0.040722
7, 249, 3, 0, 1, 1, -1, 0, 0.519186, 0.014238
7, 250, 5, 0, 1, 1, 1, 0, 0.558664, 0.014194
7, 251, 3, 3, 1, -1, -1, 1, 0.570981, 0.140787
7, 252, 6, 3, 0, -1, 1, -1, 0.609325, 0.784120
7, 253, 5, 0, 1, 1, 1, 0, 0.453045, 0.086652
7, 254, 1, 4, 1, -1, 1, -1, 0.544020, 0.280764
7, 255, 3, 2, 1, -1, -1, 1, 0.691955, 0.139577
7, 256, 5, 3, 1, -1, -1, -1, 0.585879, 0.285489
7, 257, 5, 0, 1, 1, -1, 0, 0.403852, 0.113764
7, 258, 4, 0, 1, 1, -1, 0, 0.420283, 0.092392
7, 259, 1, 0, 1, 1, 1, 0, 0.471924, 0.106911
7, 260, 6, 0, 1, 1, -1, 0, 0.632676, 0.060545
7, 261, 1, 5, 0, -1, -1, -1, 0.605481, 0.671986
7, 262, 1, 5, 1, -1, -1, 1, 0.609575, 0.205998
7, 263, 2, 0, 1, 1, -1, 0, 0.471643, 0.126314
7, 264, 5, 0, 1, 1, 1, 0, 0.483368, 0.080892
7, 265, 2, 0, 1, 1, 1, 0, 0.385223, 0.060833
7, 266, 4, 0, 1, 1, 1, 0, 0.439297, 0.112791
7, 267, 3, 4, 1, -1, -1, -1, 0.638222, 0.225139
7, 268, 2, 2, 1, -1, 1, -1, 0.445396, 0.213593
7, 269, 6, 5, 1, -1, -1, 1, 0.630796, 0.153491
7, 270, 4, 3, 1, -1, 1, 1, 0.612428, 0.119144
7, 271, 1, 6, 1, -1, -1, 1, 0.611943, 0.186384
7, 272, 2, 0, 1, 1, -1, 0, 0.486388, 0.160896
7, 273, 1, 4, 1, -1, -1, -1, 0.617212, 0.179980
7, 274, 1, 0, 1, 1, -1, 0, 0.572174, 0.093897
7, 276, 5, 2, 1, -1, 1, -1, 0.624454, 0.213198
7, 277, 3, 0, 1, 1, -1, 0, 0.525594, 0.134315
7, 278, 3, 0, 1, 1, 1, 0, 0.518991, 0.073248
7, 279, 2, 0, 1, 1, 1, 0, 0.491724, 0.193734
7, 280, 2, 5, 1, -1, -1, 1, 0.611022, 0.232646
7, 281, 2, 0, 1, 1, -1, 0, 0.484892, 0.073190
7, 282, 6, 4, 1, -1, 1, 1, 0.829348, 0.180406
7, 283, 2, 6, 1, -1, -1, 1, 0.597480, 0.186824
7, 284, 1, 0, 1, 1, -1, 0, 0.538221, 0.093786
7, 285, 4, 0, 1, 1, 1, 0, 0.504196, 0.092957
7, 286, 3, 4, 1, -1, 1, 1, 0.617635, 0.113487
7, 287, 6, 5, 1, -1, 1, -1, 0.544236, 0.186777
7, 288, 4, 0, 1, 1, -1, 0, 0.511469, 0.053883
7, 289, 6, 4, 1, -1, 1, -1, 0.644014, 0.086998
7, 290, 1, 0, 1, 1, -1, 0, 0.604071, 0.020883
7, 291, 3, 0, 1, 1, 1, 0, 0.478556, 0.484685
7, 292, 5, 0, 1, 1, 1, 0, 0.455774, 0.087470
7, 293, 5, 3, 1, -1, -1, 1, 0.630036, 0.120004
7, 294, 3, 0, 1, 1, 1, 0, 0.438200, 0.140202
7, 295, 1, 0, 1, 1, -1, 0, 0.492536, 0.074007
7, 296, 3, 2, 1, -1, 1, 1, 0.536925, 0.218909
7, 297, 6, 0, 1, 1, 1, 0, 0.453213, 0.126877
7, 298, 6, 6, 1, -1, 1, 1, 0.495732, 0.140249
7, 299, 6, 0, 1, 1, -1, 0, 0.524937, 0.034019
7, 300, 1, 4, 1, -1, 1, 1, 0.431301, 0.120593
7, 301, 3, 1, 1, -1, -1, 1, 0.557518, 0.113730
7, 302, 1, 1, 1, -1, 1, 1, 0.656756, 0.113876
7, 303, 5, 0, 1, 1, 1, 0, 0.565742, 0.066941
7, 304, 3, 5, 1, -1, 1, -1, 0.618023, 0.126371
7, 305, 3, 1, 1, -1, 1, 1, 0.418569, 0.053206
7, 306, 1, 3, 1, -1, 1, 1, 0.438252, 0.233488
7, 307, 5, 4, 1, -1, -1, -1, 0.512093, 0.225425
7, 308, 6, 0, 1, 1, 1, 0, 0.392350, 0.100299
7, 309, 2, 4, 1, -1, -1, -1, 0.698880, 0.113720
7, 310, 5, 6, 1, -1, 1, -1, 0.459730, 0.106947
7, 311, 3, 0, 1, 1, 1, 0, 0.406460, 0.106318
7, 313, 3, 0, 1, 1, -1, 0, 0.438951, 0.220219
7, 314, 2, 0, 1, 1, -1, 0, 0.530632, 0.066399
7, 315, 5, 0, 1, 1, 1, 0, 0.432256, 0.092620
7, 316, 3, 0, 1, 1, 1, 0, 0.373052, 0.086435
7, 317, 6, 6, 1, -1, -1, -1, 0.638119, 0.198758
7, 318, 4, 2, 1, -1, 1, 1, 0.564995, 0.256917
7, 319, 5, 5, 1, -1, 1, 1, 0.578771, 0.086649
7, 320, 1, 2, 1, -1, 1, -1, 0.679386, 0.087207
7, 322, 6, 1, 1, -1, -1, -1, 0.717204, 0.495703
7, 323, 5, 1, 0, -1, -1, 1, 0.551287, 0.558608
7, 324, 4, 0, 1, 1, 1, 0, 0.650045, 0.060907
7, 325, 2, 4, 1, 1, -1, -1, 0.749581, 0.167679
7, 326, 1, 0, 1, 1, 1, 0, 0.472208, 0.152656
7, 327, 2, 1, 1, -1, 1, 1, 0.585557, 0.139359
7, 328, 1, 3, 1, -1, -1, 1, 0.747298, 0.300136
7, 329, 4, 0, 1, 1, -1, 0, 0.558006, 0.126773
7, 330, 4, 0, 1, 1, -1, 0, 0.511296, 0.094183
7, 331, 3, 3, 1, -1, -1, -1, 0.578600, 0.138933
7, 332, 6, 0, 1, 1, 1, 0, 0.470944, 0.113147
7, 333, 2, 6, 1, -1, 1, 1, 0.469901, 0.113329
7, 334, 6, 3, 1, -1, -1, 1, 0.584396, 0.040682
7, 335, 4, 0, 1, 1, -1, 0, 0.525644, 0.107156
7, 336, 5, 4, 1, -1, -1, 1, 0.651283, 0.113601
7, 337, 4, 0, 1, 1, -1, 0, 0.412699, 0.113704
7, 338, 1, 4, 1, -1, 1, -1, 0.451857, 0.112972
7, 339, 5, 0, 1, 1, -1, 0, 0.424139, 0.186338
7, 340, 5, 0, 1, 1, 1, 0, 0.457371, 0.119179
7, 341, 4, 0, 1, 1, 1, 0, 0.438142, 0.027192
7, 342, 5, 0, 1, 1, -1, 0, 0.525687, 0.167339
7, 343, 1, 6, 1, -1, 1, -1, 0.546156, 0.080659
7, 344, 2, 2, 1, -1, -1, -1, 0.552197, 0.140049
7, 345, 3, 0, 1, 1, -1, 0, 0.456313, 0.239037
7, 346, 5, 4, 1, -1, 1, -1, 0.737322, 0.113122
7, 347, 1, 6, 1, -1, -1, -1, 0.755850, 0.193339
7, 348, 2, 0, 1, 1, 1, 0, 0.684103, 0.100292
7, 349, 6, 0, 1, 1, 1, 0, 0.735505, 0.140850
7, 350, 6, 4, 1, -1, 1, -1, 0.796322, 0.232840
7, 351, 5, 2, 1, -1, 1, -1, 0.646574, 0.140008
7, 352, 1, 1, 1, -1, -1, -1, 0.655293, 0.291130
7, 353, 4, 1, 1, -1, -1, -1, 0.664261, 0.113724
7, 354, 3, 3, 1, -1, -1, 1, 0.697627, 0.106500
7, 355, 2, 3, 1, -1, 1, 1, 0.445460, 0.172985
7, 356, 6, 0, 1, 1, 1, 0, 0.476268, 0.074023
7, 357, 6, 0, 1, 1, 1, 0, 0.379667, 0.073992
7, 358, 1, 0, 1, 1, 1, 0, 0.406358, 0.073906
7, 359, 2, 0, 1, 1, -1, 0, 0.538311, 0.113920
7, 360, 4, 0, 1, 1, -1, 0, 0.533506, 0.093560
7, 361, 2, 4, 1, -1, 1, 1, 0.690796, 0.120549
7, 362, 2, 5, 1, -1, 1, -1, 0.518422, 0.212540
7, 363, 2, 5, 1, -1, -1, -1, 0.539787, 0.100554
7, 364, 3, 0, 1, 1, -1, 0, 0.445381, 0.060778
7, 365, 2, 5, 1, -1, -1, -1, 0.478178, 0.120637
7, 366, 2, 0, 1, 1, -1, 0, 0.432158, 0.092980
7, 367, 6, 1, 1, -1, 1, -1, 0.663204, 0.166125
7, 368, 5, 0, 1, 1, 1, 0, 0.557853, 0.067360
7, 369, 1, 0, 1, 1, -1, 0, 0.538066, 0.067132
7, 370, 2, 2, 0, -1, -1, 1, 0.465480, 0.592265
7, 371, 5, 0, 1, 1, -1, 0, 0.478647, 0.053805
7, 372, 2, 3, 1, -1, -1, 1, 0.765771, 0.165212
7, 373, 2, 0, 1, 1, 1, 0, 0.426637, 0.067078
7, 374, 3, 0, 1, 1, -1, 0, 0.577633, 0.047372
7, 375, 6, 0, 1, 1, -1, 0, 0.538153, 0.000983
7, 376, 5, 1, 1, -1, 1, -1, 0.663211, 0.172726
7, 377, 4, 0, 1, 1, -1, 0, 0.426833, 0.020816
7, 378, 6, 0, 1, 1, 1, 0, 0.558666, 0.027395
7, 379, 5, 5, 1, -1, -1, 1, 0.713666, 0.080192
7, 380, 4, 1, 1, -1, 1, 1, 0.651011, 0.093613
7, 381, 5, 1, 1, -1, 1, 1, 0.526040, 0.106746
7, 382, 3, 0, 1, 1, -1, 0, 0.545339, 0.190952
7, 383, 6, 0, 1, 1, -1, 0, 0.451307, 0.074117
7, 384, 4, 5, 1, -1, -1, 1, 0.649917, 0.127080
7, 385, 3, 4, 0, -1, 1, 1, 0.862785, 0.423984
7, 386, 6, 1, 1, -1, -1, 1, 0.619616, 0.066403
7, 387, 2, 6, 1, -1, -1, -1, 0.550028, 0.066600
7, 388, 3, 0, 1, 1, 1, 0, 0.558002, 0.139897
7, 389, 6, 0, 1, 1, 1, 0, 0.545928, 0.079951
7, 390, 3, 1, 1, -1, 1, -1, 0.751508, 0.337903
7, 391, 5, 0, 1, 1, 1, 0, 0.432366, 0.106550
7, 392, 2, 0, 1, 1, -1, 0, 0.552736, 0.166047
7, 393, 1, 5, 1, 1, 1, 1, 0.911205, 0.278765
7, 394, 6, 0, 1, 1, 1, 0, 0.493206, 0.073765
7, 395, 2, 0, 1, 1, -1, 0, 0.517689, 0.093519
7, 396, 4, 0, 1, 1, 1, 0, 0.725767, 0.119933
7, 397, 5, 6, 1, -1, 1, 1, 0.550840, 0.159912
7, 398, 1, 3, 1, -1, 1, -1, 0.650289, 0.363547
7, 399, 2, 6, 1, -1, 1, -1, 0.764012, 0.067153
7, 400, 4, 1, 1, -1, 1, -1, 0.505363, 0.073579
7, 401, 1, 0, 1, 1, -1, 0, 0.565399, 0.093593
7, 402, 3, 0, 1, 1, 1, 0, 0.596498, 0.093646
7, 403, 4, 0, 1, 1, -1, 0, 0.559442, 0.000999
7, 404, 5, 4, 0, 3, 1, 1, 0.000000, 0.000000
7, 405, 6, 0, 1, 1, 1, 0, 0.392234, 0.019685
7, 406, 3, 4, 1, -1, -1, 1, 0.664300, 0.126718
7, 407, 3, 0, 1, 1, -1, 0, 0.619120, 0.027652
7, 408, 3, 2, 1, -1, -1, 1, 0.565110, 0.146992
7, 409, 3, 0, 1, 1, -1, 0, 0.491816, 0.020840
7, 410, 3, 0, 1, 1, 1, 0, 0.478566, 0.047445
7, 411, 6, 0, 1, 1, -1, 0, 0.533432, 0.027295
7, 412, 4, 4, 1, -1, 1, 1, 0.517680, 0.080535
7, 413, 1, 0, 1, 1, 1, 0, 0.391869, 0.133302
7, 414, 5, 5, 1, -1, 1, -1, 0.556609, 0.093708
7, 415, 3, 4, 1, -1, -1, 1, 0.472762, 0.099838
7, 416, 6, 5, 1, -1, -1, -1, 0.550130, 0.066980
7, 417, 4, 6, 1, -1, -1, -1, 0.780879, 0.073883
7, 418, 1, 0, 1, -1, -1, 0, 0.550162, 0.053875
7, 419, 6, 1, 1, -1, 1, 1, 0.550014, 0.126003
7, 420, 4, 0, 1, 1, 1, 0, 0.436916, 0.147157
7, 421, 6, 0, 1, 1, 1, 0, 0.465497, 0.126975
7, 423, 5, 0, 1, 1, 1, 0, 0.431606, 0.092684
7, 424, 1, 0, 1, 1, -1, 0, 0.504171, 0.146522
7, 425, 5, 5, 1, -1, 1, -1, 0.445658, 0.174003
7, 426, 3, 4, 1, -1, -1, -1, 0.511185, 0.107349
7, 427, 3, 0, 1, 1, 1, 0, 0.437783, 0.152482
7, 428, 5, 3, 1, -1, 1, -1, 0.491210, 0.214046
7, 429, 4, 0, 1, 1, -1, 0, 0.499840, 0.106911
7, 430, 3, 2, 1, -1, -1, -1, 0.491927, 0.113989
7, 431, 3, 6, 0, -1, -1, 1, 0.566128, 0.312488
7, 432, 1, 0, 1, 1, -1, 0, 0.565182, 0.166026
7, 433, 1, 6, 1, -1, 1, 1, 0.511691, 0.059633
7, 434, 4, 0, 1, 1, 1, 0, 0.486600, 0.085873
7, 435, 2, 3, 1, -1, 1, -1, 0.466471, 0.078289
7, 436, 4, 3, 1, -1, -1, -1, 0.493025, 0.080186
7, 437, 1, 6, 1, -1, -1, 1, 0.544879, 0.080308
7, 438, 3, 6, 1, -1, 1, 1, 0.458356, 0.125573
7, 439, 6, 0, 1, 1, -1, 0, 0.605733, 0.100500
7, 440, 2, 0, 1, 1, -1, 0, 0.479644, 0.192859
7, 441, 1, 0, 1, 1, 1, 0, 0.385104, 0.126628
7, 442, 6, 3, 1, -1, -1, -1, 0.497469, 0.100833
7, 443, 5, 0, 1, 1, -1, 0, 0.430381, 0.146054
7, 444, 3, 2, 1, -1, 1, -1, 0.452159, 0.087458
7, 445, 2, 0, 1, 1, -1, 0, 0.485850, 0.165255
7, 447, 4, 4, 1, -1, 1, 1, 0.464585, 0.186394
7, 448, 2, 0, 1, 1, -1, 0, 0.438928, 0.139606
7, 449, 3, 0, 1, 1, -1, 0, 0.419627, 0.053837
7, 450, 5, 2, 1, -1, -1, 1, 0.518137, 0.140686
7, 451, 4, 0, 1, 1, 1, 0, 0.372258, 0.053958
7, 452, 2, 1, 0, -1, -1, 1, 0.619034, 0.363883
7, 453, 5, 0, 1, 1, -1, 0, 0.584794, 0.014142
7, 454, 1, 6, 1, -1, 1, 1, 0.538719, 0.087107
7, 455, 4, 0, 1, 1, -1, 0, 0.406180, 0.067212
7, 456, 6, 5, 1, -1, 1, 1, 0.438737, 0.120350
7, 457, 6, 2, 1, -1, -1, 1, 0.557499, 0.234029
7, 458, 1, 0, 1, 1, 1, 0, 0.398268, 0.140072
7, 459, 1, 0, 1, 1, -1, 0, 0.598509, 0.020846
7, 460, 3, 1, 0, -1, -1, 1, 0.490357, 0.238664
7, 461, 2, 0, 1, 1, -1, 0, 0.451280, 0.166519
7, 462, 1, 0, 1, 1, -1, 0, 0.486446, 0.040623
7, 463, 6, 0, 1, 1, 1, 0, 0.452091, 0.021060
7, 464, 3, 5, 1, -1, -1, 1, 0.618732, 0.074004
7, 465, 1, 0, 1, 1, 1, 0, 0.319763, 0.204957
7, 466, 2, 3, 1, -1, 1, 1, 0.438872, 0.274157
7, 467, 4, 6, 1, 1, 1, 1, 0.530662, 0.360047
7, 468, 2, 1, 1, -1, -1, -1, 0.551816, 0.080189
7, 469, 3, 3, 1, -1, 1, -1, 0.412287, 0.239595
7, 470, 4, 4, 1, -1, 1, -1, 0.491607, 0.106175
7, 471, 4, 1, 1, -1, -1, 1, 0.607819, 0.166712
7, 472, 2, 0, 1, 1, 1, 0, 0.340026, 0.212351
7, 473, 3, 2, 1, -1, 1, 1, 0.412857, 0.154258
7, 474, 6, 3, 1, -1, 1, 1, 0.432137, 0.167116
7, 475, 2, 6, 1, -1, 1, 1, 0.420074, 0.139008
7, 476, 3, 0, 1, 1, -1, 0, 0.505675, 0.132441
7, 477, 3, 6, 1, -1, 1, 1, 0.479223, 0.120213
7, 478, 5, 4, 1, 1, 1, 1, 0.487035, 0.231652
7, 479, 3, 0, 1, 1, -1, 0, 0.584854, 0.146504
7, 480, 6, 5, 1, -1, 1, 1, 0.418737, 0.159060
7, 481, 6, 0, 1, 1, -1, 0, 0.392893, 0.034163
7, 482, 3, 0, 1, 1, -1, 0, 0.483741, 0.120799
7, 483, 6, 3, 1, -1, 1, 1, 0.406088, 0.337828
7, 484, 2, 0, 1, 1, 1, 0, 0.445751, 0.133549
7, 485, 5, 0, 1, 1, -1, 0, 0.526401, 0.033895
7, 486, 4, 6, 0, -1, -1, 1, 0.537151, 0.252754
7, 487, 2, 5, 1, -1, 1, -1, 0.743098, 0.179779
7, 488, 3, 6, 1, -1, -1, -1, 0.603074, 0.326331
7, 489, 2, 0, 1, 1, -1, 0, 0.559231, 0.027590
7, 490, 2, 4, 1, 1, 1, -1, 0.516302, 0.106814
7, 491, 1, 0, 1, 1, -1, 0, 0.485879, 0.034029
7, 492, 3, 0, 1, 1, 1, 0, 0.491749, 0.020592
7, 493, 3, 0, 1, 1, 1, 0, 0.504735, 0.000000
7, 494, 2, 6, 1, -1, 1, -1, 0.629631, 0.126710
7, 495, 2, 4, 1, -1, -1, 1, 0.637155, 0.316245
7, 496, 5, 0, 1, 1, -1, 0, 0.504520, 0.007510
7, 497, 5, 6, 1, -1, -1, 1, 0.677969, 0.133477
7, 498, 2, 0, 1, 1, -1, 0, 0.437880, 0.140382
7, 499, 5, 0, 1, 1, -1, 0, 0.431707, 0.153683
7, 500, 4, 5, 1, -1, -1, 1, 0.543872, 0.185283
7, 501, 2, 2, 1, -1, 1, 1, 0.460688, 0.152757
7, 502, 3, 0, 1, 1, -1, 0, 0.486486, 0.054173
7, 503, 4, 0, 1, 1, -1, 0, 0.379558, 0.047589
7, 504, 4, 1, 1, 1, 1, 1, 1.167778, 0.923255
7, 505, 5, 0, 1, 1, 1, 0, 0.432248, 0.067397
7, 506, 4, 0, 1, 1, -1, 0, 0.412292, 0.000000
7, 507, 4, 0, 1, 1, -1, 0, 0.398773, 0.000000
7, 508, 3, 5, 1, -1, -1, -1, 0.465894, 0.260410
7, 509, 1, 3, 1, -1, -1, -1, 0.471845, 0.259852
7, 510, 6, 0, 1, 1, -1, 0, 0.596916, 0.027008
7, 511, 6, 6, 1, -1, 1, -1, 0.533240, 0.080849
7, 512, 1, 0, 1, 1, 1, 0, 0.404766, 0.086487
7, 513, 4, 6, 1, -1, 1, 1, 0.592747, 0.099612
7, 514, 4, 1, 1, -1, -1, -1, 0.571999, 0.186192
7, 515, 3, 0, 1, 1, 1, 0, 0.380350, 0.099763
7, 516, 6, 0, 1, 1, -1, 0, 0.431640, 0.093688
7, 518, 2, 0, 1, 1, 1, 0, 0.410836, 0.114104
7, 519, 3, 0, 1, 1, 1, 0, 0.459442, 0.159405
7, 520, 5, 0, 1, 1, -1, 0, 0.431971, 0.074213
7, 521, 5, 5, 1, -1, 1, 1, 0.625348, 0.152613
7, 522, 6, 0, 1, 1, -1, 0, 0.527259, 0.000000
7, 523, 6, 2, 1, -1, -1, 1, 0.597380, 0.212848
7, 524, 1, 5, 1, -1, -1, -1, 0.506065, 0.126717
7, 525, 4, 3, 1, -1, 1, -1, 0.552191, 0.100358
7, 526, 6, 0, 1, 1, -1, 0, 0.419800, 0.133757
7, 527, 6, 0, 1, 1, -1, 0, 0.470354, 0.120315
7, 528, 5, 0, 1, 1, 1, 0, 0.471055, 0.146309
7, 529, 3, 0, 1, 1, -1, 0, 0.471464, 0.107499
7, 530, 2, 1, 1, -1, 1, -1, 0.616669, 0.093876
7, 531, 3, 6, 1, -1, -1, 1, 0.532157, 0.113485
7, 532, 2, 0, 1, 1, -1, 0, 0.458603, 0.138873
7, 533, 6, 3, 1, -1, -1, -1, 0.465138, 0.146547
7, 534, 2, 1, 1, -1, 1, 1, 0.596631, 0.127477
7, 535, 2, 0, 1, 1, -1, 0, 0.470555, 0.225839
7, 536, 4, 0, 1, 1, 1, 0, 0.464353, 0.027541
7, 537, 2, 0, 1, 1, 1, 0, 0.366913, 0.106261
7, 538, 2, 0, 1, 1, 1, 0, 0.344352, 0.166603
7, 539, 2, 2, 0, -1, -1, 1, 0.541857, 0.252768
7, 540, 2, 0, 1, 1, 1, 0, 0.377608, 0.145869
7, 541, 4, 2, 1, -1, -1, 1, 0.644141, 0.145822
7, 542, 6, 0, 1, 1, -1, 0, 0.532873, 0.040124
7, 543, 6, 2, 1, -1, 1, 1, 0.498049, 0.040823
7, 544, 5, 6, 1, -1, 1, -1, 0.685337, 0.073128
7, 545, 1, 1, 1, -1, 1, 1, 0.438079, 0.112141
7, 546, 2, 4, 1, -1, 1, 1, 0.436715, 0.113272
7, 547, 5, 0, 1, 1, -1, 0, 0.553448, 0.192085
7, 548, 5, 0, 1, 1, 1, 0, 0.431712, 0.040710
7, 549, 6, 6, 1, -1, -1, 1, 0.671213, 0.073893
7, 550, 6, 2, 1, -1, 1, -1, 0.593787, 0.324503
7, 551, 6, 0, 1, 1, 1, 0, 0.598606, 0.000000
7, 552, 6, 5, 1, -1, -1, -1, 0.483261, 0.067478
7, 553, 1, 4, 1, -1, -1, -1, 0.523720, 0.120573
7, 554, 5, 0, 1, 1, 1, 0, 0.412593, 0.113534
7, 556, 5, 0, 1, 1, 1, 0, 0.491921, 0.080013
7, 557, 6, 0, 1, 1, -1, 0, 0.451545, 0.272854
7, 558, 6, 3, 1, -1, 1, -1, 0.590902, 0.093065
7, 560, 6, 1, 1, -1, 1, 1, 0.603688, 0.239786
7, 561, 5, 4, 1, 1, -1, -1, 0.458498, 0.203908
7, 563, 2, 6, 1, -1, -1, 1, 0.930661, 0.147150
7, 564, 6, 1, 1, -1, 1, -1, 0.707560, 0.433655
7, 565, 5, 3, 1, -1, -1, 1, 0.682510, 0.153315
7, 566, 1, 0, 1, 1, 1, 0, 0.419207, 0.185850
7, 567, 2, 2, 1, 1, -1, -1, 0.716885, 0.133698
7, 568, 4, 3, 1, -1, -1, 1, 0.611082, 0.106687
7, 569, 4, 3, 1, -1, -1, -1, 0.457163, 0.199907
7, 570, 3, 1, 1, -1, 1, -1, 0.589045, 0.159964
7, 571, 6, 6, 1, -1, 1, -1, 0.536963, 0.153735
7, 572, 6, 0, 1, 1, 1, 0, 0.624230, 0.171955
7, 573, 3, 0, 1, 3, -1, 0, 0.531871, 0.000000
7, 574, 5, 0, 1, 1, -1, 0, 0.444718, 0.146137
7, 575, 2, 0, 1, 1, 1, 0, 0.379379, 0.133590
7, 576, 2, 0, 1, 1, 1, 0, 0.379321, 0.171974
7, 577, 5, 2, 1, -1, 1, 1, 0.545576, 0.270862
7, 578, 2, 0, 1, 1, -1, 0, 0.485510, 0.179490
7, 579, 2, 1, 1, -1, -1, -1, 0.457785, 0.206176
7, 580, 4, 4, 1, -1, 1, -1, 0.539756, 0.220166
7, 581, 4, 6, 1, -1, -1, 1, 0.684015, 0.146358
7, 582, 4, 0, 1, 1, 1, 0, 0.451899, 0.138646
7, 583, 1, 0, 1, 1, -1, 0, 0.452077, 0.133534
7, 584, 4, 2, 1, -1, 1, -1, 0.462690, 0.233027
7, 585, 5, 0, 1, 1, 1, 0, 0.432972, 0.092439
7, 586, 3, 3, 1, -1, 1, 1, 0.484920, 0.106379
7, 587, 6, 3, 1, -1, -1, 1, 0.466542, 0.106132
7, 588, 4, 0, 1, 1, -1, 0, 0.412794, 0.106743
7, 589, 3, 6, 1, -1, 1, -1, 0.536068, 0.146845
7, 590, 3, 0, 1, 1, 1, 0, 0.400010, 0.113310
7, 591, 5, 2, 1, -1, 1, 1, 0.544815, 0.165689
7, 592, 6, 0, 1, 1, 1, 0, 0.466579, 0.112903
7, 593, 4, 0, 1, 1, -1, 0, 0.432800, 0.053986
7, 594, 6, 0, 0, -1, -1, 0, 0.407094, 0.424301
7, 596, 2, 3, 1, 1, -1, -1, 0.849534, 0.060538
7, 597, 1, 0, 1, 1, -1, 0, 0.479177, 0.087570
