observer, trial, targLoc, distLoc, targDiscrim, thoughtNoAttCap, tc, dc, RT, TrialTypeRT
8, 1, 4, 0, 1, 1, -1, 0, 1.214574, 1.998384
8, 3, 4, 0, 1, 1, 1, 0, 0.872326, 0.686189
8, 4, 6, 0, 1, 1, 1, 0, 0.766514, 1.059345
8, 5, 3, 3, 1, -1, -1, -1, 1.253838, 0.622067
8, 6, 2, 0, 0, -1, -1, 0, 0.738336, 1.023774
8, 7, 6, 0, 1, 1, -1, 0, 0.578247, 0.774189
8, 8, 1, 4, 0, -1, -1, 1, 0.633976, 1.011965
8, 9, 1, 3, 1, -1, 1, -1, 0.963446, 1.715486
8, 10, 3, 0, 1, 1, -1, 0, 0.578315, 0.424613
8, 11, 6, 0, 1, 1, -1, 0, 0.740742, 0.690499
8, 12, 6, 0, 1, 1, 1, 0, 0.640397, 0.644623
8, 13, 1, 0, 1, 1, 1, 0, 0.570070, 0.699398
8, 14, 5, 6, 1, -1, 1, -1, 1.096754, 0.859535
8, 15, 5, 1, 1, -1, 1, -1, 0.909589, 0.583294
8, 16, 3, 6, 1, 1, 1, -1, 0.824024, 0.900511
8, 17, 3, 0, 1, 1, 1, 0, 0.664601, 0.854567
8, 18, 5, 0, 1, 1, -1, 0, 0.537923, 0.483372
8, 19, 5, 0, 1, 1, 1, 0, 0.584969, 0.493301
8, 20, 4, 3, 1, 1, 1, -1, 0.848622, 0.977025
8, 21, 6, 0, 1, 1, 1, 0, 0.571788, 0.286302
8, 22, 2, 3, 1, -1, 1, -1, 0.699143, 0.633616
8, 23, 3, 1, 1, -1, 1, 1, 0.694417, 1.410069
8, 24, 2, 0, 1, 1, 1, 0, 0.574306, 0.409692
8, 25, 1, 1, 1, -1, 1, -1, 0.845572, 0.831497
8, 26, 1, 6, 1, -1, 1, -1, 0.700979, 5.038033
8, 27, 4, 1, 1, -1, 1, -1, 0.660294, 0.606183
8, 28, 4, 2, 1, -1, 1, 1, 0.694545, 3.226232
8, 29, 5, 5, 1, -1, -1, 1, 0.699537, 0.950209
8, 30, 4, 6, 1, 1, 1, 1, 0.695530, 6.042200
8, 31, 4, 5, 1, 1, 1, -1, 0.751054, 1.493217
8, 32, 4, 1, 1, -1, -1, -1, 0.668100, 1.430451
8, 34, 3, 2, 1, 1, 1, 1, 0.665529, 2.189174
8, 35, 2, 3, 1, 1, -1, -1, 0.700191, 1.193336
8, 36, 6, 0, 1, 1, -1, 0, 0.680658, 0.845366
8, 37, 2, 0, 1, 1, 1, 0, 0.529014, 0.711552
8, 38, 3, 2, 0, -1, -1, -1, 1.091350, 2.148553
8, 39, 5, 5, 1, -1, 1, 1, 0.740326, 0.455184
8, 40, 4, 0, 1, 1, -1, 0, 0.604329, 0.517541
8, 41, 2, 0, 1, 1, -1, 0, 0.561647, 0.382721
8, 42, 4, 0, 1, 1, -1, 0, 0.622391, 0.699477
8, 43, 4, 0, 1, 1, 1, 0, 0.644159, 0.638126
8, 44, 6, 0, 1, 1, -1, 0, 0.771674, 0.562344
8, 45, 5, 0, 1, 1, -1, 0, 0.660305, 0.461333
8, 46, 3, 0, 1, 1, -1, 0, 0.979025, 0.435543
8, 47, 2, 3, 1, -1, 1, 1, 0.829478, 0.561883
8, 48, 3, 4, 1, -1, 1, -1, 0.694580, 0.541083
8, 49, 6, 0, 1, 1, 1, 0, 0.746242, 0.507469
8, 50, 4, 0, 1, 1, 1, 0, 0.536131, 0.695617
8, 51, 6, 6, 1, 1, -1, 1, 0.715069, 2.192894
8, 52, 3, 0, 1, 1, 1, 0, 0.542563, 0.518876
8, 53, 2, 0, 1, 1, -1, 0, 0.529218, 0.410614
8, 54, 4, 0, 1, 1, -1, 0, 0.577994, 0.384805
8, 55, 2, 0, 1, 1, 1, 0, 0.511254, 0.437934
8, 56, 6, 5, 1, -1, 1, 1, 0.733062, 0.460737
8, 57, 3, 1, 1, -1, -1, 1, 0.607692, 1.857674
8, 58, 4, 3, 1, 1, -1, -1, 0.581967, 1.295513
8, 59, 1, 0, 1, 1, -1, 0, 0.588521, 0.653077
8, 60, 4, 0, 1, 1, -1, 0, 0.445949, 0.324775
8, 61, 5, 2, 1, -1, 1, 1, 0.789362, 2.010017
8, 62, 1, 5, 1, 1, 1, -1, 0.510706, 2.017214
8, 63, 2, 1, 1, 1, -1, -1, 0.724979, 6.754680
8, 64, 3, 0, 1, 1, -1, 0, 0.526549, 0.352772
8, 65, 1, 0, 1, 1, 1, 0, 0.531487, 0.596784
8, 66, 3, 0, 1, 1, 1, 0, 0.556109, 0.349952
8, 67, 1, 0, 1, 1, -1, 0, 0.562695, 0.272495
8, 68, 1, 0, 1, 1, -1, 0, 0.475885, 0.251124
8, 69, 2, 0, 1, 1, -1, 0, 0.475806, 0.264611
8, 70, 1, 6, 1, 1, -1, -1, 0.615268, 0.417788
8, 71, 2, 5, 1, 1, 1, 1, 0.517296, 1.580076
8, 72, 1, 6, 1, 1, 1, 1, 0.686381, 0.561033
8, 73, 3, 5, 1, -1, -1, -1, 0.846052, 0.317198
8, 74, 1, 0, 1, 1, -1, 0, 0.476121, 0.264193
8, 75, 3, 0, 1, 1, -1, 0, 0.963715, 0.309525
8, 76, 5, 0, 1, 1, 1, 0, 0.464969, 0.278388
8, 77, 2, 0, 1, 1, 1, 0, 0.423676, 0.292826
8, 78, 4, 0, 1, 1, -1, 0, 0.385459, 0.245920
8, 79, 2, 0, 1, 1, -1, 0, 0.430064, 0.233015
8, 80, 5, 2, 1, 1, -1, 1, 0.470892, 0.286188
8, 81, 6, 1, 1, 1, -1, -1, 0.575950, 0.341893
8, 82, 5, 2, 1, 1, -1, 1, 0.600739, 0.615065
8, 83, 4, 0, 1, 1, 1, 0, 0.555451, 0.302017
8, 84, 5, 0, 1, 1, 1, 0, 0.489741, 0.291315
8, 85, 5, 3, 0, 1, 1, -1, 0.437571, 5.532237
8, 86, 5, 0, 1, 1, -1, 0, 0.518333, 0.682004
8, 87, 5, 1, 1, 1, -1, 1, 0.498099, 0.595341
8, 88, 4, 0, 1, 1, 1, 0, 0.568841, 0.494163
8, 89, 5, 6, 1, 1, -1, -1, 0.681709, 0.599816
8, 90, 3, 1, 1, -1, 1, -1, 0.578641, 0.416241
8, 91, 4, 5, 1, -1, -1, -1, 0.562646, 3.553415
8, 92, 4, 2, 1, -1, 1, -1, 0.659662, 0.377311
8, 93, 3, 3, 1, -1, 1, -1, 0.577590, 2.041989
8, 94, 6, 0, 1, 1, -1, 0, 0.489550, 0.336982
8, 95, 2, 6, 1, -1, 1, -1, 0.689330, 1.648606
8, 96, 1, 0, 1, 1, 1, 0, 0.590581, 0.325099
8, 97, 1, 2, 1, -1, -1, 1, 0.657707, 0.563054
8, 98, 2, 1, 1, -1, -1, 1, 0.558100, 0.753865
8, 99, 1, 0, 1, 1, -1, 0, 0.617970, 0.337584
8, 100, 5, 0, 1, 1, 1, 0, 0.543542, 0.264105
8, 101, 5, 0, 1, 1, 1, 0, 0.442476, 0.297693
8, 102, 2, 0, 1, 1, 1, 0, 0.449851, 0.357443
8, 103, 6, 3, 1, -1, 1, 1, 0.656516, 0.272702
8, 104, 1, 5, 1, -1, -1, -1, 0.637018, 0.312417
8, 105, 4, 0, 1, 1, 1, 0, 0.506074, 0.271239
8, 106, 2, 2, 1, -1, 1, -1, 0.493567, 0.363418
8, 107, 5, 4, 0, 1, 1, 1, 0.575219, 3.241784
8, 108, 5, 0, 1, 1, 1, 0, 0.582672, 0.298082
8, 109, 3, 0, 1, 1, -1, 0, 0.568310, 0.316009
8, 110, 4, 5, 1, 1, 1, 1, 0.652840, 1.947666
8, 111, 1, 0, 1, 1, -1, 0, 0.482552, 0.356524
8, 112, 4, 2, 1, 1, -1, 1, 0.687479, 0.302382
8, 113, 6, 4, 1, -1, -1, -1, 0.617282, 0.245133
8, 114, 5, 0, 1, 1, -1, 0, 0.496282, 0.305007
8, 115, 1, 3, 1, 1, 1, -1, 0.501535, 1.151280
8, 116, 5, 0, 1, 1, -1, 0, 0.463356, 0.264218
8, 117, 6, 0, 1, 1, 1, 0, 0.644035, 0.564775
8, 118, 1, 4, 1, -1, -1, 1, 0.618416, 0.501060
8, 119, 2, 4, 1, -1, 1, -1, 0.740897, 1.229759
8, 120, 5, 0, 1, 1, 1, 0, 0.642484, 0.960349
8, 121, 4, 3, 1, -1, -1, 1, 0.653607, 1.061126
8, 122, 2, 2, 1, -1, 1, 1, 0.650803, 0.962532
8, 123, 6, 0, 1, 1, 1, 0, 0.581082, 1.410983
8, 124, 6, 0, 1, 1, -1, 0, 0.502399, 0.898867
8, 125, 6, 6, 1, 1, -1, -1, 0.591266, 0.798765
8, 126, 1, 4, 1, 1, 1, 1, 0.462151, 0.993892
8, 127, 3, 0, 1, 1, 1, 0, 0.693551, 0.786053
8, 128, 3, 2, 1, 1, -1, 1, 0.677647, 1.066283
8, 129, 2, 6, 1, 1, -1, -1, 0.629401, 0.482713
8, 130, 1, 0, 1, 1, 1, 0, 0.515225, 0.330555
8, 131, 5, 6, 1, -1, -1, 1, 0.694635, 1.231584
8, 132, 6, 0, 1, 1, 1, 0, 0.815130, 0.978726
8, 133, 3, 5, 1, -1, -1, 1, 0.770307, 0.298419
8, 134, 1, 1, 1, -1, 1, -1, 0.785119, 0.699569
8, 135, 6, 0, 1, 1, -1, 0, 0.503135, 0.323919
8, 136, 2, 5, 1, -1, 1, -1, 0.550628, 0.477468
8, 137, 6, 0, 1, 1, -1, 0, 0.524857, 0.391174
8, 138, 5, 4, 1, 1, -1, -1, 0.493753, 0.501647
8, 139, 5, 2, 1, 1, 1, -1, 0.594470, 1.102543
8, 140, 3, 5, 1, 1, -1, 1, 0.563292, 1.034398
8, 141, 1, 4, 1, 1, -1, -1, 0.575759, 0.376910
8, 142, 1, 4, 1, -1, -1, -1, 0.602724, 0.296964
8, 143, 1, 0, 1, 1, 1, 0, 0.476426, 0.375564
8, 144, 6, 0, 1, 1, -1, 0, 0.549515, 1.005827
8, 145, 6, 0, 1, 1, 1, 0, 0.630923, 0.782111
8, 146, 5, 0, 1, 1, 1, 0, 0.724318, 0.344115
8, 147, 4, 0, 1, 1, -1, 0, 0.469558, 0.252323
8, 148, 4, 0, 1, 1, 1, 0, 0.660484, 0.269986
8, 149, 2, 0, 1, 1, 1, 0, 0.496481, 0.226670
8, 150, 1, 0, 1, 1, 1, 0, 0.416797, 0.192506
8, 151, 6, 0, 1, 1, 1, 0, 0.603693, 0.172238
8, 152, 6, 0, 1, 1, 1, 0, 0.523963, 0.205771
8, 153, 2, 0, 1, 1, 1, 0, 0.429851, 0.178721
8, 154, 4, 0, 1, 1, 1, 0, 0.615363, 0.245166
8, 155, 2, 4, 1, -1, 1, 1, 0.505622, 0.349169
8, 156, 5, 5, 1, -1, -1, -1, 0.661862, 0.441594
8, 157, 1, 4, 1, -1, 1, -1, 0.606539, 0.489045
8, 158, 4, 0, 1, 1, -1, 0, 0.477312, 0.265919
8, 159, 5, 5, 1, -1, -1, -1, 0.765342, 0.599702
8, 160, 2, 0, 1, 1, 1, 0, 0.423343, 0.331100
8, 161, 5, 0, 1, 1, 1, 0, 0.536117, 0.291284
8, 162, 5, 0, 1, 1, 1, 0, 0.700011, 0.369320
8, 163, 1, 5, 1, 1, -1, 1, 0.731679, 0.739728
8, 164, 2, 6, 1, -1, -1, 1, 0.676725, 0.317513
8, 165, 2, 0, 1, 1, 1, 0, 0.498027, 0.345463
8, 166, 6, 4, 1, -1, -1, 1, 0.799500, 0.318350
8, 167, 3, 0, 1, 1, 1, 0, 0.488370, 0.369457
8, 168, 5, 5, 1, -1, 1, -1, 0.630148, 1.051983
8, 169, 1, 0, 1, 1, -1, 0, 0.490349, 0.283685
8, 170, 3, 4, 1, -1, -1, -1, 0.642201, 0.655449
8, 171, 1, 0, 1, 1, 1, 0, 0.522699, 0.311529
8, 172, 4, 1, 1, -1, 1, -1, 0.696686, 0.363073
8, 173, 4, 0, 1, 1, 1, 0, 0.493418, 0.297442
8, 174, 5, 3, 1, -1, -1, 1, 0.542411, 0.315203
8, 175, 2, 2, 1, -1, -1, -1, 0.521399, 1.577325
8, 176, 6, 4, 1, 1, -1, -1, 0.496095, 0.588508
8, 177, 3, 6, 1, 1, 1, 1, 0.613662, 0.955154
8, 178, 2, 6, 1, -1, 1, 1, 0.617451, 0.516893
8, 179, 2, 0, 1, 1, -1, 0, 0.598203, 0.349837
8, 180, 1, 0, 1, 1, -1, 0, 0.496326, 0.342453
8, 181, 3, 0, 1, 1, 1, 0, 0.568412, 0.476828
8, 182, 1, 1, 1, -1, -1, 1, 0.662394, 0.874031
8, 183, 2, 0, 1, 1, 1, 0, 0.527882, 0.270997
8, 184, 2, 5, 1, -1, 1, -1, 0.638727, 0.304075
8, 185, 4, 0, 1, 1, -1, 0, 0.442157, 0.305086
8, 186, 2, 2, 1, -1, 1, 1, 0.495858, 0.396327
8, 187, 6, 1, 0, 1, 1, 1, 0.730081, 1.976184
8, 188, 4, 2, 1, -1, 1, 1, 0.682136, 0.676011
8, 189, 2, 1, 1, -1, 1, 1, 0.520877, 2.457937
8, 190, 2, 2, 1, -1, -1, 1, 0.798570, 0.653125
8, 191, 3, 0, 1, 1, 1, 0, 0.639925, 1.117289
8, 192, 3, 1, 1, -1, -1, -1, 0.679957, 0.749941
8, 193, 4, 0, 1, 1, -1, 0, 0.534678, 0.791463
8, 194, 4, 5, 1, -1, -1, -1, 0.517275, 0.584818
8, 195, 1, 0, 1, 1, 1, 0, 0.577028, 0.338298
8, 196, 3, 0, 0, 1, 1, 0, 0.659751, 1.960577
8, 197, 6, 0, 1, 1, -1, 0, 0.531328, 0.508891
8, 198, 1, 5, 1, -1, 1, 1, 0.553810, 0.323431
8, 199, 1, 2, 1, -1, 1, -1, 0.680820, 0.264223
8, 200, 3, 0, 1, 1, -1, 0, 0.528857, 1.044815
8, 201, 6, 5, 1, -1, -1, -1, 0.627800, 0.264490
8, 202, 2, 0, 1, 1, -1, 0, 0.547262, 0.290531
8, 203, 3, 2, 1, 1, 1, 1, 0.607993, 1.945374
8, 204, 4, 0, 1, 1, 1, 0, 0.937728, 0.625254
8, 205, 3, 0, 1, 1, 1, 0, 0.498440, 0.344736
8, 206, 3, 0, 1, 1, -1, 0, 0.557184, 0.272549
8, 207, 5, 0, 1, 1, 1, 0, 0.555067, 0.258816
8, 208, 6, 3, 1, -1, 1, -1, 0.650185, 0.907493
8, 209, 4, 6, 1, -1, -1, 1, 0.634534, 0.561531
8, 210, 1, 2, 1, -1, 1, 1, 0.672789, 0.397346
8, 211, 4, 3, 1, -1, -1, -1, 0.483236, 0.468375
8, 212, 1, 0, 1, 1, 1, 0, 0.405476, 0.265368
8, 213, 3, 6, 1, -1, 1, 1, 0.680984, 2.362897
8, 214, 6, 0, 1, 1, -1, 0, 0.590284, 0.332115
8, 215, 1, 0, 1, 1, 1, 0, 0.603432, 0.496813
8, 216, 5, 0, 1, 1, 1, 0, 0.562462, 0.297340
8, 217, 5, 5, 1, -1, -1, 1, 0.516590, 0.416648
8, 218, 5, 2, 1, -1, 1, -1, 0.596623, 1.409882
8, 219, 4, 3, 1, 1, 1, -1, 0.627597, 0.780445
8, 220, 5, 0, 1, 1, 1, 0, 0.656723, 0.358022
8, 221, 6, 2, 1, -1, 1, -1, 0.684548, 0.899421
8, 222, 5, 6, 1, -1, 1, 1, 0.627569, 0.607662
8, 223, 3, 0, 1, 1, 1, 0, 0.498494, 0.252120
8, 224, 4, 0, 1, 1, -1, 0, 0.505644, 0.478364
8, 225, 3, 3, 1, -1, 1, 1, 0.814279, 0.455053
8, 226, 3, 1, 1, -1, 1, 1, 0.600803, 0.896394
8, 228, 5, 3, 1, 1, 1, -1, 0.746484, 1.615386
8, 229, 4, 0, 1, 1, -1, 0, 0.609948, 0.622313
8, 230, 1, 2, 1, 1, 1, -1, 0.623020, 0.719680
8, 231, 3, 0, 1, 1, 1, 0, 1.009066, 1.006403
8, 232, 5, 0, 1, 1, -1, 0, 0.435659, 0.357072
8, 233, 3, 6, 1, -1, -1, -1, 0.653876, 0.968822
8, 234, 3, 0, 1, 1, -1, 0, 0.712569, 0.436190
8, 235, 1, 2, 1, -1, 1, 1, 0.977367, 0.687992
8, 236, 4, 1, 1, -1, -1, 1, 0.601621, 4.753973
8, 237, 6, 0, 1, 1, -1, 0, 0.589559, 0.310053
8, 238, 1, 0, 1, 1, -1, 0, 0.544182, 0.372210
8, 239, 3, 6, 1, -1, -1, 1, 0.590709, 1.585378
8, 240, 2, 0, 1, 1, -1, 0, 0.529158, 0.322368
8, 241, 4, 6, 1, -1, -1, -1, 0.656434, 0.723433
8, 242, 3, 5, 1, -1, 1, -1, 0.634840, 0.270965
8, 243, 3, 0, 1, 1, -1, 0, 0.616352, 0.271211
8, 244, 4, 0, 1, 1, -1, 0, 0.424096, 0.330869
8, 245, 1, 5, 1, -1, -1, 1, 0.598100, 0.310793
8, 246, 1, 6, 1, -1, 1, -1, 0.687562, 0.685531
8, 247, 2, 0, 1, 1, 1, 0, 0.686765, 0.906484
8, 248, 5, 6, 1, -1, -1, 1, 0.610336, 2.181668
8, 249, 6, 4, 1, 1, -1, 1, 0.590265, 0.450280
8, 250, 3, 3, 1, -1, -1, -1, 0.650760, 0.867783
8, 251, 6, 6, 1, -1, -1, -1, 0.615970, 0.403068
8, 252, 1, 1, 1, -1, 1, 1, 0.563440, 0.410571
8, 253, 6, 2, 1, -1, 1, 1, 0.621935, 0.285175
8, 254, 4, 0, 1, 1, 1, 0, 0.464241, 0.488480
8, 255, 6, 1, 1, -1, 1, 1, 0.582649, 0.482813
8, 256, 3, 4, 1, -1, 1, -1, 0.575076, 0.507646
8, 257, 2, 6, 1, 1, 1, -1, 0.570761, 2.498643
8, 258, 6, 4, 1, -1, 1, -1, 0.680072, 0.251320
8, 259, 5, 0, 1, 1, 1, 0, 0.693768, 0.422865
8, 260, 2, 5, 1, -1, 1, 1, 0.646390, 0.719540
8, 261, 5, 0, 1, 1, 1, 0, 0.555077, 0.469264
8, 262, 3, 2, 1, -1, 1, -1, 0.662503, 2.518062
8, 263, 5, 0, 1, 1, -1, 0, 0.424400, 0.244557
8, 264, 4, 3, 1, -1, 1, 1, 0.601388, 0.482804
8, 265, 6, 6, 1, -1, 1, 1, 0.713559, 0.705963
8, 266, 5, 0, 0, 1, 1, 0, 0.687027, 3.570907
8, 267, 2, 6, 1, -1, -1, 1, 0.715816, 0.509651
8, 268, 4, 0, 1, 1, -1, 0, 0.476632, 0.329716
8, 269, 5, 3, 1, -1, -1, -1, 0.529801, 1.477373
8, 270, 1, 0, 1, 1, 1, 0, 0.542764, 0.362795
8, 271, 1, 0, 1, 1, 1, 0, 0.490708, 0.264629
8, 272, 5, 2, 0, -1, 1, 1, 0.728109, 2.143880
8, 273, 2, 1, 1, -1, -1, -1, 0.626804, 0.936250
8, 274, 6, 0, 1, 1, 1, 0, 0.548121, 0.331485
8, 275, 2, 0, 1, 1, -1, 0, 0.462549, 0.218387
8, 276, 4, 5, 1, -1, -1, 1, 0.536777, 0.553371
8, 277, 6, 0, 1, 1, -1, 0, 0.478973, 0.239641
8, 278, 2, 1, 1, -1, -1, 1, 0.609258, 1.108115
8, 279, 1, 6, 1, 1, -1, 1, 0.557846, 2.575426
8, 280, 2, 0, 1, 1, 1, 0, 0.410576, 0.276943
8, 281, 6, 0, 1, 1, -1, 0, 0.469804, 0.224644
8, 282, 5, 0, 1, 1, 1, 0, 0.503228, 0.244419
8, 283, 4, 0, 1, 1, -1, 0, 0.498371, 0.245916
8, 284, 1, 4, 1, 1, 1, 1, 0.498373, 2.557773
8, 285, 2, 0, 1, 1, 1, 0, 0.385603, 0.226214
8, 286, 5, 3, 1, -1, 1, 1, 0.812858, 0.310847
8, 287, 5, 4, 1, -1, -1, -1, 0.428945, 2.183760
8, 288, 6, 0, 1, 1, 1, 0, 0.509802, 0.172181
8, 289, 5, 2, 1, 1, -1, -1, 0.482300, 0.588713
8, 290, 2, 0, 1, 1, -1, 0, 0.515252, 0.323566
8, 291, 5, 4, 1, -1, 1, -1, 0.622736, 1.275711
8, 292, 4, 3, 1, -1, -1, 1, 0.664177, 1.084582
8, 293, 2, 0, 1, 1, -1, 0, 0.538775, 0.159837
8, 294, 6, 0, 1, 1, 1, 0, 0.760364, 0.355791
8, 295, 3, 0, 1, 1, -1, 0, 0.520622, 0.303731
8, 296, 4, 0, 1, 1, -1, 0, 0.424994, 0.297777
8, 297, 4, 0, 1, 1, -1, 0, 0.457880, 0.173248
8, 298, 3, 0, 0, 1, -1, 0, 0.548017, 1.219744
8, 299, 3, 0, 1, 1, -1, 0, 0.429383, 0.218457
8, 300, 6, 1, 1, -1, -1, -1, 0.661140, 0.265208
8, 301, 5, 0, 1, 1, -1, 0, 0.496372, 0.376598
8, 302, 2, 6, 1, -1, -1, -1, 0.535682, 0.342559
8, 303, 4, 4, 1, -1, 1, -1, 0.684958, 0.358888
8, 304, 6, 1, 1, -1, -1, 1, 0.564010, 0.999147
8, 305, 2, 0, 1, 1, 1, 0, 0.509185, 0.139246
8, 306, 5, 0, 1, 1, -1, 0, 0.390898, 0.210823
8, 307, 6, 0, 1, 1, 1, 0, 0.504631, 0.245357
8, 308, 1, 0, 1, 1, -1, 0, 0.476616, 0.120489
8, 309, 4, 0, 1, 1, -1, 0, 0.471531, 0.193008
8, 310, 5, 0, 1, 1, -1, 0, 0.488662, 0.198714
8, 311, 1, 3, 1, 1, 1, 1, 0.615313, 0.402713
8, 312, 6, 2, 1, -1, 1, -1, 0.614837, 0.847634
8, 313, 1, 3, 1, -1, 1, 1, 0.570519, 3.974388
8, 314, 3, 0, 1, 1, -1, 0, 0.653408, 0.278219
8, 315, 6, 6, 1, -1, 1, -1, 0.912463, 0.264560
8, 316, 3, 0, 1, 1, 1, 0, 0.616331, 0.291281
8, 317, 2, 0, 1, 1, -1, 0, 0.497925, 0.179100
8, 318, 3, 0, 1, 1, -1, 0, 0.497202, 0.170712
8, 319, 5, 0, 1, 1, -1, 0, 0.499028, 0.318958
8, 320, 6, 4, 1, 1, 1, 1, 0.690329, 0.900398
8, 321, 6, 2, 1, -1, -1, 1, 0.635728, 1.971714
8, 322, 1, 0, 1, 1, 1, 0, 0.491803, 0.239150
8, 323, 2, 0, 1, 1, 1, 0, 0.587696, 0.342640
8, 324, 2, 0, 1, 1, 1, 0, 0.502799, 0.269909
8, 325, 6, 5, 1, 1, 1, -1, 0.652432, 0.739995
8, 326, 5, 1, 1, -1, 1, 1, 0.811244, 0.706560
8, 327, 1, 5, 1, -1, 1, -1, 0.636130, 0.298725
8, 328, 1, 6, 1, -1, 1, 1, 0.609745, 0.312419
8, 329, 6, 3, 1, -1, -1, 1, 0.656697, 1.551829
8, 330, 4, 0, 1, 1, -1, 0, 0.521831, 0.342842
8, 331, 5, 6, 1, -1, 1, -1, 0.671843, 1.375986
8, 332, 6, 5, 1, 1, -1, -1, 0.635490, 2.229535
8, 333, 1, 5, 1, -1, 1, 1, 0.540600, 0.759756
8, 334, 6, 2, 1, -1, -1, -1, 0.654742, 0.494509
8, 335, 6, 1, 1, 1, -1, 1, 0.715013, 0.844945
8, 336, 2, 3, 1, -1, -1, 1, 0.875294, 0.350775
8, 337, 5, 0, 1, 1, -1, 0, 0.468740, 0.251451
8, 338, 3, 5, 1, -1, 1, 1, 0.741181, 0.250372
8, 339, 6, 1, 1, 1, 1, -1, 0.628475, 0.719985
8, 340, 5, 0, 1, 1, 1, 0, 0.518405, 0.245128
8, 341, 2, 4, 1, 1, -1, 1, 0.568815, 0.310428
8, 342, 4, 6, 1, -1, 1, 1, 0.657721, 2.100474
8, 343, 5, 0, 1, 1, -1, 0, 0.518903, 0.179495
8, 344, 1, 0, 1, 1, -1, 0, 0.502783, 0.244836
8, 345, 4, 4, 1, -1, 1, -1, 0.630952, 0.219512
8, 346, 6, 0, 1, 1, 1, 0, 0.521992, 0.146388
8, 347, 6, 5, 1, -1, 1, 1, 0.557460, 1.046388
8, 348, 6, 0, 1, 1, -1, 0, 0.541997, 0.158018
8, 349, 5, 3, 1, -1, -1, -1, 0.606010, 0.224868
8, 350, 5, 5, 1, 1, 1, -1, 0.591359, 1.249615
8, 351, 4, 0, 1, 1, 1, 0, 0.517548, 0.127012
8, 352, 4, 4, 1, -1, -1, 1, 0.471620, 0.437396
8, 353, 2, 0, 1, 1, 1, 0, 0.457789, 0.251906
8, 354, 5, 0, 1, 1, -1, 0, 0.508705, 3.307775
8, 355, 5, 6, 1, -1, -1, -1, 0.535902, 0.257508
8, 356, 2, 0, 1, 1, -1, 0, 0.477190, 0.126324
8, 357, 3, 4, 1, -1, -1, -1, 0.663278, 0.186516
8, 358, 2, 1, 1, -1, 1, -1, 0.570835, 0.742083
8, 359, 3, 0, 1, 1, 1, 0, 0.589224, 0.185973
8, 360, 1, 0, 1, 1, 1, 0, 0.468863, 0.138965
8, 361, 6, 0, 1, 1, 1, 0, 0.503642, 0.279516
8, 362, 4, 6, 1, -1, 1, -1, 0.679840, 0.225067
8, 363, 2, 0, 1, 1, 1, 0, 0.434578, 0.145287
8, 364, 2, 2, 1, -1, -1, 1, 0.588142, 0.119125
8, 365, 6, 0, 1, 1, -1, 0, 0.529116, 0.086115
8, 366, 3, 0, 1, 1, 1, 0, 0.542390, 0.165279
8, 367, 2, 0, 1, 1, -1, 0, 0.444944, 0.106651
8, 368, 5, 0, 1, 1, 1, 0, 0.437847, 0.066830
8, 369, 3, 0, 1, 1, 1, 0, 0.564223, 0.272628
8, 370, 1, 0, 1, 1, 1, 0, 0.415150, 0.112339
8, 371, 4, 0, 1, 1, 1, 0, 0.456406, 0.100133
8, 372, 5, 0, 1, 1, -1, 0, 0.478243, 0.324348
8, 373, 4, 5, 1, -1, -1, 1, 0.495158, 3.110554
8, 374, 3, 3, 1, -1, 1, 1, 0.563692, 0.344036
8, 375, 3, 0, 1, 1, -1, 0, 0.640927, 0.106302
8, 376, 5, 2, 1, -1, -1, -1, 0.498665, 0.160219
8, 377, 2, 3, 1, -1, -1, -1, 0.630096, 0.139452
8, 378, 5, 3, 1, 1, -1, 1, 0.470003, 0.736462
8, 379, 4, 0, 1, 1, 1, 0, 0.575028, 0.165654
8, 380, 2, 2, 1, -1, -1, -1, 0.541710, 0.686150
8, 381, 3, 0, 1, 1, -1, 0, 0.470986, 0.323584
8, 382, 5, 1, 1, -1, -1, -1, 0.611010, 0.364285
8, 383, 3, 1, 1, -1, 1, -1, 0.575988, 0.246000
8, 384, 1, 2, 1, -1, -1, -1, 0.610200, 0.239940
8, 385, 4, 4, 1, -1, -1, 1, 0.469902, 3.228367
8, 386, 6, 0, 1, 1, -1, 0, 0.469924, 0.230991
8, 387, 3, 2, 1, -1, -1, 1, 0.668102, 0.950596
8, 388, 6, 0, 1, 1, 1, 0, 0.570462, 0.193130
8, 389, 3, 6, 1, -1, -1, 1, 0.522596, 0.857432
8, 390, 2, 4, 1, -1, -1, -1, 0.561458, 0.501398
8, 391, 3, 2, 1, -1, 1, -1, 0.578378, 4.041112
8, 392, 4, 6, 1, -1, -1, -1, 0.547243, 0.635391
8, 393, 6, 0, 1, 1, 1, 0, 0.522147, 0.178752
8, 394, 2, 0, 1, 1, -1, 0, 0.457177, 0.197453
8, 395, 4, 0, 1, 1, -1, 0, 0.454586, 0.286642
8, 396, 3, 0, 1, 1, -1, 0, 0.523941, 0.686727
8, 397, 6, 1, 1, 1, 1, -1, 0.644444, 1.891370
8, 398, 5, 0, 1, 1, 1, 0, 0.602513, 0.290507
8, 399, 1, 3, 1, -1, -1, 1, 0.649071, 1.025885
8, 400, 2, 0, 1, 1, -1, 0, 0.470519, 0.246131
8, 401, 6, 2, 1, -1, -1, 1, 0.676018, 0.305087
8, 402, 1, 6, 1, -1, -1, -1, 0.589809, 0.226235
8, 403, 4, 0, 1, 1, 1, 0, 0.465408, 0.146313
8, 404, 2, 5, 1, -1, -1, 1, 0.610606, 0.442709
8, 405, 5, 4, 1, -1, 1, -1, 0.609667, 0.547917
8, 406, 3, 3, 1, -1, -1, 1, 0.634550, 0.231532
8, 407, 4, 2, 1, -1, -1, -1, 0.535863, 0.351319
8, 408, 5, 6, 1, -1, 1, 1, 0.575073, 0.422307
8, 409, 2, 3, 1, -1, 1, 1, 0.576294, 0.211427
8, 410, 4, 0, 1, 1, 1, 0, 0.836546, 0.277221
8, 411, 5, 0, 1, 1, 1, 0, 0.518754, 0.329787
8, 412, 5, 0, 1, 1, -1, 0, 0.430927, 0.172860
8, 413, 1, 6, 1, 1, -1, 1, 0.587730, 3.638487
8, 414, 1, 5, 1, -1, -1, -1, 0.580779, 2.555908
8, 415, 1, 0, 1, 1, -1, 0, 0.439293, 0.212713
8, 416, 3, 4, 1, -1, -1, 1, 0.633095, 0.204933
8, 417, 4, 0, 1, 1, 1, 0, 0.557242, 0.337540
8, 418, 4, 0, 1, 1, 1, 0, 0.582342, 0.217352
8, 419, 1, 0, 1, 1, 1, 0, 0.428881, 0.159534
8, 420, 1, 0, 1, 1, -1, 0, 0.483108, 0.177678
8, 421, 6, 0, 1, 1, -1, 0, 0.473916, 0.304607
8, 422, 2, 0, 1, 1, -1, 0, 0.423144, 0.198362
8, 423, 2, 0, 1, 1, 1, 0, 0.496554, 0.119178
8, 424, 4, 4, 1, -1, -1, -1, 0.455529, 0.303863
8, 425, 3, 0, 1, 1, -1, 0, 0.534201, 0.178925
8, 426, 3, 3, 1, 1, 1, -1, 0.502584, 0.481155
8, 427, 1, 2, 1, -1, -1, 1, 0.502849, 1.126594
8, 428, 6, 6, 1, -1, 1, 1, 0.482910, 0.461138
8, 429, 4, 0, 1, 1, 1, 0, 0.481635, 0.165875
8, 430, 3, 0, 1, 1, 1, 0, 0.475474, 0.231714
8, 431, 2, 0, 1, 1, -1, 0, 0.462764, 0.199554
8, 432, 1, 0, 1, 1, -1, 0, 0.502270, 0.343488
8, 433, 6, 2, 1, -1, 1, 1, 0.677775, 0.569531
8, 434, 3, 0, 1, 1, 1, 0, 0.528328, 0.351539
8, 435, 3, 0, 1, 1, -1, 0, 0.489184, 0.329722
8, 436, 3, 0, 1, 1, -1, 0, 0.971263, 0.587914
8, 437, 5, 3, 1, -1, 1, 1, 0.716903, 0.219874
8, 438, 4, 0, 1, 1, -1, 0, 0.497684, 0.205725
8, 439, 3, 5, 1, -1, -1, -1, 0.530583, 0.198173
8, 440, 6, 3, 1, -1, 1, 1, 0.502979, 0.199491
8, 441, 2, 0, 1, 1, 1, 0, 0.424713, 0.152580
8, 442, 3, 6, 1, -1, -1, -1, 0.513676, 1.289875
8, 443, 3, 1, 1, -1, -1, -1, 0.571732, 0.549151
8, 444, 4, 0, 1, 1, 1, 0, 0.523549, 0.298746
8, 445, 1, 0, 1, 1, 1, 0, 0.456380, 0.402059
8, 446, 6, 2, 1, -1, -1, -1, 0.626347, 0.232107
8, 447, 2, 5, 1, -1, -1, -1, 0.629020, 1.410858
8, 448, 5, 1, 1, -1, 1, 1, 0.707879, 0.831578
8, 449, 6, 0, 0, 1, 1, 0, 0.637389, 7.936003
8, 450, 2, 0, 1, 1, 1, 0, 0.402341, 0.278026
8, 451, 2, 4, 1, -1, -1, 1, 0.731814, 0.324116
8, 452, 3, 4, 1, -1, 1, 1, 0.560830, 0.152517
8, 453, 6, 5, 1, -1, -1, 1, 0.598029, 0.206083
8, 454, 4, 0, 1, 1, 1, 0, 0.543839, 0.271164
8, 455, 3, 2, 1, -1, -1, -1, 0.529974, 0.258093
8, 456, 3, 5, 1, -1, 1, -1, 0.570945, 0.264011
8, 457, 5, 0, 1, 1, -1, 0, 0.431872, 0.252134
8, 458, 6, 3, 1, 1, -1, -1, 0.580190, 1.095044
8, 459, 1, 0, 1, 1, -1, 0, 0.495197, 0.125985
8, 460, 6, 4, 1, 1, 1, -1, 0.613937, 0.542626
8, 461, 5, 0, 1, 1, -1, 0, 0.562305, 0.264736
8, 462, 1, 0, 1, 1, 1, 0, 0.461519, 0.297050
8, 463, 2, 3, 1, -1, 1, -1, 0.595569, 0.191290
8, 464, 3, 0, 1, 1, -1, 0, 0.517177, 0.210975
8, 465, 4, 0, 1, 1, -1, 0, 0.446350, 0.253039
8, 466, 4, 4, 1, -1, 1, 1, 0.624596, 1.609808
8, 467, 4, 5, 1, -1, 1, -1, 0.749786, 0.780733
8, 468, 1, 3, 1, -1, -1, -1, 0.633517, 0.271697
8, 469, 3, 0, 1, 1, 1, 0, 0.745935, 0.785933
8, 470, 6, 4, 1, -1, 1, 1, 0.562200, 0.540081
8, 471, 4, 1, 1, -1, 1, 1, 0.567714, 0.198554
8, 472, 4, 2, 1, -1, -1, -1, 0.502499, 0.145808
8, 473, 6, 3, 1, -1, 1, -1, 0.569870, 0.139299
8, 474, 4, 0, 1, 1, 1, 0, 0.497794, 0.211657
8, 475, 2, 0, 1, 1, 1, 0, 0.424853, 0.371280
8, 476, 2, 5, 1, -1, -1, 1, 0.596963, 0.218761
8, 477, 1, 0, 1, 1, -1, 0, 0.397611, 0.238786
8, 478, 3, 4, 1, -1, -1, 1, 0.585215, 0.165297
8, 479, 1, 4, 1, -1, 1, -1, 0.516666, 0.259518
8, 480, 1, 0, 1, 1, -1, 0, 0.496041, 0.158964
8, 481, 2, 0, 1, 1, -1, 0, 0.385470, 0.185120
8, 482, 2, 6, 1, -1, 1, 1, 0.554027, 0.218336
8, 483, 4, 0, 1, 1, -1, 0, 0.451756, 0.391214
8, 484, 6, 0, 1, 1, -1, 0, 0.462046, 0.277530
8, 485, 5, 1, 1, -1, 1, -1, 0.693553, 0.257327
8, 486, 1, 0, 1, 1, -1, 0, 0.490318, 0.211959
8, 487, 6, 3, 0, -1, -1, -1, 0.579003, 2.078894
8, 488, 6, 0, 1, 1, 1, 0, 0.556816, 0.258142
8, 489, 1, 1, 1, -1, -1, 1, 0.588607, 0.145864
8, 490, 6, 0, 1, 1, 1, 0, 0.631635, 0.305357
8, 491, 5, 0, 1, 1, -1, 0, 0.483677, 0.152810
8, 492, 3, 0, 1, 1, -1, 0, 0.450314, 0.277418
8, 493, 6, 0, 1, 1, 1, 0, 0.603377, 0.270628
8, 494, 6, 6, 1, -1, -1, 1, 0.588572, 0.198240
8, 495, 2, 0, 1, 1, -1, 0, 0.469668, 0.138237
8, 496, 3, 3, 1, -1, -1, 1, 0.604168, 0.127076
8, 497, 1, 0, 1, 1, -1, 0, 0.455300, 0.185466
8, 498, 2, 1, 1, -1, 1, -1, 0.584273, 0.107048
8, 499, 4, 6, 1, -1, -1, 1, 0.610829, 1.520199
8, 500, 6, 0, 1, 1, -1, 0, 0.511572, 0.139648
8, 501, 1, 1, 1, -1, -1, -1, 0.575200, 0.193205
8, 502, 4, 0, 1, 1, 1, 0, 0.680991, 0.218709
8, 503, 6, 5, 1, -1, -1, 1, 0.496602, 0.053915
8, 504, 1, 3, 1, -1, -1, 1, 0.656330, 0.305694
8, 505, 2, 0, 1, 1, -1, 0, 0.469597, 0.126024
8, 506, 5, 0, 1, 1, -1, 0, 0.402457, 0.179030
8, 507, 3, 0, 1, 1, -1, 0, 0.466510, 0.139639
8, 508, 1, 0, 1, 1, 1, 0, 0.470683, 0.166538
8, 509, 3, 0, 1, 1, 1, 0, 0.456437, 0.152317
8, 510, 6, 0, 1, 1, 1, 0, 0.497600, 0.219214
8, 511, 1, 0, 1, 1, 1, 0, 0.384009, 0.212033
8, 512, 6, 0, 1, 1, 1, 0, 0.489330, 0.119072
8, 513, 4, 2, 1, -1, -1, 1, 0.577049, 0.199919
8, 515, 3, 0, 1, 1, 1, 0, 0.601110, 0.270511
8, 516, 4, 2, 1, -1, 1, -1, 0.604571, 0.199549
8, 517, 5, 4, 1, -1, -1, 1, 0.538542, 0.232538
8, 518, 3, 0, 1, 1, 1, 0, 0.540741, 0.874494
8, 519, 2, 5, 1, -1, -1, -1, 0.516640, 0.298147
8, 520, 2, 4, 1, -1, -1, -1, 0.619206, 0.298477
8, 521, 3, 6, 1, -1, 1, -1, 0.586673, 0.786469
8, 522, 2, 2, 1, -1, 1, -1, 0.607798, 0.904240
8, 523, 1, 0, 1, 1, 1, 0, 0.537225, 0.431667
8, 524, 3, 0, 1, 1, 1, 0, 0.530873, 0.345634
8, 525, 5, 0, 1, 1, -1, 0, 0.482671, 0.270677
8, 526, 4, 4, 1, -1, 1, 1, 0.642743, 0.186068
8, 527, 1, 2, 1, -1, -1, -1, 0.575778, 0.172153
8, 528, 1, 0, 1, 1, -1, 0, 0.485151, 0.264398
8, 529, 1, 0, 1, 1, -1, 0, 0.476917, 0.382335
8, 530, 2, 0, 1, 1, -1, 0, 0.423608, 0.381365
8, 531, 5, 0, 1, 1, -1, 0, 0.442957, 0.403455
8, 532, 5, 0, 1, 1, -1, 0, 0.436726, 0.305434
8, 533, 6, 5, 1, -1, 1, -1, 0.650005, 0.226396
8, 534, 2, 0, 1, 1, 1, 0, 0.405430, 0.244962
8, 535, 2, 3, 1, -1, -1, 1, 0.471446, 0.265136
8, 536, 1, 0, 1, 1, -1, 0, 0.429671, 0.277690
8, 537, 1, 0, 1, 1, 1, 0, 0.495662, 0.257306
8, 538, 4, 1, 1, -1, -1, -1, 0.526727, 0.191852
8, 539, 3, 5, 1, -1, 1, 1, 0.576772, 0.193008
8, 540, 2, 0, 1, 1, -1, 0, 0.456491, 0.185832
8, 541, 2, 0, 1, 1, -1, 0, 0.443387, 0.206257
8, 542, 5, 4, 1, -1, 1, 1, 0.589133, 0.120353
8, 543, 4, 4, 1, -1, -1, -1, 0.436670, 0.099899
8, 544, 6, 0, 1, -1, -1, 0, 0.470926, 0.231947
8, 545, 3, 4, 1, -1, 1, 1, 0.705746, 0.795886
8, 546, 5, 5, 1, -1, 1, 1, 0.706487, 0.402741
8, 547, 2, 4, 1, 1, 1, -1, 0.498936, 0.736320
8, 548, 4, 0, 1, 1, 1, 0, 0.775443, 0.539713
8, 549, 5, 0, 1, 1, 1, 0, 0.519320, 0.178757
8, 550, 5, 0, 1, 1, 1, 0, 0.445343, 0.198409
8, 551, 4, 6, 1, -1, 1, -1, 0.681522, 0.198646
8, 552, 1, 3, 1, -1, -1, -1, 0.556403, 0.171696
8, 553, 4, 3, 1, -1, 1, 1, 0.508442, 0.191650
8, 554, 6, 0, 1, 1, -1, 0, 0.432004, 0.563927
8, 555, 2, 1, 1, -1, 1, 1, 0.537980, 0.139981
8, 556, 6, 0, 1, 1, -1, 0, 0.423253, 0.338158
8, 557, 1, 0, 1, 1, 1, 0, 0.464562, 0.219550
8, 558, 4, 1, 1, -1, 1, 1, 0.585062, 0.173289
8, 559, 2, 0, 1, 1, 1, 0, 0.372165, 0.179606
8, 560, 3, 0, 1, 1, 1, 0, 0.536550, 0.165804
8, 561, 4, 0, 1, 1, -1, 0, 0.451180, 0.144364
8, 562, 6, 3, 1, -1, -1, 1, 0.608108, 0.085403
8, 563, 1, 0, 1, 1, -1, 0, 0.484645, 0.080447
8, 564, 5, 1, 1, 1, -1, -1, 0.515632, 0.850870
8, 565, 5, 0, 1, 1, -1, 0, 0.419381, 0.192342
8, 566, 2, 4, 1, -1, 1, 1, 0.674641, 0.429325
8, 567, 3, 1, 1, -1, -1, 1, 0.624553, 0.153795
8, 568, 3, 0, 1, 1, 1, 0, 0.469820, 0.205926
8, 569, 4, 5, 1, -1, 1, 1, 0.617842, 0.191975
8, 570, 4, 1, 1, -1, -1, 1, 0.732925, 0.330958
8, 571, 1, 0, 1, 1, -1, 0, 0.469804, 0.185797
8, 572, 5, 1, 1, -1, -1, 1, 0.623318, 0.165786
8, 573, 1, 1, 1, -1, 1, 1, 0.524273, 0.237610
8, 574, 1, 1, 1, 1, -1, -1, 0.550193, 1.499372
8, 575, 6, 6, 1, 1, 1, -1, 0.483704, 1.439299
8, 576, 3, 0, 1, 1, -1, 0, 0.583301, 0.199059
8, 577, 5, 4, 1, -1, -1, 1, 0.546011, 0.549585
8, 578, 5, 0, 1, 1, 1, 0, 0.531186, 0.193343
8, 579, 1, 0, 1, 1, 1, 0, 0.485332, 0.264596
8, 580, 6, 0, 1, 1, -1, 0, 0.451217, 0.298625
