observer, trial, targLoc, distLoc, targDiscrim, thoughtNoAttCap, tc, dc, RT, TrialTypeRT
17, 3, 1, 0, 1, 3, 1, 0, 0.872493, 0.000000
17, 4, 6, 0, 1, 3, -1, 0, 1.046175, 0.000000
17, 5, 6, 3, 0, 1, 1, -1, 0.892961, 2.607680
17, 6, 4, 3, 0, 1, 1, -1, 0.863071, 1.776115
17, 7, 4, 0, 0, 1, 1, 0, 0.642446, 1.278545
17, 8, 6, 0, 1, 1, 1, 0, 1.107024, 0.835289
17, 9, 4, 0, 0, 1, 1, 0, 1.047571, 1.538470
17, 10, 4, 1, 0, 1, 1, -1, 1.004668, 1.958792
17, 11, 4, 0, 1, 1, -1, 0, 0.709053, 0.622334
17, 12, 6, 2, 0, -1, 1, -1, 0.985252, 0.744451
17, 13, 6, 0, 1, 1, -1, 0, 0.974122, 1.150379
17, 15, 3, 6, 1, -1, -1, 1, 1.347139, 0.660016
17, 16, 5, 0, 0, 1, 1, 0, 0.852319, 0.914684
17, 18, 4, 6, 1, -1, -1, 1, 1.266466, 0.674930
17, 19, 1, 2, 1, -1, -1, -1, 1.380640, 0.908435
17, 20, 3, 0, 1, 1, 1, 0, 1.008680, 0.543364
17, 21, 6, 0, 1, 1, 1, 0, 1.011907, 0.576472
17, 22, 5, 0, 1, 1, -1, 0, 0.740547, 0.603627
17, 23, 5, 0, 0, 1, 1, 0, 0.623250, 0.819981
17, 24, 1, 3, 1, -1, 1, 1, 0.788733, 0.985985
17, 25, 6, 0, 1, 1, -1, 0, 1.485864, 0.773886
17, 26, 6, 2, 0, 1, -1, 1, 0.873995, 0.903109
17, 27, 2, 0, 1, 1, 1, 0, 1.389585, 0.704625
17, 28, 3, 0, 0, 1, 1, 0, 0.621353, 2.192382
17, 29, 6, 6, 1, -1, 1, -1, 1.466901, 0.728500
17, 30, 1, 1, 1, 3, 1, -1, 1.324152, 0.000000
17, 31, 4, 0, 1, 1, 1, 0, 0.827932, 0.529508
17, 32, 6, 0, 1, 1, 1, 0, 1.045782, 0.759757
17, 33, 1, 6, 1, -1, 1, 1, 0.617443, 1.086857
17, 34, 1, 3, 1, 1, 1, 1, 0.730794, 0.588910
17, 35, 1, 0, 0, 1, -1, 0, 0.668303, 0.484661
17, 36, 1, 6, 0, 3, -1, 1, 0.656000, 0.000000
17, 37, 5, 5, 0, -1, 1, 1, 1.005076, 1.101659
17, 38, 1, 0, 1, 1, 1, 0, 0.661483, 0.764939
17, 39, 4, 0, 1, 1, 1, 0, 0.819798, 0.726583
17, 40, 5, 3, 1, -1, -1, -1, 0.826501, 1.399582
17, 41, 4, 0, 1, 1, -1, 0, 1.147652, 0.905608
17, 42, 6, 4, 0, 1, 1, 1, 1.345878, 1.973487
17, 43, 2, 0, 1, 1, -1, 0, 0.886740, 0.846332
17, 44, 3, 3, 1, -1, -1, -1, 1.451158, 0.624615
17, 45, 2, 0, 1, 1, 1, 0, 0.732311, 0.829944
17, 46, 2, 6, 1, -1, -1, 1, 0.971368, 1.096151
17, 47, 5, 3, 1, -1, -1, 1, 0.967806, 0.577993
17, 48, 3, 4, 1, 1, 1, 1, 0.842166, 1.078554
17, 49, 1, 0, 1, 3, -1, 0, 1.334344, 0.047191
17, 50, 6, 0, 1, 1, 1, 0, 0.973046, 0.917687
17, 51, 3, 0, 1, 1, 1, 0, 0.867740, 1.264553
17, 52, 5, 5, 1, 1, -1, 1, 0.986130, 0.854015
17, 53, 3, 0, 0, 1, -1, 0, 0.997029, 2.138433
17, 54, 6, 5, 1, 1, 1, 1, 1.033385, 1.697819
17, 55, 4, 0, 1, 1, 1, 0, 1.490650, 1.075750
17, 56, 2, 3, 0, 1, -1, 1, 0.847456, 1.348842
17, 57, 5, 5, 1, 1, 1, -1, 1.121391, 0.988816
17, 58, 3, 0, 1, 1, -1, 0, 1.357134, 0.642875
17, 59, 6, 3, 0, -1, -1, 1, 0.871578, 1.104066
17, 60, 6, 4, 1, 1, -1, -1, 1.311217, 0.692052
17, 61, 3, 0, 1, 1, 1, 0, 0.716357, 1.352875
17, 62, 2, 0, 1, 1, -1, 0, 1.039413, 0.522704
17, 63, 1, 4, 1, 1, -1, -1, 1.100983, 0.764505
17, 64, 3, 0, 0, 1, 1, 0, 1.165645, 0.834086
17, 65, 2, 0, 1, 1, -1, 0, 0.614715, 0.647610
17, 66, 4, 0, 0, 1, 1, 0, 1.118295, 1.508656
17, 67, 3, 5, 1, -1, -1, 1, 1.284001, 0.555039
17, 68, 1, 2, 1, -1, -1, -1, 1.362434, 0.553009
17, 69, 3, 3, 1, 1, 1, 1, 1.159218, 0.621508
17, 71, 5, 3, 0, -1, 1, 1, 0.845941, 1.374208
17, 72, 4, 1, 1, -1, -1, 1, 1.078597, 1.004105
17, 73, 5, 0, 1, -1, -1, 0, 1.040011, 0.932861
17, 74, 4, 6, 1, -1, 1, 1, 0.978454, 0.909403
17, 75, 4, 0, 1, -1, -1, 0, 1.155802, 0.802390
17, 76, 3, 0, 1, -1, -1, 0, 0.973660, 0.682145
17, 77, 6, 2, 1, -1, 1, -1, 0.989998, 0.910736
17, 78, 3, 6, 1, -1, 1, -1, 0.947731, 2.773823
17, 79, 3, 6, 1, -1, 1, -1, 0.889144, 3.429036
17, 80, 3, 4, 1, -1, 1, -1, 1.170719, 0.722441
17, 81, 1, 6, 1, 3, -1, 1, 0.933631, 0.827408
17, 82, 3, 0, 1, 1, 1, 0, 0.841319, 0.714919
17, 83, 4, 0, 1, 1, -1, 0, 1.087230, 0.595156
17, 84, 3, 0, 1, 1, 1, 0, 0.818370, 0.529862
17, 85, 2, 0, 1, 1, -1, 0, 0.807419, 0.778531
17, 86, 3, 0, 1, 1, 1, 0, 0.852733, 0.469494
17, 87, 1, 5, 1, -1, -1, -1, 1.452330, 0.473962
17, 88, 4, 0, 1, -1, -1, 0, 0.826274, 0.416543
17, 89, 1, 0, 1, -1, 1, 0, 0.730769, 1.900618
17, 90, 3, 0, 1, 1, -1, 0, 1.023065, 0.681491
17, 91, 5, 0, 1, 1, 1, 0, 0.714248, 0.508435
17, 92, 6, 2, 1, -1, -1, -1, 1.166533, 1.071321
17, 93, 6, 1, 1, 1, -1, 1, 1.120396, 1.151417
17, 94, 3, 6, 1, 1, 1, 1, 0.910362, 0.645506
17, 95, 4, 4, 1, 1, -1, 1, 0.819580, 0.548660
17, 96, 1, 0, 1, 1, 1, 0, 0.803087, 0.549821
17, 97, 5, 5, 1, -1, -1, -1, 1.184261, 0.581607
17, 98, 6, 6, 1, -1, -1, 1, 1.110107, 1.809881
17, 99, 5, 0, 1, 1, 1, 0, 0.753237, 0.705651
17, 100, 1, 0, 1, 1, 1, 0, 0.681005, 0.887700
17, 101, 2, 5, 1, -1, 1, 1, 1.177489, 0.561507
17, 102, 2, 0, 1, 1, -1, 0, 0.747177, 0.760836
17, 103, 4, 0, 1, 1, 1, 0, 0.711093, 0.703990
17, 104, 5, 3, 1, 1, 1, 1, 1.163225, 0.522679
17, 105, 2, 5, 1, -1, -1, -1, 1.215485, 0.489185
17, 106, 5, 1, 1, -1, -1, 1, 0.888898, 0.684184
17, 107, 1, 1, 1, -1, -1, 1, 0.833822, 0.524067
17, 108, 4, 4, 1, -1, 1, -1, 0.795064, 0.995511
17, 109, 1, 0, 1, 1, 1, 0, 0.610244, 0.782278
17, 110, 1, 0, 1, 1, -1, 0, 0.740731, 0.734123
17, 111, 6, 0, 1, 1, 1, 0, 0.596907, 1.061769
17, 112, 2, 2, 1, -1, -1, -1, 1.186500, 0.529952
17, 113, 3, 1, 1, -1, 1, 1, 0.783597, 0.695352
17, 114, 4, 4, 1, -1, -1, 1, 1.110876, 0.660069
17, 115, 3, 0, 1, -1, 1, 0, 0.726012, 0.741909
17, 116, 1, 0, 1, 1, -1, 0, 0.623423, 0.516919
17, 117, 2, 3, 1, -1, 1, -1, 0.661403, 0.534492
17, 118, 4, 5, 1, -1, -1, 1, 0.917893, 1.337952
17, 119, 2, 0, 1, 1, -1, 0, 1.031798, 1.181608
17, 120, 2, 2, 1, 1, 1, -1, 0.831841, 1.129019
17, 121, 4, 0, 1, 1, 1, 0, 0.800777, 1.328602
17, 122, 1, 0, 1, 3, 1, 0, 0.720334, 0.000000
17, 123, 1, 0, 1, 1, 1, 0, 0.959720, 0.554918
17, 124, 2, 6, 1, -1, 1, 1, 0.888943, 1.563365
17, 125, 3, 4, 1, -1, -1, -1, 1.335795, 0.522648
17, 126, 1, 3, 1, 1, -1, 1, 1.408049, 0.933246
17, 127, 5, 1, 1, 1, -1, 1, 0.757343, 0.555553
17, 128, 5, 0, 1, 1, -1, 0, 0.835990, 0.405059
17, 129, 3, 0, 1, 1, -1, 0, 0.794273, 0.945582
17, 130, 5, 0, 1, 1, -1, 0, 0.702143, 0.465144
17, 131, 4, 3, 1, 1, 1, -1, 0.832067, 0.421068
17, 132, 1, 2, 1, 1, 1, -1, 0.815675, 0.438368
17, 133, 3, 2, 1, -1, 1, -1, 1.323726, 0.471670
17, 134, 6, 3, 1, -1, -1, 1, 1.405406, 0.431362
17, 135, 6, 0, 1, 1, -1, 0, 0.887325, 1.388661
17, 136, 6, 3, 1, -1, -1, -1, 1.085823, 1.751931
17, 137, 6, 6, 1, -1, 1, 1, 0.932012, 0.534025
17, 138, 2, 4, 1, -1, 1, -1, 1.054421, 0.756626
17, 140, 1, 4, 1, 1, 1, -1, 0.575658, 0.751451
17, 141, 1, 0, 1, 1, -1, 0, 0.675600, 0.719278
17, 142, 1, 4, 1, 1, -1, 1, 0.752760, 0.791941
17, 143, 6, 5, 1, -1, 1, -1, 1.003754, 0.793499
17, 144, 2, 1, 1, -1, -1, -1, 0.820664, 0.790422
17, 145, 4, 0, 1, 1, -1, 0, 0.854504, 0.762634
17, 146, 6, 1, 1, 1, -1, 1, 0.945936, 0.524662
17, 147, 2, 2, 1, 1, -1, -1, 0.953192, 0.732025
17, 148, 3, 3, 1, 3, 1, -1, 0.834685, 0.730408
17, 149, 5, 2, 1, -1, -1, -1, 1.438878, 0.510234
17, 150, 6, 1, 1, -1, 1, -1, 1.291646, 0.412367
17, 151, 5, 4, 1, -1, -1, -1, 1.163321, 0.536722
17, 152, 5, 0, 1, 1, 1, 0, 0.702107, 0.753575
17, 153, 1, 0, 1, 1, 1, 0, 0.621258, 0.819556
17, 154, 5, 6, 1, -1, -1, 1, 0.740597, 0.885112
17, 155, 6, 5, 1, -1, 1, 1, 1.223940, 2.192973
17, 156, 1, 0, 1, -1, 1, 0, 0.570028, 1.816367
17, 157, 1, 1, 1, -1, 1, -1, 0.822805, 0.671305
17, 158, 6, 1, 1, 1, 1, 1, 0.766757, 0.646810
17, 159, 2, 2, 1, 3, 1, 1, 0.694977, 0.000000
17, 160, 4, 4, 0, -1, 1, 1, 0.896540, 1.537230
17, 161, 4, 3, 1, -1, 1, 1, 1.059891, 1.591722
17, 162, 6, 0, 1, 1, 1, 0, 1.153936, 1.408171
17, 163, 5, 0, 1, 1, 1, 0, 0.801438, 0.464435
17, 164, 3, 0, 1, 1, 1, 0, 0.846867, 0.509969
17, 165, 1, 0, 1, 1, 1, 0, 0.596999, 0.503005
17, 166, 4, 0, 1, 1, -1, 0, 0.730762, 1.700254
17, 167, 2, 3, 1, -1, 1, 1, 0.702060, 0.604077
17, 168, 3, 2, 1, 1, -1, 1, 1.123378, 0.290491
17, 169, 1, 5, 1, 1, 1, 1, 1.113624, 0.536928
17, 170, 4, 6, 1, -1, -1, -1, 0.841527, 0.770180
17, 171, 4, 0, 1, 1, 1, 0, 0.789486, 1.699869
17, 172, 1, 0, 1, -1, 1, 0, 0.604920, 0.648716
17, 173, 4, 5, 1, -1, -1, 1, 1.053925, 0.445263
17, 174, 3, 4, 1, -1, -1, 1, 1.184345, 0.818805
17, 175, 1, 0, 1, 1, -1, 0, 0.743129, 0.734012
17, 176, 6, 0, 1, 1, -1, 0, 1.464595, 1.536517
17, 177, 2, 0, 1, 1, 1, 0, 0.919293, 1.098118
17, 178, 3, 0, 1, 1, 1, 0, 0.767641, 0.595359
17, 179, 1, 0, 1, 1, -1, 0, 0.668299, 0.831403
17, 180, 2, 0, 1, 1, 1, 0, 0.802168, 0.698020
17, 181, 4, 0, 1, 1, -1, 0, 0.681748, 0.525117
17, 182, 3, 0, 1, 1, 1, 0, 0.994178, 0.609771
17, 183, 6, 0, 1, 1, -1, 0, 1.267005, 0.574524
17, 184, 4, 0, 1, 1, 1, 0, 0.681064, 0.408851
17, 185, 1, 6, 1, 1, 1, -1, 0.629857, 0.915519
17, 186, 4, 5, 1, -1, 1, 1, 1.154577, 0.405384
17, 187, 4, 0, 1, -1, -1, 0, 0.755198, 0.462932
17, 188, 3, 0, 1, 1, -1, 0, 0.694871, 0.609450
17, 189, 1, 6, 1, 1, 1, -1, 1.066049, 0.609647
17, 190, 1, 0, 1, 1, -1, 0, 0.690741, 0.683437
17, 191, 3, 0, 1, 1, -1, 0, 0.893964, 0.477936
17, 192, 5, 6, 1, -1, 1, 1, 1.053201, 0.333095
17, 193, 1, 0, 1, 1, -1, 0, 0.636587, 0.790017
17, 194, 1, 0, 1, 1, 1, 0, 0.616272, 0.602416
17, 195, 6, 0, 1, 1, -1, 0, 1.048032, 1.295133
17, 196, 3, 1, 1, -1, -1, -1, 0.937488, 0.303261
17, 197, 1, 2, 1, 1, -1, 1, 0.782596, 0.551030
17, 198, 1, 4, 1, -1, 1, 1, 0.940132, 0.479680
17, 199, 6, 0, 1, 1, -1, 0, 1.098459, 0.735486
17, 200, 2, 0, 1, 1, 1, 0, 0.555242, 1.196508
17, 201, 2, 0, 1, 1, -1, 0, 0.762619, 0.578150
17, 202, 6, 5, 1, 1, -1, 1, 1.238652, 0.657296
17, 203, 2, 0, 1, 1, 1, 0, 0.522590, 0.659471
17, 204, 6, 0, 1, 1, -1, 0, 0.815721, 0.670772
17, 205, 4, 0, 1, 3, -1, 0, 0.709380, 0.000000
17, 206, 1, 4, 1, 1, -1, 1, 0.854866, 0.847550
17, 207, 2, 3, 1, 1, -1, -1, 1.008075, 0.695469
17, 208, 1, 0, 1, 1, 1, 0, 0.661598, 0.573597
17, 209, 3, 3, 1, 1, -1, -1, 0.969229, 0.458143
17, 210, 3, 0, 1, 1, 1, 0, 0.674127, 0.430926
17, 211, 4, 2, 1, 1, 1, -1, 0.786301, 0.596500
17, 212, 1, 5, 0, 1, -1, -1, 0.646962, 1.000337
17, 213, 5, 1, 1, 1, -1, -1, 0.882774, 0.485083
17, 214, 2, 0, 1, 1, 1, 0, 0.640766, 0.429270
17, 215, 5, 0, 1, 1, 1, 0, 0.576468, 0.390150
17, 216, 2, 0, 1, 1, -1, 0, 0.648790, 0.401192
17, 217, 3, 0, 1, 1, -1, 0, 1.314289, 0.501718
17, 218, 2, 5, 1, 1, 1, 1, 0.561575, 0.477716
17, 219, 1, 3, 1, 3, -1, 1, 0.672802, 0.000000
17, 220, 1, 0, 1, 1, -1, 0, 0.616901, 0.647852
17, 221, 2, 0, 1, 1, -1, 0, 0.641626, 0.508087
17, 222, 4, 5, 1, 1, -1, -1, 0.643361, 0.762420
17, 223, 4, 0, 1, 1, 1, 0, 0.607968, 0.456653
17, 224, 5, 2, 1, 1, 1, 1, 0.836161, 0.299177
17, 225, 3, 0, 1, 1, -1, 0, 0.645413, 0.456641
17, 226, 4, 1, 1, 1, 1, 1, 0.761312, 0.312808
17, 227, 4, 0, 1, 1, -1, 0, 0.800996, 0.284863
17, 228, 4, 2, 1, 1, 1, -1, 0.656520, 0.399849
17, 229, 2, 3, 1, 1, 1, -1, 0.575700, 0.508817
17, 230, 6, 6, 1, 1, 1, 1, 0.729473, 0.490558
17, 231, 3, 0, 1, 1, -1, 0, 0.796557, 0.397472
17, 232, 3, 0, 1, 1, -1, 0, 0.541664, 0.389754
17, 233, 4, 3, 1, -1, -1, -1, 0.590512, 0.781100
17, 234, 3, 0, 1, 1, 1, 0, 0.588920, 0.876030
17, 235, 5, 2, 1, 1, 1, -1, 0.701412, 0.403887
17, 236, 6, 0, 1, 1, -1, 0, 0.697082, 0.518389
17, 237, 6, 2, 1, 3, -1, 1, 0.721008, 0.000000
17, 238, 2, 2, 1, -1, -1, 1, 0.792522, 0.365068
17, 239, 1, 0, 1, -1, -1, 0, 0.683789, 0.584928
17, 240, 6, 6, 1, -1, -1, -1, 0.668992, 0.623257
17, 241, 5, 4, 1, -1, -1, -1, 0.697808, 0.385671
17, 242, 4, 0, 1, 1, 1, 0, 0.641102, 0.537249
17, 243, 2, 0, 1, 1, -1, 0, 0.608781, 0.456719
17, 244, 5, 0, 1, 1, 1, 0, 0.568432, 0.330019
17, 245, 1, 0, 1, 1, -1, 0, 0.591018, 0.385165
17, 246, 4, 3, 1, -1, -1, 1, 0.802162, 0.603306
17, 247, 3, 0, 1, 1, -1, 0, 1.272047, 0.365340
17, 248, 3, 5, 1, 1, 1, 1, 0.648146, 0.384356
17, 249, 5, 0, 1, 1, 1, 0, 0.742349, 0.351262
17, 250, 4, 0, 1, 1, 1, 0, 0.589307, 0.774238
17, 251, 2, 5, 1, -1, -1, -1, 1.134107, 0.425833
17, 252, 3, 1, 1, 1, 1, 1, 0.556131, 0.318290
17, 253, 6, 0, 1, 1, -1, 0, 0.734356, 0.469391
17, 254, 4, 0, 1, 1, -1, 0, 0.656255, 0.377911
17, 255, 2, 5, 1, 1, -1, 1, 0.677365, 0.338835
17, 256, 3, 1, 1, 1, 1, -1, 0.727673, 0.607344
17, 257, 2, 0, 1, 1, -1, 0, 0.681992, 0.338952
17, 258, 4, 5, 1, 1, -1, -1, 0.649150, 0.837138
17, 259, 5, 5, 1, 1, -1, -1, 0.785889, 0.258565
17, 260, 2, 0, 1, 1, -1, 0, 0.680116, 0.403312
17, 261, 4, 0, 0, 1, 1, 0, 0.608499, 1.452405
17, 262, 2, 0, 1, 1, 1, 0, 0.746480, 0.581474
17, 263, 1, 5, 1, 1, 1, -1, 0.551070, 0.420258
17, 264, 6, 0, 1, 1, -1, 0, 0.783986, 0.344364
17, 265, 5, 0, 1, 3, -1, 0, 0.571704, 0.000000
17, 266, 2, 1, 1, -1, 1, 1, 0.715436, 0.995845
17, 267, 3, 5, 1, 1, -1, 1, 0.805186, 0.566550
17, 268, 5, 4, 1, 1, -1, 1, 0.651182, 0.403805
17, 269, 3, 5, 1, 1, -1, -1, 0.722666, 0.385460
17, 270, 3, 6, 1, 1, -1, -1, 0.900312, 1.186066
17, 271, 2, 0, 1, 1, -1, 0, 0.649074, 0.522693
17, 272, 5, 0, 1, 1, -1, 0, 0.584794, 0.392406
17, 273, 4, 2, 1, -1, -1, -1, 0.715989, 0.892041
17, 274, 5, 2, 1, -1, 1, 1, 0.727345, 0.409852
17, 275, 2, 1, 1, 1, 1, -1, 0.482183, 0.826348
17, 276, 4, 0, 1, 1, -1, 0, 0.655585, 0.899415
17, 277, 1, 0, 1, 1, -1, 0, 0.700041, 0.948680
17, 278, 2, 0, 1, 1, -1, 0, 0.582364, 0.468639
17, 279, 2, 0, 1, 1, 1, 0, 0.852945, 0.547725
17, 280, 2, 1, 1, 1, -1, 1, 0.696093, 1.303906
17, 281, 5, 3, 1, 1, 1, -1, 0.810903, 0.312567
17, 282, 2, 5, 1, -1, -1, 1, 1.404701, 0.584660
17, 283, 1, 1, 1, -1, -1, -1, 0.588511, 0.480095
17, 284, 3, 1, 1, 1, 1, -1, 0.649479, 1.509397
17, 285, 4, 0, 1, 1, -1, 0, 0.849124, 0.505995
17, 286, 4, 6, 1, 1, 1, 1, 0.760925, 0.935417
17, 287, 3, 0, 1, 1, 1, 0, 0.721323, 0.378057
17, 288, 3, 0, 1, 1, 1, 0, 0.661425, 0.432610
17, 289, 3, 0, 1, 1, 1, 0, 0.707892, 0.471720
17, 290, 6, 6, 1, 3, -1, -1, 0.759369, 0.000000
17, 291, 2, 0, 1, 1, 1, 0, 0.549662, 0.430825
17, 292, 3, 1, 0, 1, -1, 1, 0.529806, 0.851834
17, 293, 2, 1, 1, 1, -1, 1, 0.931233, 0.252282
17, 294, 5, 0, 1, 1, -1, 0, 0.602322, 0.646694
17, 295, 6, 4, 1, 1, 1, -1, 0.578580, 0.332242
17, 296, 5, 1, 0, -1, 1, 1, 0.815281, 2.167470
17, 297, 3, 6, 0, -1, -1, 1, 0.603430, 1.007388
17, 298, 2, 5, 1, 1, 1, -1, 0.596380, 0.616759
17, 299, 4, 0, 1, 1, -1, 0, 0.623876, 0.709321
17, 300, 4, 1, 1, 1, -1, -1, 0.967885, 0.443780
17, 301, 3, 4, 1, 1, -1, -1, 0.773635, 0.716157
17, 302, 5, 0, 1, 1, 1, 0, 0.608434, 0.378147
17, 303, 4, 4, 1, 1, 1, -1, 0.702698, 0.464718
17, 304, 3, 4, 1, 1, 1, -1, 0.700557, 0.503782
17, 305, 1, 0, 1, 1, 1, 0, 0.621232, 0.851868
17, 306, 5, 6, 1, -1, -1, 1, 1.427097, 0.524530
17, 307, 2, 0, 1, -1, -1, 0, 0.675481, 0.471713
17, 308, 3, 0, 1, -1, 1, 0, 0.743697, 0.352315
17, 309, 5, 0, 1, 1, -1, 0, 0.989370, 0.523058
17, 310, 4, 0, 1, 1, -1, 0, 0.624209, 0.710443
17, 311, 5, 2, 1, 1, 1, -1, 0.640878, 0.613646
17, 312, 6, 6, 1, -1, 1, -1, 0.814096, 0.452073
17, 313, 5, 0, 1, 1, -1, 0, 1.120077, 0.967660
17, 314, 3, 5, 1, 1, 1, 1, 0.668299, 0.384743
17, 315, 4, 0, 1, 1, 1, 0, 0.594194, 0.688703
17, 316, 2, 3, 0, -1, -1, -1, 0.550707, 0.867333
17, 317, 2, 0, 1, 1, 1, 0, 0.629451, 0.417799
17, 318, 6, 0, 1, 1, -1, 0, 1.019136, 0.445827
17, 320, 2, 6, 0, -1, -1, -1, 0.798869, 1.029706
17, 321, 6, 0, 1, 3, 1, 0, 1.376323, 0.000000
17, 322, 5, 0, 1, 1, -1, 0, 0.835913, 0.439116
17, 323, 4, 0, 1, 1, -1, 0, 0.761501, 0.457545
17, 324, 2, 4, 1, -1, 1, 1, 0.848662, 0.425142
17, 325, 6, 4, 0, -1, -1, -1, 0.794771, 4.747126
17, 326, 3, 3, 0, -1, 1, 1, 1.130616, 1.494079
17, 327, 6, 0, 1, 1, 1, 0, 0.681537, 0.450203
17, 328, 4, 0, 1, 1, 1, 0, 0.597718, 0.403884
17, 329, 2, 2, 1, 3, -1, 1, 0.757024, 0.000000
17, 330, 1, 0, 1, 1, -1, 0, 0.808798, 1.839096
17, 331, 2, 0, 1, 1, -1, 0, 0.636976, 0.505972
17, 332, 3, 0, 1, 1, -1, 0, 0.657066, 0.751147
17, 333, 1, 2, 1, 1, 1, 1, 0.569775, 0.787177
17, 334, 3, 0, 1, 1, 1, 0, 0.535965, 0.384137
17, 335, 5, 6, 1, -1, 1, 1, 1.172944, 0.330866
17, 336, 6, 0, 1, 1, 1, 0, 0.610763, 0.326066
17, 337, 6, 0, 0, 1, -1, 0, 0.403691, 1.085526
17, 338, 1, 0, 1, 1, -1, 0, 0.663867, 0.571514
17, 339, 6, 0, 1, 1, -1, 0, 0.706678, 0.536489
17, 340, 4, 1, 1, 3, 1, -1, 0.636337, 0.000000
17, 341, 6, 0, 1, 1, 1, 0, 0.712944, 0.653788
17, 342, 4, 6, 1, 1, 1, -1, 0.753774, 0.897756
17, 343, 4, 0, 1, 1, 1, 0, 0.583506, 0.424626
17, 344, 4, 4, 1, 1, -1, -1, 0.668838, 0.432274
17, 345, 1, 5, 1, 1, -1, 1, 0.762364, 0.359398
17, 346, 3, 4, 1, -1, -1, 1, 0.962288, 0.630408
17, 347, 2, 0, 1, 1, 1, 0, 0.576602, 1.093235
17, 348, 3, 3, 0, 1, -1, 1, 0.728014, 0.622370
17, 349, 6, 4, 1, 1, -1, 1, 0.783191, 0.580942
17, 350, 2, 2, 1, 3, 1, -1, 0.575383, 0.000000
17, 351, 3, 5, 1, -1, 1, -1, 0.895880, 0.941710
17, 352, 6, 0, 1, 1, -1, 0, 0.795704, 0.629057
17, 353, 1, 2, 1, 1, 1, -1, 0.555744, 0.642956
17, 354, 6, 2, 1, -1, 1, 1, 1.249247, 0.304940
17, 355, 5, 0, 1, 1, -1, 0, 0.636111, 0.680144
17, 356, 2, 2, 1, 1, 1, 1, 0.498117, 0.637549
17, 357, 4, 0, 1, 1, -1, 0, 0.541570, 0.495034
17, 358, 6, 0, 1, 1, -1, 0, 0.740794, 0.537910
17, 359, 5, 0, 1, 1, -1, 0, 0.799717, 0.429774
17, 360, 1, 3, 1, 1, -1, -1, 0.761143, 0.377655
17, 361, 1, 0, 1, 1, -1, 0, 0.611239, 0.417441
17, 362, 4, 6, 1, 1, -1, -1, 0.702961, 0.411755
17, 363, 1, 6, 1, 1, -1, -1, 0.647387, 0.358951
17, 364, 6, 0, 1, 1, 1, 0, 0.641292, 0.290565
17, 365, 5, 6, 1, -1, -1, -1, 0.687594, 0.609322
17, 366, 3, 3, 1, 1, 1, -1, 0.590556, 0.612721
17, 367, 5, 3, 0, 1, 1, -1, 0.541603, 1.452078
17, 368, 1, 1, 1, -1, 1, 1, 0.801680, 0.562182
17, 369, 2, 0, 1, -1, -1, 0, 0.570352, 2.474302
17, 370, 5, 3, 1, 1, -1, 1, 0.650199, 0.775178
17, 371, 6, 3, 1, 1, 1, 1, 0.577157, 0.464758
17, 372, 2, 0, 1, 1, -1, 0, 0.564414, 0.398173
17, 373, 5, 0, 1, 1, -1, 0, 0.523778, 0.378526
17, 374, 1, 3, 1, 1, 1, -1, 0.617282, 0.350712
17, 375, 2, 0, 1, 1, 1, 0, 0.773501, 0.709385
17, 376, 1, 1, 1, 1, 1, 1, 0.821164, 0.451465
17, 377, 5, 0, 1, 1, 1, 0, 0.676907, 0.462459
17, 378, 3, 6, 1, 1, 1, 1, 0.615813, 0.505477
17, 379, 1, 0, 1, 1, 1, 0, 0.529258, 1.932627
17, 380, 1, 6, 1, 1, 1, 1, 0.504360, 0.365443
17, 381, 4, 2, 1, 1, 1, 1, 0.576599, 0.418484
17, 382, 2, 6, 1, 1, -1, -1, 0.568355, 0.477516
17, 383, 4, 0, 1, 1, -1, 0, 0.554328, 0.337682
17, 384, 4, 3, 1, 1, -1, 1, 0.576160, 0.330813
17, 385, 1, 0, 1, 1, 1, 0, 0.510260, 0.390606
17, 386, 2, 0, 1, 1, 1, 0, 0.477518, 0.509729
17, 387, 3, 0, 1, 1, -1, 0, 0.661727, 0.423574
17, 388, 6, 0, 1, 1, 1, 0, 0.636006, 0.603818
17, 389, 3, 5, 1, -1, -1, -1, 0.590863, 0.470600
17, 390, 1, 0, 1, 1, -1, 0, 0.511564, 1.106837
17, 391, 2, 0, 1, 1, -1, 0, 0.483188, 0.398945
17, 392, 4, 0, 1, 1, 1, 0, 0.511423, 0.312422
17, 393, 5, 0, 1, 1, 1, 0, 0.577021, 0.383224
17, 394, 5, 0, 1, 1, -1, 0, 0.588693, 0.628565
17, 395, 1, 3, 1, 1, -1, -1, 0.808727, 0.551282
17, 396, 3, 2, 1, 1, 1, 1, 0.463364, 0.363504
17, 397, 6, 2, 1, -1, -1, -1, 0.568801, 0.812172
17, 398, 1, 2, 1, 1, -1, 1, 0.750043, 0.311755
17, 399, 2, 0, 1, 1, 1, 0, 0.516138, 0.501899
17, 400, 5, 0, 1, 1, -1, 0, 0.675878, 0.338257
17, 401, 1, 0, 1, 1, -1, 0, 0.523253, 0.928976
17, 402, 5, 0, 1, 1, -1, 0, 0.555915, 0.317094
17, 403, 1, 0, 1, 1, -1, 0, 0.603021, 0.284925
17, 404, 6, 0, 1, 1, -1, 0, 0.615337, 0.344830
17, 405, 5, 0, 1, 3, 1, 0, 0.795902, 0.000000
17, 406, 1, 0, 1, 1, -1, 0, 0.670402, 0.279354
17, 407, 3, 4, 1, -1, 1, 1, 0.853401, 0.444621
17, 408, 4, 0, 1, 1, 1, 0, 0.807836, 0.450422
17, 409, 5, 0, 1, 1, -1, 0, 0.556830, 0.391148
17, 410, 6, 0, 1, 1, 1, 0, 0.708433, 1.032428
17, 411, 5, 0, 1, 1, -1, 0, 0.522971, 0.516840
17, 412, 2, 0, 1, 1, 1, 0, 0.469137, 0.463071
17, 413, 1, 2, 1, -1, 1, 1, 1.081230, 0.279698
17, 414, 4, 2, 1, -1, 1, 1, 0.786957, 0.708571
17, 415, 5, 0, 1, 1, -1, 0, 0.722191, 0.445186
17, 416, 3, 0, 1, 1, -1, 0, 0.830108, 0.385825
17, 417, 5, 0, 1, 1, 1, 0, 0.477289, 0.805448
17, 418, 1, 0, 1, 1, -1, 0, 0.537278, 0.523938
17, 419, 3, 0, 1, 1, 1, 0, 0.590384, 0.342426
17, 420, 1, 4, 1, -1, 1, -1, 0.556673, 0.582480
17, 421, 6, 0, 1, 1, 1, 0, 0.662220, 0.352407
17, 422, 4, 3, 1, -1, 1, 1, 0.746418, 1.033286
17, 423, 5, 0, 1, 1, 1, 0, 0.648416, 0.317691
17, 424, 5, 0, 1, 1, 1, 0, 0.571333, 0.484846
17, 425, 1, 5, 0, 3, -1, 1, 0.920565, 0.000000
17, 426, 1, 6, 1, -1, -1, -1, 0.808598, 0.358553
17, 427, 3, 0, 1, 1, -1, 0, 0.688949, 0.389786
17, 428, 6, 1, 1, 1, -1, -1, 0.576354, 0.316164
17, 429, 5, 0, 1, 1, -1, 0, 0.646384, 0.450686
17, 430, 4, 4, 1, -1, 1, 1, 0.795241, 0.714015
17, 431, 3, 0, 1, 1, -1, 0, 0.675096, 0.409936
17, 432, 5, 1, 1, -1, -1, -1, 0.840303, 0.580148
17, 433, 1, 0, 1, -1, 1, 0, 0.518164, 0.598273
17, 434, 3, 2, 1, 1, -1, -1, 0.754434, 0.721304
17, 435, 6, 6, 1, 1, -1, 1, 1.270712, 1.026345
17, 436, 2, 0, 1, 1, -1, 0, 0.744805, 0.697651
17, 437, 5, 4, 0, 3, 1, -1, 0.874561, 0.708759
17, 438, 6, 0, 1, 1, 1, 0, 0.683379, 0.364269
17, 439, 6, 0, 1, 1, 1, 0, 0.510937, 0.291608
17, 440, 3, 0, 1, 1, -1, 0, 0.668943, 0.365161
17, 441, 6, 0, 1, 1, -1, 0, 0.655545, 0.385408
17, 442, 6, 2, 1, -1, 1, 1, 1.236557, 0.352151
17, 443, 2, 4, 1, -1, -1, -1, 0.781941, 0.907337
17, 444, 6, 0, 1, 1, -1, 0, 0.687294, 0.450974
17, 445, 6, 0, 1, 1, 1, 0, 0.647501, 0.844665
17, 446, 5, 1, 1, -1, 1, 1, 0.730482, 0.550944
17, 447, 5, 0, 1, 1, -1, 0, 0.576934, 1.005719
17, 448, 5, 0, 1, 1, 1, 0, 0.584811, 0.691424
17, 449, 4, 3, 1, 1, -1, -1, 0.644205, 0.491758
17, 450, 1, 0, 0, 3, -1, 0, 0.602630, 0.000000
17, 451, 6, 5, 1, -1, -1, 1, 1.139191, 0.777523
17, 452, 5, 2, 1, -1, -1, 1, 0.740519, 1.091451
17, 453, 4, 0, 1, 1, -1, 0, 0.710756, 0.359663
17, 454, 5, 6, 1, -1, -1, -1, 1.103886, 0.303749
17, 455, 1, 1, 1, 1, -1, 1, 0.614818, 0.826422
17, 456, 1, 0, 1, 1, 1, 0, 0.536469, 0.319053
17, 457, 4, 0, 1, 1, 1, 0, 0.803323, 0.378025
17, 458, 6, 5, 1, 1, -1, -1, 0.703567, 0.403167
17, 459, 2, 6, 1, 1, 1, 1, 0.590737, 0.503392
17, 460, 1, 0, 1, 1, 1, 0, 0.491600, 0.489409
17, 461, 1, 0, 1, 1, 1, 0, 0.450311, 0.338627
17, 462, 2, 0, 1, 1, 1, 0, 0.463173, 0.429696
17, 463, 6, 1, 1, -1, 1, 1, 1.053772, 0.345142
17, 464, 4, 0, 0, 1, 1, 0, 0.436262, 0.805532
17, 465, 4, 0, 1, 1, 1, 0, 0.504193, 0.498373
17, 466, 2, 0, 1, 1, -1, 0, 0.603340, 0.257732
17, 467, 4, 2, 1, -1, -1, 1, 0.873378, 0.861770
17, 468, 5, 5, 1, -1, 1, 1, 0.648994, 0.917643
17, 469, 2, 0, 1, 1, -1, 0, 0.609953, 0.913982
17, 470, 6, 0, 1, 3, -1, 0, 0.701892, 0.000000
17, 471, 1, 3, 1, 1, 1, -1, 0.939298, 0.395720
17, 472, 6, 4, 1, 1, 1, -1, 0.596226, 0.185992
17, 473, 3, 0, 0, 1, -1, 0, 0.915682, 0.760048
17, 474, 2, 1, 1, -1, 1, -1, 0.662669, 0.522602
17, 475, 4, 2, 0, -1, -1, -1, 1.037616, 0.748925
17, 476, 3, 1, 1, 1, -1, 1, 0.782599, 0.463899
17, 477, 2, 4, 0, 1, -1, -1, 0.491662, 0.947106
17, 478, 3, 0, 1, 1, -1, 0, 0.935182, 0.351856
17, 479, 5, 0, 1, 1, 1, 0, 0.728341, 0.292274
17, 480, 2, 6, 1, 1, 1, -1, 0.689505, 0.445659
17, 481, 6, 0, 1, 1, 1, 0, 0.574952, 0.242994
17, 482, 3, 2, 1, -1, 1, 1, 0.583323, 0.431309
17, 483, 2, 4, 1, 1, -1, 1, 0.827804, 0.219111
17, 484, 6, 4, 1, 1, -1, 1, 0.761431, 0.581293
17, 485, 6, 3, 1, -1, -1, -1, 0.824043, 1.291753
17, 486, 5, 0, 1, 1, 1, 0, 0.549456, 0.536343
17, 487, 1, 1, 1, -1, -1, -1, 0.712656, 0.304443
17, 488, 2, 0, 1, 1, -1, 0, 0.548387, 0.469030
17, 489, 3, 5, 1, 1, 1, -1, 0.654530, 0.383559
17, 490, 3, 2, 1, -1, -1, -1, 1.117366, 0.363960
17, 491, 5, 2, 1, -1, -1, -1, 0.940917, 0.298035
17, 492, 3, 2, 1, 1, -1, 1, 1.445278, 0.140503
17, 493, 6, 0, 1, 1, 1, 0, 0.728179, 0.538164
17, 494, 6, 5, 1, -1, 1, -1, 1.008077, 0.412376
17, 495, 1, 0, 1, 1, 1, 0, 0.607880, 0.421790
17, 496, 4, 6, 1, -1, 1, -1, 0.887986, 0.841797
17, 497, 2, 3, 1, 1, 1, 1, 0.641903, 0.276367
17, 498, 1, 0, 1, 1, -1, 0, 0.634036, 0.550265
17, 499, 2, 0, 1, 1, 1, 0, 0.502755, 0.352991
17, 500, 3, 3, 1, -1, -1, 1, 1.130236, 0.219923
17, 501, 4, 0, 1, 1, -1, 0, 0.667272, 0.332148
17, 502, 2, 0, 1, 1, 1, 0, 0.416356, 0.331642
17, 503, 6, 1, 1, -1, 1, -1, 1.228688, 0.220551
17, 504, 1, 0, 1, 1, -1, 0, 0.580570, 0.443585
17, 505, 3, 0, 1, 1, -1, 0, 1.366001, 0.186311
17, 506, 6, 3, 1, -1, 1, 1, 1.093244, 0.292906
17, 507, 2, 0, 1, 1, 1, 0, 0.517719, 0.339480
17, 508, 2, 0, 1, 1, 1, 0, 0.514901, 0.398451
17, 509, 4, 0, 1, 1, -1, 0, 0.561464, 0.318667
17, 510, 2, 0, 1, 1, 1, 0, 0.402679, 0.422885
17, 511, 3, 2, 1, 1, 1, -1, 1.086239, 0.187110
17, 512, 6, 0, 1, 1, 1, 0, 0.769432, 0.312044
17, 513, 3, 1, 0, -1, -1, -1, 0.562687, 0.746989
17, 514, 2, 4, 1, 1, 1, 1, 0.569556, 0.668263
17, 515, 6, 0, 1, 1, 1, 0, 0.754035, 0.331654
17, 516, 4, 5, 0, 1, 1, 1, 1.114609, 0.628195
17, 517, 4, 0, 1, 1, 1, 0, 0.596372, 0.419294
17, 518, 5, 0, 1, 1, -1, 0, 0.489640, 0.423516
17, 519, 5, 4, 1, 1, 1, 1, 0.582897, 0.389325
17, 520, 4, 0, 1, 1, -1, 0, 0.677145, 0.438385
17, 521, 5, 2, 1, -1, -1, 1, 0.695565, 0.707178
17, 522, 5, 4, 1, -1, 1, -1, 0.835519, 0.552234
17, 523, 1, 0, 1, 1, 1, 0, 0.562356, 0.298825
17, 524, 6, 3, 1, -1, 1, -1, 0.814324, 0.702158
17, 525, 3, 0, 1, 1, 1, 0, 0.614988, 0.730509
17, 526, 5, 0, 1, 1, 1, 0, 0.569440, 0.371268
17, 527, 4, 0, 1, 1, -1, 0, 0.690539, 0.550373
17, 528, 1, 0, 1, 1, 1, 0, 0.873520, 0.370492
17, 529, 4, 5, 1, -1, 1, -1, 0.953788, 0.305419
17, 530, 2, 6, 1, -1, -1, 1, 0.758405, 0.358290
17, 531, 6, 4, 1, -1, 1, 1, 1.008425, 0.751027
17, 532, 5, 0, 1, 1, 1, 0, 0.615280, 0.569384
17, 533, 5, 0, 1, 1, 1, 0, 0.564220, 0.259161
17, 534, 1, 4, 0, -1, -1, -1, 0.504608, 0.642897
17, 535, 5, 5, 1, 1, -1, 1, 0.793499, 0.503285
17, 536, 2, 6, 1, 1, 1, -1, 0.682748, 0.160138
17, 537, 6, 0, 1, 1, 1, 0, 0.588736, 0.304694
17, 538, 2, 0, 1, 1, 1, 0, 0.470797, 0.345314
17, 539, 2, 4, 1, 1, -1, 1, 0.747575, 0.205996
17, 540, 4, 4, 1, 1, -1, -1, 0.708861, 0.251728
17, 541, 1, 5, 1, 1, 1, 1, 0.598392, 0.312028
17, 542, 5, 0, 1, 1, -1, 0, 0.909206, 0.505646
17, 543, 2, 0, 1, 1, 1, 0, 0.581743, 0.442240
17, 544, 4, 1, 1, 1, -1, 1, 0.800767, 0.258997
17, 545, 1, 5, 1, 1, 1, -1, 0.496270, 0.258317
17, 546, 3, 0, 1, 1, -1, 0, 0.622800, 0.258072
17, 547, 5, 0, 1, 1, -1, 0, 0.505275, 0.259809
17, 548, 6, 0, 1, 1, -1, 0, 0.653067, 0.286420
17, 549, 6, 0, 1, 1, -1, 0, 0.609063, 0.232820
17, 550, 6, 0, 1, 1, 1, 0, 0.490690, 0.271000
17, 551, 2, 1, 1, 1, 1, 1, 0.629855, 0.934615
17, 552, 3, 0, 1, 1, 1, 0, 0.575812, 0.291119
17, 553, 2, 4, 1, 1, 1, -1, 0.431151, 0.270906
17, 554, 4, 0, 1, 1, 1, 0, 0.522643, 0.284876
17, 555, 6, 0, 1, 1, 1, 0, 0.513984, 0.356049
17, 556, 5, 0, 1, 1, 1, 0, 0.588524, 0.317561
17, 557, 2, 0, 1, 1, -1, 0, 0.686780, 0.218906
17, 558, 4, 1, 1, 1, 1, 1, 0.551701, 0.448106
17, 559, 5, 5, 1, -1, 1, -1, 0.967688, 0.631371
17, 560, 6, 5, 1, 1, -1, -1, 0.714545, 0.345399
17, 561, 6, 1, 1, 1, -1, -1, 0.710602, 0.664283
17, 562, 4, 6, 0, -1, -1, 1, 0.717878, 0.801573
17, 563, 1, 4, 1, 1, 1, 1, 0.590351, 2.589160
17, 564, 4, 1, 1, 1, -1, -1, 0.774666, 0.366219
17, 565, 3, 0, 1, 3, 1, 0, 0.642903, 0.000000
17, 566, 3, 0, 1, 1, -1, 0, 0.750219, 0.438499
17, 567, 5, 4, 1, -1, 1, 1, 0.829295, 0.213158
17, 568, 5, 6, 1, 1, 1, -1, 0.646548, 0.947472
17, 569, 2, 5, 1, -1, 1, -1, 1.034123, 0.205994
17, 570, 5, 1, 1, -1, 1, -1, 1.145060, 0.322863
17, 571, 2, 3, 0, -1, -1, 1, 0.993806, 0.324802
17, 572, 3, 0, 1, 1, 1, 0, 0.714798, 0.146302
17, 573, 2, 1, 0, -1, -1, -1, 0.893196, 1.076460
17, 574, 3, 6, 1, -1, -1, -1, 0.780614, 0.669234
17, 575, 5, 3, 1, 1, -1, -1, 0.639184, 1.249701
17, 576, 3, 0, 1, 1, -1, 0, 0.865676, 0.173037
17, 577, 5, 6, 1, 1, 1, -1, 0.667571, 0.160048
17, 578, 5, 4, 1, 1, -1, 1, 0.695030, 0.166578
17, 579, 5, 1, 1, -1, 1, -1, 0.827915, 0.509145
17, 580, 6, 0, 1, 1, -1, 0, 0.935311, 0.298954
17, 581, 4, 2, 1, -1, -1, 1, 1.354354, 0.391788
17, 582, 5, 0, 1, 1, 1, 0, 0.651012, 0.319136
17, 583, 4, 5, 1, 1, 1, -1, 0.670169, 0.955568
