observer, trial, targLoc, distLoc, targDiscrim, thoughtNoAttCap, tc, dc, RT, TrialTypeRT
13, 2, 6, 5, 1, -1, -1, -1, 1.061640, 10.288546
13, 3, 3, 1, 1, 1, -1, -1, 0.877773, 2.393168
13, 4, 1, 0, 1, 1, -1, 0, 0.761007, 0.977427
13, 5, 6, 5, 0, -1, -1, -1, 0.727466, 3.089121
13, 6, 3, 3, 1, 1, 1, -1, 0.710325, 1.568272
13, 7, 3, 0, 1, 1, 1, 0, 0.886279, 0.753274
13, 8, 2, 1, 1, -1, 1, 1, 0.733748, 3.047202
13, 9, 3, 0, 1, 1, 1, 0, 0.906460, 1.101181
13, 10, 5, 0, 1, 1, -1, 0, 0.719239, 0.481250
13, 11, 2, 1, 1, 1, 1, -1, 0.591239, 0.639536
13, 12, 1, 5, 1, 1, -1, -1, 0.607469, 0.460793
13, 13, 3, 3, 1, 1, -1, -1, 0.506608, 0.717153
13, 14, 6, 0, 1, 1, -1, 0, 0.665768, 0.633905
13, 15, 1, 0, 1, 1, -1, 0, 0.545321, 0.419460
13, 16, 5, 0, 1, 1, 1, 0, 0.633539, 0.388503
13, 17, 5, 6, 1, 1, -1, 1, 0.940976, 1.458864
13, 18, 4, 3, 1, -1, 1, 1, 1.309302, 1.235103
13, 19, 1, 5, 1, 1, 1, -1, 0.638496, 0.487059
13, 20, 3, 0, 1, 1, -1, 0, 0.506017, 0.793579
13, 21, 2, 3, 1, 1, 1, 1, 0.535460, 0.300336
13, 22, 3, 0, 1, 1, 1, 0, 0.520864, 0.419381
13, 23, 4, 2, 1, 1, -1, 1, 1.030252, 1.823438
13, 24, 1, 5, 1, 1, 1, 1, 0.578001, 0.591135
13, 25, 6, 0, 1, 1, -1, 0, 0.773070, 0.473153
13, 26, 1, 2, 1, -1, -1, -1, 1.164490, 0.783350
13, 27, 6, 6, 1, 1, -1, 1, 0.645302, 0.905460
13, 28, 5, 0, 1, 1, -1, 0, 0.639964, 0.725165
13, 29, 6, 0, 1, 1, -1, 0, 0.624989, 0.686133
13, 30, 3, 0, 1, 1, -1, 0, 0.692585, 0.567274
13, 31, 2, 0, 1, 1, -1, 0, 0.607535, 0.714245
13, 32, 1, 2, 1, 1, 1, -1, 0.627199, 0.665476
13, 33, 1, 0, 1, 1, 1, 0, 0.666109, 0.440403
13, 34, 1, 6, 1, 1, -1, -1, 0.600416, 0.559128
13, 35, 4, 1, 1, 1, -1, -1, 1.212465, 0.713855
13, 36, 2, 0, 1, 1, 1, 0, 0.613758, 0.703407
13, 37, 5, 0, 1, 1, 1, 0, 0.538590, 0.564586
13, 38, 1, 0, 1, 1, -1, 0, 0.573000, 0.548498
13, 39, 1, 4, 1, 1, -1, -1, 0.824487, 0.432168
13, 40, 4, 2, 1, 1, -1, -1, 0.532335, 0.553857
13, 41, 3, 0, 1, 1, 1, 0, 0.633181, 0.444744
13, 42, 4, 0, 1, 1, -1, 0, 0.527099, 0.463894
13, 43, 5, 0, 1, 1, 1, 0, 0.567459, 0.532657
13, 44, 6, 0, 1, 1, 1, 0, 0.592827, 0.445264
13, 45, 1, 2, 1, -1, -1, 1, 0.678515, 2.021864
13, 46, 6, 3, 1, 1, -1, 1, 0.737630, 0.692769
13, 47, 5, 4, 1, 1, 1, -1, 0.705131, 0.539244
13, 48, 6, 0, 1, 1, 1, 0, 0.617786, 0.526400
13, 49, 1, 1, 1, 1, 1, 1, 0.607217, 0.494255
13, 50, 3, 2, 1, -1, 1, 1, 1.315396, 0.843218
13, 51, 5, 2, 1, -1, -1, 1, 0.969228, 0.540933
13, 52, 4, 0, 1, 1, -1, 0, 0.656770, 0.492988
13, 53, 3, 0, 1, 1, -1, 0, 0.566292, 0.380584
13, 54, 6, 5, 1, -1, 1, -1, 0.781878, 0.399404
13, 55, 2, 4, 1, 1, -1, 1, 0.760184, 0.567341
13, 56, 3, 0, 1, 1, 1, 0, 0.659036, 0.477552
13, 57, 5, 0, 1, 1, 1, 0, 0.573477, 0.574576
13, 58, 5, 3, 1, 1, 1, 1, 0.678280, 0.499015
13, 59, 6, 0, 1, 1, -1, 0, 0.738097, 0.791730
13, 60, 5, 0, 1, 1, 1, 0, 0.625839, 0.551830
13, 61, 2, 6, 1, 1, 1, -1, 0.687531, 0.419522
13, 62, 5, 5, 1, 1, 1, -1, 0.664859, 0.439420
13, 63, 5, 0, 1, 1, -1, 0, 0.579680, 0.459635
13, 64, 2, 0, 1, 1, -1, 0, 0.505313, 0.420892
13, 65, 4, 4, 1, 1, 1, 1, 0.560833, 0.380200
13, 66, 6, 6, 1, 1, 1, 1, 0.702936, 0.501348
13, 67, 2, 3, 1, 1, -1, 1, 0.615838, 0.470671
13, 68, 2, 2, 1, 1, 1, -1, 0.551245, 0.426623
13, 69, 6, 0, 1, 1, 1, 0, 0.658251, 0.360689
13, 70, 4, 0, 1, 1, 1, 0, 0.665399, 0.340217
13, 71, 2, 0, 1, 1, -1, 0, 0.559154, 0.280734
13, 72, 2, 0, 1, 1, 1, 0, 0.568676, 0.281326
13, 73, 4, 0, 1, 1, -1, 0, 0.546933, 0.220266
13, 74, 4, 0, 1, 1, -1, 0, 0.440843, 0.253682
13, 75, 1, 4, 1, 1, -1, 1, 0.705555, 0.299947
13, 76, 5, 0, 1, 1, 1, 0, 0.533170, 0.315546
13, 77, 4, 5, 1, 1, 1, 1, 0.634908, 0.308481
13, 78, 1, 5, 1, 1, -1, 1, 0.665076, 0.339081
13, 79, 3, 0, 1, 1, 1, 0, 0.625495, 0.267073
13, 80, 2, 0, 1, 1, 1, 0, 0.552076, 0.280731
13, 81, 3, 4, 1, 1, -1, 1, 0.608042, 0.281516
13, 82, 6, 0, 1, 1, 1, 0, 0.532636, 0.279086
13, 83, 3, 1, 1, 1, 1, -1, 0.551797, 0.358240
13, 84, 1, 0, 1, 1, 1, 0, 0.600714, 0.413686
13, 85, 1, 0, 1, 1, -1, 0, 0.560183, 0.260814
13, 86, 5, 0, 1, 1, 1, 0, 0.566446, 0.259484
13, 87, 3, 5, 1, 1, 1, -1, 0.638447, 0.279815
13, 88, 6, 0, 1, 1, 1, 0, 0.460318, 0.253577
13, 89, 2, 0, 1, 1, -1, 0, 0.547116, 0.293018
13, 90, 6, 1, 1, 1, 1, -1, 0.672884, 0.346558
13, 91, 6, 0, 1, 1, 1, 0, 0.481108, 0.261657
13, 92, 6, 0, 1, 1, -1, 0, 0.553521, 0.266776
13, 93, 5, 6, 1, 1, 1, 1, 0.623828, 0.286393
13, 94, 1, 1, 1, -1, -1, 1, 1.122216, 0.493071
13, 95, 2, 4, 1, -1, -1, 1, 0.952306, 0.885753
13, 96, 3, 4, 1, 1, -1, -1, 0.591321, 0.413079
13, 97, 5, 2, 1, 1, 1, 1, 0.726526, 0.366301
13, 98, 3, 6, 1, 1, -1, 1, 0.772932, 0.548168
13, 99, 3, 0, 1, 1, -1, 0, 0.605888, 0.395429
13, 100, 1, 6, 1, 1, 1, 1, 0.831416, 0.527756
13, 101, 6, 0, 1, 1, 1, 0, 0.683464, 0.546400
13, 102, 1, 0, 1, 1, 1, 0, 0.567396, 0.387631
13, 103, 4, 3, 1, 1, 1, -1, 0.819212, 0.314771
13, 104, 2, 0, 1, 1, -1, 0, 0.607431, 0.665114
13, 105, 1, 0, 1, 1, -1, 0, 0.506138, 0.508006
13, 106, 5, 2, 1, 1, 1, -1, 0.560824, 0.273373
13, 107, 2, 1, 1, 1, 1, -1, 0.720038, 0.234316
13, 108, 5, 3, 1, 1, -1, 1, 0.690669, 0.346214
13, 109, 2, 0, 1, 1, -1, 0, 0.393265, 0.432264
13, 110, 1, 4, 1, 1, 1, -1, 0.527206, 0.233489
13, 111, 4, 0, 1, 1, -1, 0, 0.571781, 0.332754
13, 112, 3, 4, 1, 1, 1, -1, 0.565168, 0.100886
13, 113, 2, 4, 1, 1, -1, -1, 0.615432, 0.457899
13, 114, 1, 3, 1, 1, 1, -1, 0.446602, 0.254345
13, 115, 3, 5, 1, 1, -1, -1, 0.513563, 0.227243
13, 116, 4, 2, 1, 1, 1, 1, 0.718734, 0.274305
13, 117, 2, 3, 1, 1, 1, -1, 0.586311, 0.305861
13, 118, 5, 5, 1, -1, -1, 1, 1.251003, 0.747599
13, 119, 6, 0, 1, 1, 1, 0, 0.572194, 0.339855
13, 120, 2, 6, 1, 1, -1, 1, 0.760275, 0.215400
13, 121, 3, 0, 1, 1, -1, 0, 0.600968, 0.261861
13, 122, 3, 0, 1, 1, -1, 0, 0.453593, 0.265577
13, 123, 1, 0, 1, 1, 1, 0, 0.459394, 0.221325
13, 124, 2, 0, 1, 1, -1, 0, 0.500518, 0.419774
13, 125, 3, 4, 1, 1, 1, -1, 0.559906, 0.233396
13, 126, 4, 0, 1, 1, 1, 0, 0.519716, 0.181286
13, 127, 4, 0, 1, 1, -1, 0, 0.540026, 0.220490
13, 128, 4, 6, 1, -1, 1, -1, 0.912524, 0.893129
13, 129, 5, 0, 1, 1, 1, 0, 0.566179, 0.127636
13, 130, 1, 0, 1, 1, 1, 0, 0.513452, 0.246474
13, 131, 4, 0, 1, 1, 1, 0, 0.574531, 0.273520
13, 132, 3, 3, 1, -1, 1, 1, 1.265118, 0.493432
13, 133, 1, 0, 1, 1, -1, 0, 0.606592, 0.300620
13, 134, 6, 3, 1, 1, -1, -1, 0.839033, 0.324795
13, 135, 3, 0, 1, 1, 1, 0, 0.566363, 0.525777
13, 136, 6, 3, 1, 1, 1, -1, 0.768376, 0.226861
13, 137, 1, 6, 1, 1, -1, 1, 0.699012, 0.246441
13, 138, 2, 6, 1, 1, 1, -1, 0.804507, 0.347395
13, 139, 4, 5, 1, 1, -1, -1, 0.787273, 0.441786
13, 140, 3, 0, 1, 1, -1, 0, 0.672046, 0.433983
13, 141, 2, 4, 1, 1, 1, 1, 0.865792, 0.220666
13, 142, 2, 4, 1, 1, -1, -1, 0.644974, 0.260640
13, 143, 6, 0, 1, 1, 1, 0, 0.532484, 0.385141
13, 144, 6, 5, 1, 1, 1, -1, 0.760239, 0.325362
13, 145, 1, 6, 1, 1, 1, -1, 0.625744, 0.273969
13, 146, 5, 0, 1, 1, 1, 0, 0.490433, 0.279339
13, 147, 4, 0, 1, 1, 1, 0, 0.499399, 0.307049
13, 148, 3, 4, 1, 1, -1, 1, 0.566450, 0.268927
13, 149, 4, 0, 1, 1, -1, 0, 0.483616, 0.299675
13, 150, 4, 6, 1, 1, -1, 1, 0.521046, 0.514127
13, 151, 1, 0, 1, 1, 1, 0, 0.540350, 0.248315
13, 152, 1, 0, 1, 1, -1, 0, 0.518770, 0.300625
13, 153, 2, 3, 1, 1, -1, -1, 0.595310, 0.226586
13, 154, 5, 0, 1, 1, -1, 0, 0.527861, 0.401334
13, 155, 3, 0, 1, 1, -1, 0, 0.485012, 0.253516
13, 156, 3, 2, 1, 1, -1, 1, 0.632413, 0.346093
13, 157, 1, 3, 1, 1, -1, -1, 0.691191, 0.445451
13, 158, 6, 6, 1, 3, -1, -1, 0.619185, 0.340096
13, 159, 1, 0, 1, 1, -1, 0, 0.378626, 0.479983
13, 160, 1, 0, 1, 1, 1, 0, 0.617296, 0.260900
13, 161, 5, 5, 1, -1, 1, 1, 0.791535, 0.374363
13, 162, 6, 0, 1, 1, -1, 0, 0.593778, 0.260702
13, 163, 5, 0, 1, 1, -1, 0, 0.505870, 0.281658
13, 164, 4, 6, 1, 1, 1, -1, 0.555305, 0.241135
13, 165, 6, 0, 1, 1, 1, 0, 0.578673, 0.207207
13, 166, 6, 4, 1, 1, -1, -1, 0.505975, 0.226188
13, 167, 2, 0, 1, 1, -1, 0, 0.519404, 0.246958
13, 168, 2, 0, 1, 1, 1, 0, 0.457545, 0.373319
13, 169, 1, 0, 1, 1, 1, 0, 0.426871, 0.307233
13, 170, 4, 2, 1, -1, 1, 1, 0.586033, 0.860240
13, 171, 5, 1, 1, 1, 1, 1, 0.679306, 0.448102
13, 172, 4, 0, 1, 1, 1, 0, 0.678959, 0.335564
13, 173, 5, 0, 1, 1, -1, 0, 0.641109, 0.155005
13, 174, 1, 0, 1, 1, -1, 0, 0.552520, 0.141376
13, 175, 4, 4, 1, 1, 1, 1, 0.805284, 0.166875
13, 176, 4, 3, 1, 1, -1, 1, 0.616335, 0.174967
13, 177, 5, 0, 1, 1, -1, 0, 0.427497, 0.753804
13, 178, 6, 4, 1, -1, 1, -1, 1.117189, 0.267907
13, 179, 2, 0, 1, 1, 1, 0, 0.498063, 0.307175
13, 180, 1, 4, 1, 1, 1, 1, 0.539513, 0.439415
13, 181, 4, 2, 1, -1, -1, -1, 0.865356, 0.419010
13, 182, 3, 0, 1, 1, -1, 0, 0.475841, 0.357179
13, 183, 3, 0, 1, 1, 1, 0, 0.683614, 0.254066
13, 184, 2, 0, 1, 1, -1, 0, 0.485939, 0.294982
13, 185, 1, 0, 1, 1, 1, 0, 0.427205, 0.213332
13, 186, 2, 0, 1, 1, 1, 0, 0.400504, 0.254798
13, 187, 4, 0, 1, 1, 1, 0, 0.533284, 0.179815
13, 188, 6, 0, 1, 1, -1, 0, 0.525762, 0.100937
13, 189, 3, 1, 1, 1, -1, 1, 0.634137, 0.127548
13, 190, 4, 5, 1, 1, 1, -1, 0.719740, 0.107661
13, 191, 4, 1, 1, 1, -1, 1, 0.645814, 0.299693
13, 192, 1, 6, 1, 1, -1, -1, 0.547187, 0.166000
13, 193, 1, 6, 1, 1, 1, -1, 0.624732, 0.280430
13, 194, 3, 6, 1, 1, -1, -1, 0.673394, 0.307467
13, 195, 1, 2, 1, -1, 1, -1, 1.049194, 0.387753
13, 196, 2, 5, 1, 1, 1, -1, 0.636459, 0.213011
13, 197, 4, 2, 1, -1, 1, -1, 1.012092, 0.765996
13, 198, 5, 1, 1, 1, 1, -1, 0.781126, 0.559568
13, 199, 1, 0, 1, 1, -1, 0, 0.562337, 0.254702
13, 200, 1, 5, 1, 1, -1, -1, 0.673600, 0.234107
13, 201, 3, 0, 1, 1, -1, 0, 0.467339, 0.246848
13, 202, 1, 6, 1, 1, 1, 1, 0.554398, 0.140578
13, 203, 3, 5, 1, 1, 1, -1, 0.580343, 0.146930
13, 204, 4, 0, 0, 1, 1, 0, 0.419159, 4.538198
13, 205, 1, 0, 1, 1, 1, 0, 0.544065, 0.567926
13, 206, 2, 0, 1, 1, -1, 0, 0.459724, 0.266799
13, 207, 5, 0, 1, 1, 1, 0, 0.493806, 0.232377
13, 208, 2, 0, 1, 1, 1, 0, 0.380896, 0.114481
13, 209, 1, 4, 1, 1, 1, -1, 0.512261, 0.166505
13, 210, 5, 1, 1, 1, -1, -1, 0.689145, 0.258614
13, 211, 4, 0, 1, 1, -1, 0, 0.467877, 0.247048
13, 212, 4, 5, 1, 1, -1, 1, 0.526822, 0.206293
13, 213, 2, 5, 1, 1, 1, 1, 0.572973, 0.221892
13, 214, 2, 5, 1, 1, -1, -1, 0.512717, 0.193751
13, 215, 2, 2, 1, 1, -1, -1, 0.628454, 0.087711
13, 216, 3, 5, 1, -1, 1, 1, 0.850967, 0.306999
13, 217, 4, 0, 1, 1, 1, 0, 0.547731, 0.261058
13, 218, 1, 0, 1, 1, 1, 0, 0.452837, 0.154010
13, 219, 4, 0, 1, 1, -1, 0, 0.512573, 0.273776
13, 220, 3, 3, 1, 1, 1, -1, 0.486694, 0.208202
13, 221, 4, 0, 1, 1, 1, 0, 0.411817, 0.140853
13, 222, 2, 0, 1, 1, -1, 0, 0.417356, 0.207438
13, 223, 3, 6, 1, 1, -1, 1, 0.479724, 0.255410
13, 224, 5, 2, 1, 1, -1, -1, 0.446382, 0.274111
13, 225, 2, 5, 1, 1, 1, 1, 0.539705, 0.399905
13, 226, 1, 1, 1, 1, -1, -1, 0.518975, 0.248064
13, 227, 4, 4, 1, 1, -1, 1, 0.591221, 0.267332
13, 228, 5, 0, 1, 1, 1, 0, 0.579812, 0.160780
13, 229, 2, 0, 1, 1, 1, 0, 0.512673, 0.206785
13, 230, 5, 6, 1, 1, -1, 1, 0.871257, 0.174392
13, 231, 5, 0, 1, 1, 1, 0, 0.539485, 0.246474
13, 232, 6, 2, 1, -1, -1, 1, 1.202868, 0.213747
13, 233, 4, 4, 1, 1, -1, -1, 0.579387, 0.218705
13, 234, 2, 2, 1, -1, -1, -1, 1.005841, 0.573440
13, 235, 2, 2, 1, 1, 1, 1, 0.592746, 0.286293
13, 236, 2, 1, 1, 1, 1, 1, 0.685579, 0.327612
13, 237, 5, 6, 1, 1, 1, -1, 0.611967, 0.213275
13, 238, 1, 0, 1, 1, -1, 0, 0.592838, 0.294002
13, 239, 4, 0, 1, 1, -1, 0, 0.572945, 0.145975
13, 240, 2, 0, 1, 1, 1, 0, 0.386947, 0.114666
13, 241, 6, 1, 1, 1, -1, 1, 0.698991, 0.060527
13, 242, 2, 0, 1, 1, 1, 0, 0.380285, 0.061111
13, 243, 5, 4, 1, 1, -1, -1, 0.465187, 0.080884
13, 244, 5, 0, 1, 1, -1, 0, 0.365999, 0.080575
13, 245, 5, 4, 1, 1, 1, -1, 0.460307, 0.154165
13, 246, 4, 0, 1, 1, -1, 0, 0.557150, 0.014223
13, 247, 4, 5, 1, 1, 1, 1, 0.399854, 0.054417
13, 248, 5, 0, 1, 1, -1, 0, 0.434425, 0.108402
13, 249, 5, 0, 1, 1, 1, 0, 0.466379, 0.080799
13, 250, 1, 0, 1, 1, -1, 0, 0.494384, 0.027849
13, 251, 2, 4, 1, 1, 1, 1, 0.674908, 0.320817
13, 252, 4, 0, 1, 1, 1, 0, 0.705783, 0.213770
13, 253, 2, 0, 1, 1, 1, 0, 0.373775, 0.200710
13, 254, 1, 0, 1, 1, 1, 0, 0.380804, 0.140501
13, 255, 5, 5, 1, 1, 1, 1, 0.453959, 0.221139
13, 256, 3, 3, 0, 3, -1, -1, 0.779613, 0.073826
13, 257, 6, 0, 1, 1, 1, 0, 0.594469, 0.148114
13, 258, 6, 0, 1, 1, -1, 0, 0.651281, 0.086802
13, 259, 4, 0, 1, 1, -1, 0, 0.398488, 0.080853
13, 260, 3, 0, 1, 1, 1, 0, 0.412355, 0.113177
13, 261, 4, 3, 1, 1, -1, -1, 0.464051, 0.161030
13, 262, 5, 0, 1, 1, 1, 0, 0.434075, 0.206949
13, 263, 6, 2, 1, 1, 1, 1, 0.711631, 0.192769
13, 264, 1, 0, 1, 1, 1, 0, 0.391861, 0.193578
13, 265, 2, 0, 1, 1, -1, 0, 0.535135, 0.100882
13, 266, 6, 0, 1, 1, -1, 0, 0.612962, 0.687613
13, 267, 2, 0, 1, 1, -1, 0, 0.540703, 0.325787
13, 268, 4, 0, 1, 1, 1, 0, 0.478551, 0.180503
13, 269, 6, 0, 0, 1, 1, 0, 0.410313, 1.385469
13, 270, 3, 6, 1, 1, 1, 1, 0.532992, 0.259321
13, 271, 1, 4, 1, 1, -1, 1, 0.711783, 0.380074
13, 272, 1, 0, 1, 1, 1, 0, 0.472817, 0.212567
13, 273, 4, 3, 1, 1, 1, 1, 0.627689, 0.128376
13, 274, 4, 4, 1, 1, 1, -1, 0.485972, 0.134357
13, 275, 2, 0, 1, 1, 1, 0, 0.353354, 0.160466
13, 276, 3, 6, 1, 1, -1, -1, 0.512459, 0.114082
13, 277, 2, 6, 1, 1, -1, -1, 0.413570, 0.120598
13, 278, 6, 0, 1, 1, 1, 0, 0.452663, 0.140811
13, 279, 6, 0, 1, 1, -1, 0, 0.467491, 0.134316
13, 280, 2, 0, 1, 1, -1, 0, 0.405728, 0.087620
13, 281, 4, 6, 1, 1, 1, 1, 0.440563, 0.240659
13, 282, 5, 2, 1, 1, -1, 1, 0.481402, 0.120406
13, 283, 4, 0, 1, 1, 1, 0, 0.522372, 0.087478
13, 284, 3, 4, 1, 1, 1, 1, 0.605322, 0.140824
13, 285, 6, 6, 1, -1, 1, 1, 0.867857, 0.271707
13, 286, 5, 5, 1, 1, 1, -1, 0.460120, 0.279685
13, 287, 4, 0, 1, 1, -1, 0, 0.427241, 0.195461
13, 288, 1, 3, 1, 1, -1, 1, 0.719432, 0.100857
13, 289, 3, 5, 1, 1, 1, 1, 0.499711, 0.147212
13, 290, 1, 0, 1, 1, -1, 0, 0.404612, 0.247466
13, 291, 1, 0, 1, 1, -1, 0, 0.433020, 0.565550
13, 292, 5, 0, 1, 1, -1, 0, 0.378952, 0.647172
13, 293, 3, 2, 1, 1, -1, -1, 0.592117, 0.093549
13, 294, 3, 0, 1, 1, 1, 0, 0.486685, 0.140762
13, 295, 2, 0, 1, 1, -1, 0, 0.392842, 0.206782
13, 296, 3, 1, 1, 1, -1, 1, 0.526144, 0.074079
13, 297, 6, 1, 1, 1, 1, 1, 0.631728, 0.000000
13, 298, 6, 2, 1, 1, -1, -1, 0.434307, 0.074576
13, 299, 6, 5, 1, 1, 1, 1, 0.427204, 0.114329
13, 300, 3, 0, 1, 1, -1, 0, 0.407888, 0.134278
13, 301, 1, 3, 1, 1, 1, 1, 0.517136, 0.047703
13, 302, 2, 0, 1, 1, 1, 0, 0.374261, 0.155070
13, 303, 2, 0, 1, 1, -1, 0, 0.426570, 0.053971
13, 304, 1, 5, 1, 1, 1, -1, 0.433508, 0.093856
13, 305, 4, 3, 1, 1, -1, -1, 0.420260, 0.159870
13, 306, 3, 4, 1, 1, 1, 1, 0.477206, 0.193823
13, 307, 5, 6, 1, 1, -1, -1, 0.591739, 0.360796
13, 308, 4, 0, 1, 1, 1, 0, 0.532481, 0.094159
13, 309, 1, 0, 1, 1, -1, 0, 0.522818, 0.107365
13, 310, 4, 0, 1, 1, -1, 0, 0.458872, 0.173687
13, 311, 6, 1, 1, 1, -1, -1, 0.460308, 0.087227
13, 312, 6, 6, 1, 1, -1, 1, 0.611549, 0.067625
13, 313, 1, 0, 1, 1, 1, 0, 0.419494, 0.113610
13, 314, 3, 0, 1, 1, -1, 0, 0.505181, 0.106936
13, 315, 2, 0, 1, 1, -1, 0, 0.367548, 0.128002
13, 316, 6, 0, 1, 1, -1, 0, 0.367371, 0.027576
13, 317, 6, 3, 1, 1, 1, -1, 0.673211, 0.027702
13, 318, 5, 0, 1, 1, -1, 0, 0.406180, 0.040834
13, 319, 3, 0, 1, 1, -1, 0, 0.461121, 0.074112
13, 320, 5, 0, 1, 1, 1, 0, 0.447054, 0.074438
13, 321, 1, 0, 1, 1, -1, 0, 0.447878, 0.107659
13, 322, 3, 0, 1, 1, -1, 0, 0.439609, 0.087241
13, 323, 6, 0, 1, 1, 1, 0, 0.526235, 0.040953
13, 324, 6, 0, 1, 1, -1, 0, 0.400542, 0.068146
13, 325, 2, 0, 1, 1, 1, 0, 0.446254, 0.154302
13, 326, 3, 0, 1, 1, 1, 0, 0.547925, 0.021129
13, 327, 1, 2, 1, 1, -1, 1, 0.698133, 0.014016
13, 328, 1, 0, 1, 1, 1, 0, 0.393293, 0.014194
13, 329, 5, 5, 1, 1, -1, 1, 0.557221, 0.127122
13, 330, 5, 0, 1, 1, -1, 0, 0.387284, 0.114495
13, 331, 6, 0, 1, 1, -1, 0, 0.440687, 0.034102
13, 332, 4, 1, 1, 1, 1, -1, 0.654514, 0.147982
13, 333, 5, 6, 1, -1, 1, 1, 1.327812, 0.341681
13, 334, 6, 3, 1, 1, -1, 1, 0.819938, 2.688651
13, 335, 2, 2, 1, 1, 1, 1, 0.546077, 0.432656
13, 336, 1, 3, 1, 1, -1, -1, 0.640035, 0.214895
13, 337, 5, 0, 0, 1, 1, 0, 0.552460, 3.368984
13, 338, 6, 3, 1, 1, -1, -1, 0.537081, 0.247932
13, 339, 3, 0, 1, 1, 1, 0, 0.460077, 0.113645
13, 340, 3, 2, 1, 1, 1, -1, 0.673491, 0.133382
13, 341, 1, 3, 1, 1, 1, -1, 0.633117, 0.114252
13, 342, 2, 0, 1, 1, 1, 0, 0.453880, 0.147992
13, 343, 5, 0, 1, 1, -1, 0, 0.366671, 0.252832
13, 344, 4, 0, 1, 1, -1, 0, 0.487967, 0.114007
13, 345, 6, 5, 1, 1, -1, 1, 0.685999, 0.133625
13, 346, 1, 1, 1, 1, -1, 1, 0.666967, 0.260805
13, 347, 2, 3, 1, 1, -1, -1, 0.584748, 0.220708
13, 348, 4, 6, 1, 1, 1, 1, 0.653504, 0.133675
13, 349, 3, 0, 1, 1, -1, 0, 0.598785, 0.247374
13, 350, 4, 0, 1, 1, -1, 0, 0.477158, 0.298076
13, 351, 1, 1, 1, 1, 1, 1, 0.703842, 0.106904
13, 352, 5, 0, 1, 1, -1, 0, 0.379042, 0.047516
13, 353, 2, 0, 1, 1, -1, 0, 0.432901, 0.160796
13, 354, 1, 0, 1, 1, -1, 0, 0.449107, 0.081381
13, 355, 4, 0, 1, 1, 1, 0, 0.427674, 0.120199
13, 356, 6, 4, 1, 1, 1, 1, 0.510675, 0.100531
13, 357, 6, 4, 1, 1, -1, -1, 0.525225, 0.054072
13, 358, 1, 0, 1, 1, 1, 0, 0.359905, 0.159984
13, 359, 6, 1, 1, 1, 1, 1, 0.599473, 0.080946
13, 360, 4, 0, 1, 1, -1, 0, 0.399166, 0.113469
13, 361, 6, 4, 1, 1, -1, 1, 0.692900, 0.047694
13, 362, 2, 2, 1, 1, -1, 1, 0.599720, 0.133106
13, 363, 3, 0, 1, 1, 1, 0, 0.445977, 0.067470
13, 364, 2, 6, 1, 1, 1, 1, 0.566579, 0.140761
13, 365, 3, 0, 1, 1, 1, 0, 0.412719, 0.140660
13, 366, 4, 0, 1, 1, 1, 0, 0.453254, 0.073288
13, 367, 6, 6, 1, -1, 1, -1, 0.976813, 0.186985
13, 368, 1, 3, 1, 1, 1, 1, 0.659299, 0.213492
13, 369, 3, 0, 1, 1, -1, 0, 0.574553, 0.154572
13, 370, 3, 0, 1, 1, 1, 0, 0.453500, 0.133121
13, 371, 4, 0, 1, 1, -1, 0, 0.451974, 0.060344
13, 372, 2, 0, 1, 1, 1, 0, 0.359764, 0.067872
13, 373, 3, 0, 1, 1, -1, 0, 0.386847, 0.067383
13, 374, 2, 0, 1, 1, -1, 0, 0.405877, 0.047656
13, 375, 3, 3, 1, 1, 1, 1, 0.452844, 0.094052
13, 376, 6, 1, 1, 1, 1, -1, 0.600095, 0.100005
13, 377, 3, 3, 1, 1, -1, 1, 0.645248, 0.072589
13, 378, 6, 2, 1, 1, 1, -1, 0.558886, 0.066881
13, 379, 6, 5, 1, 1, 1, 1, 0.451256, 0.141107
13, 380, 5, 5, 1, 1, -1, -1, 0.506709, 0.081151
13, 381, 6, 1, 1, 1, -1, -1, 0.472442, 0.087757
13, 382, 4, 4, 1, 1, -1, 1, 0.492065, 0.127066
13, 383, 6, 0, 1, 1, 1, 0, 0.524246, 0.107310
13, 384, 3, 6, 1, 1, 1, -1, 0.645234, 0.080582
13, 385, 2, 2, 1, 1, -1, 1, 0.559827, 0.101146
13, 386, 5, 3, 1, 1, -1, 1, 0.611320, 0.067631
13, 387, 5, 2, 1, 1, 1, -1, 0.546280, 0.033886
13, 388, 4, 6, 1, 1, -1, -1, 0.520582, 0.014397
13, 389, 5, 0, 1, 1, -1, 0, 0.445989, 0.000000
13, 390, 2, 0, 1, 1, 1, 0, 0.393803, 0.415557
13, 391, 5, 4, 1, 1, 1, 1, 0.500060, 0.073187
13, 392, 5, 0, 1, 1, 1, 0, 0.439920, 0.054083
13, 393, 2, 0, 1, 1, -1, 0, 0.352658, 0.061301
13, 394, 5, 0, 1, 1, -1, 0, 0.425415, 0.027629
13, 395, 2, 0, 1, 1, -1, 0, 0.480237, 0.000000
13, 396, 5, 0, 1, 1, 1, 0, 0.479259, 0.087171
13, 397, 2, 0, 1, 1, 1, 0, 0.571905, 0.020955
13, 398, 3, 5, 1, 1, -1, 1, 0.539015, 0.020891
13, 399, 3, 2, 1, 1, 1, -1, 0.601138, 0.100094
13, 400, 1, 1, 1, 1, 1, -1, 0.551868, 0.081209
13, 401, 4, 1, 1, 1, 1, -1, 0.421046, 0.107849
13, 402, 2, 6, 1, 1, -1, -1, 0.426914, 0.047534
13, 403, 4, 0, 1, 1, 1, 0, 0.401315, 0.047559
13, 404, 3, 0, 1, 1, -1, 0, 0.361271, 0.087803
13, 405, 2, 0, 1, 1, 1, 0, 0.327685, 0.107484
13, 406, 5, 2, 1, 1, 1, 1, 0.527179, 0.060740
13, 407, 6, 6, 1, 1, 1, -1, 0.520519, 0.053741
13, 408, 4, 4, 1, 3, 1, -1, 0.957670, 3.406250
13, 409, 6, 6, 1, 1, -1, -1, 0.566215, 0.153111
13, 410, 6, 0, 1, 1, -1, 0, 0.558709, 0.087277
13, 411, 6, 0, 1, 1, 1, 0, 0.525932, 0.047502
13, 412, 6, 2, 1, 1, 1, 1, 0.421053, 0.094254
13, 413, 4, 0, 1, 1, 1, 0, 0.528959, 0.060763
13, 414, 4, 5, 1, 1, 1, -1, 0.491419, 0.047203
13, 415, 2, 5, 1, 1, 1, -1, 0.538703, 0.140605
13, 417, 1, 5, 1, 1, -1, 1, 0.504690, 0.768724
13, 418, 1, 4, 1, 1, 1, 1, 0.540818, 0.135303
13, 419, 4, 0, 1, 1, 1, 0, 0.474264, 0.087979
13, 420, 4, 0, 1, 1, 1, 0, 0.373805, 0.113360
13, 421, 6, 0, 1, 1, 1, 0, 0.379122, 0.127293
13, 422, 5, 3, 1, 1, -1, -1, 0.446935, 0.101210
13, 423, 1, 0, 1, 1, -1, 0, 0.516809, 0.034386
13, 424, 6, 0, 1, 1, -1, 0, 0.413662, 0.127695
13, 425, 2, 6, 1, 1, -1, 1, 0.459666, 0.101093
13, 426, 1, 2, 1, -1, -1, -1, 0.876566, 0.264984
13, 427, 6, 0, 1, 1, -1, 0, 0.413555, 0.174585
13, 428, 3, 0, 1, 1, 1, 0, 0.491149, 0.147670
13, 429, 6, 0, 1, 1, -1, 0, 0.446874, 0.167492
13, 430, 4, 1, 1, 1, 1, 1, 0.532668, 0.255343
13, 431, 4, 0, 1, 1, -1, 0, 0.517985, 0.081007
13, 432, 5, 1, 1, -1, 1, -1, 0.850808, 0.747147
13, 433, 3, 4, 1, 1, -1, -1, 0.438825, 0.313148
13, 434, 5, 0, 1, 1, 1, 0, 0.445997, 0.106759
13, 435, 6, 0, 1, 1, -1, 0, 0.438585, 0.127502
13, 436, 6, 2, 1, -1, -1, 1, 0.945290, 1.223307
13, 437, 4, 5, 1, 1, -1, 1, 0.487261, 0.328864
13, 438, 1, 6, 1, 1, -1, 1, 0.552378, 0.299838
13, 439, 1, 4, 1, -1, -1, -1, 0.848460, 0.914327
13, 440, 4, 5, 1, -1, -1, -1, 0.526509, 0.461812
13, 441, 5, 1, 1, -1, -1, 1, 0.810542, 1.214826
13, 442, 2, 0, 1, 1, -1, 0, 0.466447, 0.447478
13, 443, 5, 0, 1, 1, 1, 0, 0.553469, 0.120613
13, 444, 3, 0, 1, 1, 1, 0, 0.334300, 0.248046
13, 445, 1, 2, 1, 1, 1, 1, 0.717159, 0.174449
13, 446, 1, 0, 1, 1, 1, 0, 0.386650, 0.159977
13, 447, 6, 1, 1, 1, -1, 1, 0.673125, 0.334878
13, 448, 4, 0, 1, 1, -1, 0, 0.405606, 0.274508
13, 449, 2, 0, 1, 1, -1, 0, 0.472960, 0.205502
13, 450, 6, 0, 1, 1, -1, 0, 0.431552, 0.286347
13, 451, 5, 4, 0, 1, 1, 1, 0.418052, 2.539507
13, 452, 6, 2, 1, -1, 1, -1, 0.977999, 0.460823
13, 453, 3, 0, 1, 1, -1, 0, 0.439610, 0.147516
13, 454, 2, 5, 1, 1, -1, 1, 0.407142, 0.121239
13, 455, 5, 0, 1, 1, 1, 0, 0.413387, 0.054029
13, 456, 1, 5, 1, 1, 1, 1, 0.507986, 0.087295
13, 457, 4, 0, 1, 1, -1, 0, 0.433644, 0.040491
13, 458, 1, 2, 1, 1, 1, 1, 0.506791, 0.226718
13, 459, 1, 0, 1, 1, -1, 0, 0.446924, 0.000000
13, 460, 3, 2, 1, 1, -1, 1, 0.500044, 0.000000
13, 461, 2, 2, 1, 3, 1, -1, 0.400200, 0.107605
13, 462, 4, 2, 1, -1, -1, 1, 0.838753, 0.622350
13, 463, 4, 1, 1, 1, -1, -1, 0.466223, 0.074199
13, 464, 3, 1, 1, 1, 1, 1, 0.480434, 0.113897
13, 465, 3, 1, 1, 1, 1, -1, 0.453796, 0.093999
13, 466, 3, 1, 1, 1, 1, 1, 0.479660, 0.207262
13, 467, 3, 5, 1, 1, -1, -1, 0.619114, 0.133936
13, 468, 5, 3, 1, 1, -1, -1, 0.498435, 0.100799
13, 469, 5, 1, 1, 1, -1, 1, 0.484009, 0.114180
13, 470, 5, 0, 1, 1, -1, 0, 0.426773, 0.040611
13, 471, 4, 0, 1, 1, 1, 0, 0.473229, 0.034230
13, 472, 5, 2, 1, 1, -1, -1, 0.445964, 0.087163
13, 473, 1, 0, 1, 1, 1, 0, 0.427217, 0.240599
13, 474, 3, 0, 1, 1, -1, 0, 0.413532, 0.220103
13, 475, 5, 0, 1, 1, -1, 0, 0.497995, 0.034313
13, 476, 2, 4, 1, 1, 1, -1, 0.419962, 0.027634
13, 477, 2, 0, 1, 1, 1, 0, 0.346961, 0.080571
13, 478, 5, 0, 1, 1, -1, 0, 0.308578, 0.174192
13, 479, 3, 6, 0, -1, 1, -1, 0.794378, 1.420310
13, 480, 2, 1, 1, -1, -1, -1, 0.495276, 1.187261
13, 481, 5, 0, 0, 1, 1, 0, 0.327833, 2.044439
13, 482, 6, 0, 1, 1, -1, 0, 0.440855, 0.307018
13, 483, 5, 1, 1, 1, 1, 1, 0.506496, 0.174795
13, 484, 5, 4, 1, 1, -1, 1, 0.419520, 0.081293
13, 485, 6, 0, 1, 1, 1, 0, 0.379457, 0.040984
13, 486, 5, 1, 1, 1, -1, -1, 0.480643, 0.034281
13, 487, 2, 0, 1, 1, 1, 0, 0.394250, 0.054633
13, 488, 2, 1, 1, 1, -1, 1, 0.466578, 0.081041
13, 489, 3, 3, 1, 1, -1, 1, 0.427430, 0.060917
13, 490, 3, 2, 1, 1, -1, -1, 0.354218, 0.141063
13, 491, 6, 0, 0, 3, 1, 0, 0.447125, 0.000000
13, 492, 2, 0, 1, 1, 1, 0, 0.347859, 0.126825
13, 493, 2, 0, 1, 1, 1, 0, 0.358102, 0.154065
13, 494, 4, 3, 0, 1, 1, -1, 0.372738, 0.789316
13, 495, 4, 0, 1, 1, -1, 0, 0.373087, 0.147980
13, 496, 5, 4, 1, 1, -1, 1, 0.652855, 0.080810
13, 497, 1, 0, 1, 1, 1, 0, 0.557119, 0.106801
13, 498, 5, 0, 1, 1, -1, 0, 0.379234, 0.067629
13, 499, 2, 0, 1, 1, 1, 0, 0.387131, 0.134479
13, 500, 1, 0, 1, 1, 1, 0, 0.394513, 0.034442
13, 501, 3, 0, 1, 1, 1, 0, 0.407248, 0.086921
13, 502, 5, 0, 1, 1, 1, 0, 0.635091, 0.061233
13, 503, 3, 1, 1, 1, -1, -1, 0.591669, 0.094148
13, 504, 3, 0, 1, 1, -1, 0, 0.367293, 0.093976
13, 505, 5, 6, 1, 1, 1, -1, 0.684541, 0.067265
13, 506, 1, 0, 1, 1, -1, 0, 0.458306, 0.054294
13, 507, 3, 0, 1, 1, 1, 0, 0.472244, 0.207598
13, 508, 6, 4, 1, 1, 1, 1, 0.426274, 0.140034
13, 509, 4, 3, 1, 1, -1, 1, 0.386914, 0.087295
13, 510, 6, 0, 1, 1, 1, 0, 0.372575, 0.147735
13, 511, 2, 4, 1, 1, 1, -1, 0.386090, 0.173246
13, 512, 4, 6, 1, 1, -1, 1, 0.480262, 0.221706
13, 513, 6, 3, 1, 1, 1, 1, 0.506841, 0.207961
13, 514, 5, 0, 1, 1, -1, 0, 0.448746, 0.121306
13, 515, 1, 0, 1, 1, -1, 0, 0.398435, 0.080485
13, 516, 1, 0, 1, 1, -1, 0, 0.523331, 0.054161
13, 517, 6, 0, 1, 1, -1, 0, 0.445703, 0.040344
13, 518, 3, 0, 1, 1, 1, 0, 0.406001, 0.087707
13, 519, 4, 0, 1, 1, -1, 0, 0.386219, 0.147067
13, 520, 2, 3, 1, 1, 1, -1, 0.432042, 0.113608
13, 521, 5, 0, 1, 1, -1, 0, 0.334295, 0.148077
13, 522, 5, 0, 1, 1, -1, 0, 0.332814, 0.086926
13, 523, 1, 0, 0, 1, -1, 0, 0.326426, 0.885585
13, 524, 3, 0, 1, 1, 1, 0, 0.400574, 0.067741
13, 525, 6, 0, 1, 1, 1, 0, 0.585843, 0.014277
13, 526, 3, 2, 1, 1, 1, 1, 0.440229, 0.107694
13, 527, 5, 5, 1, 1, -1, -1, 0.386586, 0.154633
13, 528, 2, 6, 1, 1, 1, 1, 0.387715, 0.114301
13, 529, 6, 2, 1, 1, -1, -1, 0.419613, 0.220699
13, 530, 4, 1, 1, 1, 1, 1, 0.505821, 0.207760
13, 531, 2, 3, 1, 1, -1, 1, 0.566095, 0.126477
13, 532, 5, 3, 1, 1, 1, -1, 0.732198, 0.208249
13, 533, 5, 0, 1, 1, 1, 0, 0.420299, 0.094183
13, 534, 3, 0, 1, 1, 1, 0, 0.365575, 0.167413
13, 535, 3, 0, 1, 1, -1, 0, 0.408719, 0.161434
13, 536, 5, 0, 1, 1, -1, 0, 0.360879, 0.114376
13, 537, 1, 1, 1, 1, -1, -1, 0.521347, 0.087878
13, 538, 5, 3, 1, 1, 1, 1, 0.494732, 0.080955
13, 539, 6, 0, 0, 1, -1, 0, 0.347033, 0.690236
13, 540, 2, 1, 1, 1, -1, -1, 0.433034, 0.114289
13, 541, 2, 5, 1, 1, -1, -1, 0.387213, 0.067568
13, 542, 4, 0, 1, 1, -1, 0, 0.573872, 0.027582
13, 543, 4, 0, 1, 1, 1, 0, 0.347168, 0.046982
13, 544, 3, 5, 1, 1, -1, 1, 0.400556, 0.094751
13, 545, 4, 2, 1, 1, 1, -1, 0.532793, 0.154133
13, 546, 4, 6, 1, 1, -1, -1, 0.439479, 0.234124
13, 547, 2, 3, 1, 1, 1, 1, 0.466392, 0.166897
13, 548, 4, 1, 1, 1, -1, 1, 0.625493, 0.461204
13, 549, 6, 0, 1, 1, -1, 0, 0.399932, 0.154076
13, 550, 5, 4, 1, -1, -1, -1, 0.658800, 0.552246
13, 551, 3, 6, 1, 1, 1, 1, 0.764773, 0.093692
13, 552, 6, 4, 1, -1, 1, -1, 0.612912, 0.335677
13, 553, 1, 0, 1, 1, -1, 0, 0.425132, 0.107154
13, 554, 1, 3, 1, 1, -1, 1, 0.481797, 0.101171
13, 555, 3, 0, 1, 1, -1, 0, 0.466053, 0.206374
13, 556, 1, 0, 1, 1, 1, 0, 0.493455, 0.093966
13, 557, 2, 5, 1, 1, -1, 1, 0.474580, 0.188121
13, 558, 4, 4, 1, 1, -1, -1, 0.432081, 0.080728
13, 559, 2, 0, 1, 1, -1, 0, 0.394670, 0.066730
13, 560, 6, 0, 1, 1, 1, 0, 0.466738, 0.134091
13, 561, 1, 0, 1, 1, 1, 0, 0.587032, 0.441507
13, 562, 6, 0, 1, 1, -1, 0, 0.418326, 0.074089
13, 563, 4, 0, 1, 1, 1, 0, 0.493517, 0.034418
13, 564, 1, 1, 1, 1, 1, -1, 0.514109, 0.100649
13, 565, 6, 0, 1, 1, 1, 0, 0.465763, 0.067543
13, 566, 6, 3, 1, 1, 1, 1, 0.507480, 0.094005
13, 567, 4, 0, 1, 1, 1, 0, 0.380873, 0.021059
13, 568, 2, 1, 0, 1, -1, 1, 0.546421, 0.599889
13, 569, 3, 0, 1, 1, 1, 0, 0.359663, 0.034204
13, 570, 6, 4, 0, 1, -1, 1, 0.388139, 1.194886
13, 571, 1, 0, 1, 1, 1, 0, 0.413716, 0.088005
13, 572, 3, 0, 1, 1, -1, 0, 0.400970, 0.081608
13, 573, 3, 0, 1, 1, 1, 0, 0.461185, 0.021058
13, 574, 5, 6, 1, 1, -1, -1, 0.545286, 0.546265
13, 575, 5, 3, 1, 1, 1, -1, 0.625928, 0.067690
13, 576, 6, 0, 1, 1, 1, 0, 0.419846, 0.127019
13, 577, 4, 0, 1, 1, 1, 0, 0.479164, 0.087364
13, 578, 6, 5, 1, 1, -1, 1, 0.619321, 0.087661
