observer, trial, targLoc, distLoc, targDiscrim, thoughtNoAttCap, tc, dc, RT, TrialTypeRT
16, 1, 3, 0, 1, 1, -1, 0, 0.815301, 7.509822
16, 2, 4, 1, 1, 1, -1, 1, 0.874661, 1.675603
16, 3, 5, 0, 1, 1, 1, 0, 0.918745, 1.082438
16, 4, 4, 3, 1, 1, -1, -1, 0.801233, 1.162317
16, 5, 3, 2, 1, 1, -1, -1, 0.882481, 0.967293
16, 6, 3, 5, 1, 3, 1, -1, 0.695642, 1.753224
16, 7, 4, 0, 1, 1, 1, 0, 0.663851, 2.093158
16, 8, 4, 5, 1, 1, 1, -1, 0.793339, 1.072101
16, 9, 3, 5, 1, 3, -1, -1, 0.628788, 0.000000
16, 10, 5, 0, 0, 3, 1, 0, 0.602563, 0.000000
16, 11, 5, 0, 1, 1, -1, 0, 0.659475, 0.646462
16, 12, 5, 2, 1, 3, -1, -1, 0.647331, 0.000000
16, 13, 1, 0, 1, 1, -1, 0, 0.807594, 0.960573
16, 14, 2, 0, 1, 3, 1, 0, 0.720080, 0.000000
16, 15, 3, 0, 1, 3, -1, 0, 0.782214, 0.000000
16, 16, 5, 1, 1, 1, -1, 1, 0.761120, 0.957988
16, 17, 6, 1, 1, 1, -1, 1, 0.741018, 1.104939
16, 18, 5, 0, 1, 1, -1, 0, 0.522862, 1.174206
16, 19, 1, 3, 1, 1, -1, -1, 0.826804, 1.215627
16, 20, 5, 0, 1, 3, 1, 0, 0.628915, 0.000000
16, 21, 4, 1, 1, 1, 1, 1, 0.689550, 0.836994
16, 22, 3, 0, 1, 1, -1, 0, 0.636067, 0.774931
16, 23, 3, 0, 1, 3, 1, 0, 0.696333, 0.000000
16, 24, 5, 0, 1, 3, -1, 0, 0.523973, 0.000000
16, 25, 6, 0, 1, 1, 1, 0, 0.584097, 1.064814
16, 26, 1, 0, 1, 1, 1, 0, 0.574857, 0.955469
16, 27, 4, 0, 1, 1, 1, 0, 0.658126, 0.781086
16, 28, 6, 0, 1, 1, 1, 0, 0.627604, 0.636981
16, 29, 3, 3, 1, 1, 1, 1, 0.594440, 0.674094
16, 30, 5, 5, 1, 1, 1, -1, 0.658022, 0.708554
16, 31, 3, 0, 1, 1, -1, 0, 0.682791, 0.736140
16, 32, 2, 3, 1, 3, 1, 1, 0.629166, 0.000000
16, 33, 6, 0, 0, 1, 1, 0, 0.726334, 0.810975
16, 34, 1, 0, 1, 1, 1, 0, 0.529535, 0.524000
16, 35, 4, 6, 1, 1, 1, -1, 0.747302, 0.651898
16, 36, 1, 2, 1, 1, 1, -1, 0.675250, 0.662639
16, 37, 3, 0, 1, 1, 1, 0, 0.670869, 0.614175
16, 38, 3, 6, 1, 1, -1, 1, 0.628883, 0.522135
16, 39, 1, 3, 1, 1, -1, 1, 0.723708, 0.497956
16, 40, 2, 0, 1, 1, -1, 0, 0.727374, 0.794744
16, 41, 5, 2, 1, 1, -1, -1, 0.616811, 0.478018
16, 42, 6, 1, 1, 1, 1, 1, 0.688619, 0.442653
16, 43, 6, 0, 1, 1, -1, 0, 0.547609, 0.389265
16, 44, 1, 3, 1, 1, 1, 1, 0.609841, 0.311123
16, 45, 1, 0, 1, 1, 1, 0, 0.504866, 0.279410
16, 46, 3, 1, 1, 1, 1, 1, 0.595774, 0.258323
16, 47, 5, 0, 1, 1, -1, 0, 0.511725, 0.312655
16, 48, 6, 0, 1, 1, -1, 0, 0.542513, 0.304799
16, 49, 2, 5, 1, 1, -1, -1, 0.673724, 0.257876
16, 50, 6, 4, 1, 1, -1, -1, 0.503304, 0.205323
16, 51, 1, 6, 1, 1, 1, 1, 0.690267, 0.563752
16, 52, 4, 2, 1, 1, -1, -1, 0.638204, 0.298991
16, 53, 6, 5, 1, 1, 1, 1, 0.700093, 0.567859
16, 54, 4, 0, 0, 1, 1, 0, 0.502798, 0.225757
16, 55, 3, 6, 0, 1, 1, -1, 0.639992, 0.672833
16, 56, 1, 0, 1, 1, -1, 0, 0.643827, 0.345239
16, 57, 3, 5, 1, 1, 1, -1, 0.733614, 0.351138
16, 58, 1, 4, 1, 1, 1, -1, 0.555084, 0.264153
16, 59, 5, 0, 1, 1, -1, 0, 0.502576, 0.232530
16, 60, 2, 0, 1, 1, 1, 0, 0.518547, 0.173670
16, 61, 5, 2, 1, 1, -1, 1, 0.624746, 0.080850
16, 62, 5, 0, 1, 1, 1, 0, 0.582026, 0.245104
16, 63, 1, 0, 1, 1, 1, 0, 0.515846, 0.213045
16, 64, 1, 6, 1, 1, 1, 1, 0.609587, 0.204900
16, 65, 1, 0, 1, 1, -1, 0, 0.654707, 0.179718
16, 66, 5, 4, 1, 1, -1, -1, 0.556203, 0.206131
16, 67, 4, 6, 1, 1, 1, 1, 0.674749, 0.212432
16, 68, 2, 2, 0, 1, -1, 1, 0.643682, 0.756329
16, 69, 2, 2, 1, 1, 1, -1, 0.662117, 0.204597
16, 70, 3, 2, 1, 1, -1, -1, 0.827966, 0.239093
16, 71, 5, 3, 1, 1, -1, -1, 0.464299, 0.185765
16, 72, 3, 0, 1, 1, -1, 0, 0.629031, 0.067325
16, 73, 5, 0, 1, 1, -1, 0, 0.449970, 0.040498
16, 74, 4, 0, 1, 1, -1, 0, 0.462580, 0.000000
16, 75, 1, 0, 1, 1, 1, 0, 0.470889, 0.000000
16, 76, 6, 5, 1, 1, 1, 1, 0.641502, 0.007548
16, 77, 2, 0, 1, 1, 1, 0, 0.518653, 0.000000
16, 78, 5, 1, 1, 1, -1, -1, 0.575287, 0.000000
16, 79, 3, 2, 1, 1, 1, -1, 0.677266, 0.436328
16, 80, 2, 2, 1, 1, 1, -1, 0.581904, 0.000000
16, 81, 2, 3, 1, 1, 1, 1, 0.509740, 0.000000
16, 82, 2, 6, 1, 1, -1, 1, 0.628106, 0.000000
16, 83, 2, 5, 1, 1, -1, 1, 0.648320, 0.125485
16, 84, 4, 3, 1, 1, -1, -1, 0.561519, 0.144971
16, 85, 1, 1, 1, 1, -1, -1, 0.728307, 0.060176
16, 86, 6, 2, 1, 1, -1, 1, 0.727392, 0.059891
16, 87, 6, 6, 1, 1, -1, 1, 0.807502, 0.080801
16, 88, 4, 0, 1, 1, -1, 0, 0.497482, 0.060919
16, 89, 2, 0, 1, 1, -1, 0, 0.661925, 0.033683
16, 90, 3, 0, 1, 1, 1, 0, 0.732677, 0.000000
16, 91, 2, 2, 1, 1, 1, 1, 0.530168, 0.007594
16, 92, 1, 0, 1, 1, 1, 0, 0.483487, 0.040770
16, 93, 2, 0, 1, 1, -1, 0, 0.537520, 0.007552
16, 94, 6, 5, 0, 3, -1, 1, 0.683558, 0.086977
16, 95, 4, 1, 1, 1, 1, 1, 0.694077, 0.007463
16, 96, 1, 1, 1, 1, -1, -1, 0.581581, 0.014219
16, 97, 5, 0, 1, 1, -1, 0, 0.477888, 0.033942
16, 98, 4, 0, 1, 1, -1, 0, 0.477981, 0.040840
16, 99, 4, 4, 1, 1, 1, 1, 0.665987, 0.000000
16, 100, 4, 0, 1, 1, 1, 0, 0.595592, 0.000000
16, 101, 1, 0, 1, 1, 1, 0, 0.495534, 0.000000
16, 102, 4, 0, 1, 1, -1, 0, 0.495485, 0.060173
16, 103, 1, 0, 1, 1, -1, 0, 0.670098, 0.052880
16, 104, 5, 0, 1, 1, 1, 0, 0.649013, 0.093663
16, 105, 1, 0, 1, 1, -1, 0, 0.576172, 0.047152
16, 106, 2, 4, 1, 1, -1, -1, 1.178616, 0.000000
16, 107, 2, 0, 1, 1, 1, 0, 0.517869, 0.000000
16, 108, 6, 0, 1, 1, -1, 0, 0.444325, 0.000000
16, 109, 1, 5, 1, 1, -1, 1, 0.753371, 0.000000
16, 110, 4, 0, 1, 1, -1, 0, 0.470008, 0.000000
16, 111, 1, 2, 1, 1, 1, 1, 0.621254, 0.000000
16, 112, 3, 0, 1, 1, 1, 0, 0.596810, 0.000000
16, 113, 5, 0, 1, 1, -1, 0, 0.521513, 0.000000
16, 114, 2, 5, 1, 1, 1, 1, 0.634215, 0.000000
16, 115, 3, 0, 1, 1, -1, 0, 0.529059, 0.000000
16, 116, 1, 5, 1, 1, -1, -1, 0.747497, 0.000000
16, 117, 3, 3, 1, 1, -1, 1, 0.674823, 0.000000
16, 118, 6, 5, 1, 1, -1, -1, 0.619732, 0.000000
16, 119, 3, 0, 1, 1, 1, 0, 0.576002, 0.000000
16, 120, 1, 2, 1, 1, -1, -1, 0.569776, 0.886986
16, 121, 4, 4, 0, 1, 1, -1, 0.504430, 0.404643
16, 122, 6, 1, 1, 1, 1, -1, 0.726277, 0.403864
16, 123, 6, 0, 1, 1, -1, 0, 0.581602, 0.000000
16, 124, 1, 4, 1, 1, -1, -1, 0.718210, 0.000000
16, 125, 3, 1, 1, 1, 1, -1, 0.702592, 0.000000
16, 126, 6, 0, 1, 1, -1, 0, 0.510674, 0.000000
16, 127, 4, 5, 1, 1, 1, 1, 0.706787, 0.000000
16, 128, 6, 6, 1, 1, 1, 1, 0.611244, 0.311605
16, 129, 1, 0, 1, 1, -1, 0, 0.541534, 0.040462
16, 130, 2, 4, 1, 1, 1, 1, 0.577836, 0.034268
16, 131, 6, 0, 1, 1, 1, 0, 0.538870, 0.007554
16, 132, 5, 3, 1, 1, -1, -1, 0.510549, 0.014146
16, 133, 2, 6, 1, 1, -1, 1, 0.543587, 0.053796
16, 134, 5, 0, 1, 1, 1, 0, 0.557803, 0.047594
16, 135, 4, 0, 1, 1, -1, 0, 0.547078, 0.073653
16, 136, 2, 1, 1, 1, 1, 1, 0.657264, 0.020546
16, 137, 5, 0, 1, 1, 1, 0, 0.567965, 0.000000
16, 138, 5, 0, 1, 1, -1, 0, 0.530792, 0.000000
16, 139, 4, 0, 1, 1, 1, 0, 0.509359, 0.000000
16, 140, 4, 6, 1, 1, 1, -1, 0.680489, 0.000000
16, 141, 1, 0, 1, 1, 1, 0, 0.471091, 0.020889
16, 142, 1, 0, 1, 1, 1, 0, 0.502035, 0.046541
16, 143, 6, 3, 1, 1, -1, 1, 0.529029, 0.007489
16, 144, 6, 4, 1, 1, 1, -1, 0.681292, 0.014060
16, 145, 5, 0, 1, 1, 1, 0, 0.628059, 0.040130
16, 146, 4, 4, 1, 1, 1, 1, 0.715903, 0.040484
16, 147, 2, 3, 1, 1, -1, 1, 0.722475, 0.034182
16, 148, 1, 2, 1, 1, -1, 1, 0.577799, 0.033987
16, 149, 4, 0, 1, 1, 1, 0, 0.595736, 0.000000
16, 150, 6, 0, 1, 1, -1, 0, 0.523743, 0.027588
16, 151, 3, 0, 1, 1, 1, 0, 0.562680, 0.000000
16, 152, 6, 5, 1, 1, 1, -1, 0.588786, 0.027252
16, 153, 6, 6, 1, 1, 1, -1, 0.522931, 0.040361
16, 154, 4, 5, 1, 1, 1, -1, 0.920086, 0.007608
16, 155, 2, 0, 1, 1, 1, 0, 0.508457, 0.034088
16, 156, 2, 0, 1, 1, 1, 0, 0.523533, 0.060004
16, 157, 3, 0, 1, 1, 1, 0, 0.517243, 0.020783
16, 158, 2, 0, 1, 1, 1, 0, 0.430661, 0.060413
16, 159, 3, 1, 1, 1, 1, 1, 0.463076, 0.046771
16, 160, 1, 0, 1, 1, -1, 0, 0.516898, 0.054176
16, 161, 5, 0, 1, 1, -1, 0, 0.510879, 0.040930
16, 162, 4, 0, 1, 1, 1, 0, 0.598001, 0.040712
16, 163, 3, 2, 1, 1, -1, 1, 0.750656, 0.000000
16, 164, 5, 0, 1, 1, 1, 0, 0.529645, 0.034074
16, 165, 4, 0, 1, 1, -1, 0, 0.531641, 0.054247
16, 166, 4, 6, 1, 1, 1, 1, 0.780885, 0.027105
16, 167, 4, 0, 1, 1, -1, 0, 0.517097, 0.086878
16, 168, 2, 1, 1, 1, -1, 1, 0.672625, 0.059886
16, 169, 2, 5, 1, 1, -1, -1, 0.584028, 0.000000
16, 170, 5, 3, 1, 1, 1, -1, 0.650186, 0.000000
16, 171, 6, 6, 1, 1, -1, -1, 0.775418, 0.067297
16, 172, 3, 0, 1, 1, 1, 0, 0.648658, 0.040708
16, 173, 5, 0, 1, 1, 1, 0, 0.564112, 0.053842
16, 174, 4, 0, 1, 1, -1, 0, 0.478543, 0.034090
16, 175, 1, 0, 1, 1, 1, 0, 0.834683, 0.040569
16, 176, 5, 0, 1, 1, 1, 0, 0.558081, 0.060909
16, 177, 2, 3, 1, 1, -1, -1, 0.589611, 0.053887
16, 178, 6, 0, 1, 1, -1, 0, 0.543373, 0.014175
16, 179, 1, 0, 1, 1, -1, 0, 0.588543, 0.047440
16, 180, 6, 5, 1, 1, 1, -1, 0.755876, 0.000000
16, 181, 2, 0, 1, 1, 1, 0, 0.550975, 0.000000
16, 182, 4, 5, 1, 1, -1, 1, 0.503200, 0.000000
16, 183, 1, 0, 1, 1, 1, 0, 0.413035, 0.000000
16, 184, 6, 2, 1, 1, -1, -1, 0.489979, 0.000000
16, 185, 6, 4, 1, 1, -1, -1, 0.450801, 0.000000
16, 186, 2, 0, 1, 1, -1, 0, 0.563434, 0.383815
16, 187, 4, 3, 1, 1, 1, 1, 0.642958, 0.146206
16, 188, 2, 5, 1, 1, 1, -1, 0.707536, 0.007553
16, 189, 5, 2, 1, 1, 1, 1, 0.602581, 0.000000
16, 190, 1, 6, 1, 1, -1, -1, 0.590065, 0.034029
16, 191, 3, 0, 1, 1, 1, 0, 0.516810, 0.000000
16, 192, 3, 3, 1, 1, -1, 1, 0.596711, 0.014204
16, 193, 3, 0, 1, 1, -1, 0, 0.503746, 0.027447
16, 194, 3, 1, 1, 1, -1, 1, 0.631225, 0.000000
16, 195, 5, 6, 1, 1, -1, -1, 0.596394, 0.060905
16, 196, 4, 0, 1, 1, 1, 0, 0.523212, 0.000000
16, 197, 5, 5, 1, 1, -1, -1, 0.536365, 0.000000
16, 198, 5, 0, 1, 1, 1, 0, 0.572163, 0.000000
16, 199, 5, 0, 1, 3, -1, 0, 0.516819, 0.000000
16, 200, 5, 1, 1, 1, 1, -1, 0.555536, 0.020841
16, 201, 6, 0, 1, 1, 1, 0, 0.568404, 0.007501
16, 202, 1, 3, 1, 1, -1, -1, 0.754020, 0.020737
16, 203, 6, 0, 1, 1, -1, 0, 0.484032, 0.000000
16, 204, 4, 1, 1, 1, 1, -1, 0.791501, 0.305367
16, 205, 1, 0, 1, 1, -1, 0, 0.531170, 0.067293
16, 206, 4, 4, 1, 1, -1, 1, 0.561228, 0.066660
16, 207, 4, 3, 1, 1, 1, 1, 0.555755, 0.047009
16, 208, 6, 1, 1, 1, -1, 1, 0.622330, 0.040711
16, 209, 2, 1, 1, 1, 1, -1, 0.707882, 0.027374
16, 210, 1, 0, 1, 1, -1, 0, 0.504945, 0.067242
16, 211, 6, 0, 1, 1, -1, 0, 0.596143, 0.053640
16, 212, 5, 0, 1, 1, -1, 0, 0.436760, 0.033607
16, 213, 2, 0, 1, 1, 1, 0, 0.476654, 0.027454
16, 214, 6, 0, 1, 1, -1, 0, 0.483584, 0.000000
16, 215, 2, 3, 1, 1, 1, -1, 0.594153, 0.000000
16, 216, 3, 0, 1, 1, 1, 0, 0.584579, 0.047034
16, 217, 4, 0, 1, 1, 1, 0, 0.550318, 0.000000
16, 218, 5, 0, 1, 1, 1, 0, 0.617782, 0.013861
16, 219, 2, 4, 1, 1, -1, 1, 0.687527, 0.000000
16, 220, 4, 0, 1, 1, 1, 0, 0.576543, 0.034101
16, 221, 4, 0, 1, 1, -1, 0, 0.491015, 0.000000
16, 222, 1, 0, 1, 1, 1, 0, 0.522112, 0.027234
16, 223, 2, 0, 1, 1, -1, 0, 0.515716, 0.007542
16, 224, 2, 0, 1, 1, -1, 0, 0.545316, 0.000000
16, 225, 1, 0, 1, 1, -1, 0, 0.508137, 0.007535
16, 226, 3, 0, 1, 1, -1, 0, 0.472187, 0.000000
16, 227, 4, 0, 1, 1, -1, 0, 0.488894, 0.000000
16, 228, 2, 0, 1, 1, 1, 0, 0.743063, 0.000000
16, 229, 6, 4, 1, 1, 1, 1, 0.582341, 0.000000
16, 230, 6, 0, 1, 1, 1, 0, 0.574996, 0.007161
16, 231, 2, 0, 1, 1, -1, 0, 0.535028, 0.000000
16, 232, 6, 0, 1, 1, 1, 0, 0.509656, 0.007477
16, 233, 3, 1, 1, 1, 1, -1, 0.601159, 0.000000
16, 234, 4, 4, 1, 1, -1, -1, 0.531058, 0.000000
16, 235, 6, 0, 1, 1, -1, 0, 0.515909, 0.027454
16, 236, 2, 0, 1, 1, 1, 0, 0.509723, 0.034195
16, 237, 3, 0, 1, 1, -1, 0, 0.566562, 0.000000
16, 238, 3, 0, 1, 1, 1, 0, 0.839612, 0.000000
16, 239, 3, 0, 1, 1, -1, 0, 0.496661, 0.067050
16, 240, 1, 2, 1, 1, -1, -1, 0.558228, 0.020728
16, 241, 1, 0, 1, 1, -1, 0, 0.522376, 0.034123
16, 242, 4, 5, 1, 1, -1, -1, 0.483810, 0.027470
16, 243, 6, 2, 0, -1, 1, -1, 0.537600, 0.869120
16, 244, 1, 0, 1, 1, 1, 0, 0.570026, 0.040635
16, 245, 1, 6, 1, 1, -1, 1, 0.736563, 0.000000
16, 246, 6, 2, 1, 1, 1, -1, 0.707433, 0.060448
16, 247, 4, 0, 1, 1, -1, 0, 0.481876, 0.000000
16, 248, 1, 0, 1, 1, -1, 0, 0.536386, 0.040399
16, 249, 1, 6, 1, 1, 1, -1, 0.670517, 0.021004
16, 250, 4, 0, 1, 1, 1, 0, 0.582566, 0.014122
16, 251, 1, 0, 1, 1, -1, 0, 0.554478, 0.027384
16, 252, 1, 0, 1, 1, 1, 0, 0.495914, 0.014078
16, 253, 2, 0, 1, 1, 1, 0, 0.484545, 0.020770
16, 254, 3, 3, 1, 1, 1, -1, 0.632317, 0.020783
16, 255, 6, 2, 1, 1, -1, -1, 0.820779, 0.000996
16, 256, 2, 0, 1, 1, 1, 0, 0.524322, 0.027612
16, 257, 1, 0, 1, 1, -1, 0, 0.555902, 0.000000
16, 258, 5, 0, 1, 1, -1, 0, 0.516118, 0.000000
16, 259, 3, 4, 1, 1, -1, 1, 0.602808, 0.014170
16, 260, 5, 3, 1, 1, 1, 1, 0.657467, 0.014136
16, 261, 5, 0, 1, 1, 1, 0, 0.584318, 0.047197
16, 262, 4, 5, 1, 1, -1, 1, 0.548849, 0.000000
16, 263, 6, 0, 1, 1, 1, 0, 0.557630, 0.000000
16, 264, 3, 3, 1, 1, -1, -1, 0.760935, 0.033455
16, 265, 3, 0, 1, 1, -1, 0, 0.497279, 0.000000
16, 266, 3, 5, 1, 1, 1, 1, 0.569618, 0.535645
16, 267, 5, 3, 1, 1, -1, 1, 0.591150, 0.126466
16, 268, 4, 6, 1, 1, -1, 1, 0.710322, 0.265013
16, 269, 1, 5, 1, 1, 1, -1, 0.714053, 0.106537
16, 270, 2, 2, 1, 1, 1, 1, 0.594626, 0.304358
16, 271, 6, 4, 1, 1, -1, 1, 0.707226, 0.251696
16, 272, 6, 5, 1, 1, -1, 1, 0.607657, 0.250563
16, 273, 4, 2, 1, 1, -1, 1, 0.839612, 0.093616
16, 274, 1, 5, 1, 1, -1, 1, 0.820996, 0.153381
16, 275, 5, 0, 1, 1, 1, 0, 0.569761, 0.139948
16, 276, 4, 1, 1, 1, 1, -1, 0.564729, 0.000000
16, 277, 4, 4, 1, 1, -1, -1, 0.490380, 0.000000
16, 278, 5, 1, 1, 1, -1, 1, 0.563076, 0.020574
16, 279, 4, 6, 1, 1, -1, -1, 0.564275, 0.007618
16, 280, 2, 0, 1, 1, 1, 0, 0.588998, 0.119681
16, 281, 2, 0, 1, 1, -1, 0, 0.563948, 0.060809
16, 282, 5, 1, 1, 1, -1, -1, 0.510803, 0.000000
16, 283, 3, 6, 1, 1, 1, 1, 0.648085, 0.007519
16, 284, 2, 6, 1, 1, 1, 1, 0.508378, 0.007489
16, 285, 2, 0, 1, 1, -1, 0, 0.477029, 0.000000
16, 286, 2, 6, 1, 1, -1, -1, 0.503150, 0.000000
16, 287, 5, 3, 1, 1, 1, -1, 0.632347, 0.000000
16, 288, 1, 5, 1, 1, 1, 1, 0.534847, 0.020761
16, 289, 2, 1, 1, 1, -1, -1, 0.577267, 0.000000
16, 290, 3, 4, 1, 1, -1, -1, 0.471109, 0.000000
16, 291, 5, 4, 1, 1, -1, 1, 0.465208, 0.000000
16, 292, 5, 0, 1, 1, -1, 0, 0.557853, 0.073765
16, 293, 5, 2, 1, 1, 1, -1, 0.640900, 0.027068
16, 294, 3, 0, 1, 1, 1, 0, 0.570070, 0.033973
16, 295, 4, 2, 1, 1, 1, 1, 0.561039, 0.000000
16, 296, 2, 6, 1, 1, -1, -1, 0.542675, 0.020734
16, 297, 6, 0, 1, 1, -1, 0, 0.522817, 0.000000
16, 298, 5, 0, 1, 1, -1, 0, 0.574797, 0.139106
16, 299, 1, 4, 1, 1, -1, -1, 0.707741, 0.014125
16, 300, 5, 3, 1, 1, 1, 1, 0.548240, 0.000000
16, 301, 6, 0, 1, 1, 1, 0, 0.496276, 0.000000
16, 302, 1, 1, 0, -1, 1, -1, 0.708865, 0.832346
16, 303, 2, 2, 1, 1, -1, -1, 0.530794, 0.000000
16, 304, 1, 0, 1, 1, 1, 0, 0.510537, 0.000000
16, 305, 6, 0, 1, 1, 1, 0, 0.561647, 0.033701
16, 306, 6, 3, 1, 1, 1, 1, 0.583504, 0.000000
16, 307, 1, 4, 1, 1, -1, 1, 0.602569, 0.007622
16, 308, 6, 0, 1, 1, -1, 0, 0.503546, 0.053963
16, 309, 2, 6, 1, 1, 1, -1, 0.808437, 0.000000
16, 310, 1, 0, 1, 1, -1, 0, 0.475729, 0.000000
16, 311, 3, 2, 1, 1, -1, 1, 0.604544, 0.000000
16, 312, 2, 0, 1, 1, -1, 0, 0.483580, 0.000000
16, 313, 2, 0, 1, 1, 1, 0, 0.530990, 0.000000
16, 314, 3, 0, 1, 1, 1, 0, 0.575079, 0.014127
16, 315, 2, 3, 1, 1, 1, -1, 0.497651, 0.000000
16, 316, 5, 6, 1, 1, -1, 1, 0.629983, 0.000000
16, 317, 1, 0, 1, 1, 1, 0, 0.504095, 0.014155
16, 318, 3, 0, 1, 1, -1, 0, 0.497938, 0.000000
16, 319, 6, 4, 1, 1, 1, -1, 0.799854, 0.020868
16, 320, 5, 0, 1, 1, -1, 0, 0.442241, 0.007475
16, 321, 5, 0, 1, 1, -1, 0, 0.455287, 0.040608
16, 322, 5, 5, 1, 1, 1, -1, 0.568996, 0.020755
16, 323, 2, 1, 1, 1, -1, -1, 0.643959, 0.000000
16, 324, 6, 6, 1, 1, -1, -1, 0.540211, 0.000000
16, 325, 1, 5, 1, 1, 1, 1, 0.535679, 0.000000
16, 326, 2, 5, 1, 1, 1, 1, 0.489170, 0.000000
16, 327, 6, 1, 1, 1, 1, 1, 0.644714, 0.000945
16, 328, 2, 4, 1, 1, 1, -1, 0.616952, 0.000000
16, 329, 2, 0, 1, 1, 1, 0, 0.483142, 0.014211
16, 330, 2, 3, 1, 1, -1, -1, 0.714900, 0.000000
16, 331, 1, 0, 1, 1, 1, 0, 0.443471, 0.000000
16, 332, 1, 1, 1, 1, -1, 1, 0.564111, 0.027588
16, 333, 3, 0, 1, 1, 1, 0, 0.555846, 0.073581
16, 334, 2, 0, 1, 1, 1, 0, 0.548230, 0.046288
16, 335, 1, 0, 1, 1, 1, 0, 0.517820, 0.107164
16, 336, 4, 2, 1, 1, 1, 1, 0.523927, 0.000000
16, 337, 1, 3, 1, 1, 1, 1, 0.583194, 0.014137
16, 338, 2, 0, 1, 1, -1, 0, 0.502599, 0.060476
16, 339, 4, 0, 1, 1, -1, 0, 0.517204, 0.013860
16, 340, 6, 1, 1, 1, -1, -1, 0.523457, 0.060175
16, 341, 6, 0, 1, 1, 1, 0, 0.515849, 0.053718
16, 342, 3, 0, 1, 1, 1, 0, 0.556624, 0.000000
16, 343, 1, 1, 1, 1, -1, 1, 0.503147, 0.000000
16, 344, 5, 2, 1, 1, 1, 1, 0.682496, 0.000000
16, 345, 3, 4, 1, 1, 1, 1, 0.592156, 0.000000
16, 346, 4, 0, 1, 1, -1, 0, 0.655567, 0.060412
16, 347, 6, 0, 1, 1, 1, 0, 0.572079, 0.027469
16, 348, 3, 0, 1, 1, -1, 0, 0.503861, 0.014150
16, 349, 3, 1, 1, 1, -1, -1, 0.561316, 0.027307
16, 350, 3, 0, 1, 1, -1, 0, 0.418302, 0.000000
16, 351, 4, 0, 1, 1, -1, 0, 0.476477, 0.000000
16, 352, 5, 6, 1, 1, -1, -1, 0.504155, 0.047493
16, 353, 5, 4, 1, 1, -1, -1, 0.564335, 0.067232
16, 354, 2, 0, 1, 1, -1, 0, 0.516435, 0.027392
16, 355, 5, 0, 1, 1, 1, 0, 0.537884, 0.007552
16, 356, 6, 0, 1, 1, 1, 0, 0.615782, 0.000000
16, 357, 5, 0, 1, 1, -1, 0, 0.458508, 0.047147
16, 358, 5, 4, 1, 1, -1, 1, 0.497316, 0.000000
16, 359, 5, 1, 1, 1, 1, 1, 0.632527, 0.000985
16, 360, 3, 4, 1, 1, 1, -1, 0.620995, 0.000000
16, 361, 5, 0, 1, 1, 1, 0, 0.562194, 0.014091
16, 362, 5, 5, 1, 1, -1, 1, 0.476619, 0.060470
16, 363, 2, 1, 1, 1, 1, 1, 0.489647, 0.087006
16, 364, 6, 3, 1, 1, -1, -1, 0.554656, 0.033582
16, 365, 4, 0, 1, 1, -1, 0, 0.476592, 0.020839
16, 366, 2, 0, 1, 1, -1, 0, 0.590321, 0.087190
16, 367, 2, 6, 1, 1, 1, -1, 0.699847, 0.026932
16, 368, 5, 0, 1, 1, -1, 0, 0.510448, 0.982216
16, 369, 5, 0, 1, 1, -1, 0, 0.432190, 0.080682
16, 370, 3, 4, 1, 1, 1, -1, 1.242810, 0.212534
16, 371, 6, 4, 1, 1, -1, 1, 0.610281, 0.020585
16, 372, 6, 0, 1, 1, 1, 0, 0.687843, 0.000000
16, 373, 4, 3, 1, 1, 1, -1, 0.730065, 0.040730
16, 374, 6, 0, 1, 1, -1, 0, 0.503985, 0.020385
16, 375, 5, 0, 1, 1, -1, 0, 0.451604, 0.000000
16, 376, 6, 5, 1, 1, -1, -1, 0.569163, 0.034000
16, 377, 4, 0, 1, 1, 1, 0, 0.563327, 0.014099
16, 378, 3, 0, 1, 1, -1, 0, 0.510273, 0.040165
16, 379, 1, 0, 1, 1, 1, 0, 0.436626, 0.053698
16, 380, 3, 0, 1, 1, -1, 0, 0.508498, 0.060572
16, 381, 2, 5, 1, 1, -1, 1, 0.656314, 0.014174
16, 382, 3, 4, 1, 1, -1, 1, 0.464663, 0.000000
16, 383, 1, 1, 0, -1, 1, -1, 0.524095, 0.503381
16, 384, 4, 2, 1, 1, 1, -1, 0.675167, 0.087189
16, 385, 3, 2, 1, 1, 1, 1, 0.596729, 0.007615
16, 386, 5, 0, 1, 1, -1, 0, 0.471392, 0.106703
16, 387, 4, 0, 1, 1, 1, 0, 0.628167, 0.007591
16, 388, 5, 2, 1, 1, -1, 1, 0.535040, 0.040614
16, 389, 6, 0, 1, 1, 1, 0, 0.555476, 0.000000
16, 390, 4, 1, 1, 1, -1, 1, 0.664931, 0.000000
16, 391, 4, 6, 1, 1, -1, 1, 0.708557, 0.034332
16, 392, 3, 2, 1, 1, 1, -1, 0.561387, 0.027133
16, 393, 6, 0, 1, 1, 1, 0, 0.636625, 0.080606
16, 394, 1, 0, 1, 1, 1, 0, 0.522418, 0.086929
16, 395, 6, 3, 1, 1, 1, 1, 0.554259, 0.034038
16, 396, 3, 4, 1, 1, 1, 1, 0.557319, 0.093060
16, 397, 1, 0, 1, 1, -1, 0, 0.583899, 0.080079
16, 398, 1, 1, 1, 1, 1, 1, 0.665235, 0.026789
16, 399, 2, 0, 1, 1, -1, 0, 0.595832, 0.067091
16, 400, 5, 0, 1, 1, 1, 0, 0.656033, 0.186685
16, 401, 4, 0, 0, 1, 1, 0, 0.729352, 0.311518
16, 402, 4, 4, 1, 1, 1, -1, 0.708795, 0.193008
16, 403, 4, 4, 1, 1, -1, 1, 0.593959, 0.152537
16, 404, 2, 0, 1, 1, 1, 0, 0.576471, 0.053988
16, 405, 2, 0, 1, 1, -1, 0, 0.597655, 0.259131
16, 406, 6, 0, 1, 1, 1, 0, 0.657935, 0.000000
16, 407, 5, 5, 1, 1, -1, 1, 0.502307, 0.007485
16, 408, 6, 3, 1, 1, -1, 1, 0.488859, 0.020401
16, 409, 4, 2, 1, 1, -1, -1, 0.608397, 0.000000
16, 410, 3, 1, 1, 1, -1, 1, 0.577675, 0.000000
16, 411, 5, 6, 1, 1, 1, 1, 0.589200, 0.000000
16, 412, 5, 4, 1, 1, 1, 1, 0.681089, 0.000000
16, 413, 6, 1, 1, 1, 1, -1, 0.761113, 0.000000
16, 414, 2, 0, 1, 1, 1, 0, 0.527963, 0.040341
16, 415, 4, 0, 1, 1, -1, 0, 0.576694, 0.080188
16, 416, 4, 0, 1, 1, 1, 0, 0.556429, 0.027362
16, 417, 2, 0, 1, 1, -1, 0, 0.516829, 0.053931
16, 418, 1, 0, 1, 1, 1, 0, 0.694895, 0.000000
16, 419, 4, 0, 1, 1, -1, 0, 0.643244, 0.080634
16, 420, 3, 3, 1, 1, 1, -1, 0.635266, 0.040606
16, 421, 4, 3, 1, 1, -1, 1, 0.589795, 0.034104
16, 422, 1, 0, 1, 1, -1, 0, 0.530627, 0.053621
16, 423, 3, 0, 1, 1, -1, 0, 0.557774, 0.040885
16, 424, 5, 5, 1, 1, -1, -1, 0.569552, 0.000991
16, 425, 1, 0, 1, 1, -1, 0, 0.535607, 0.047345
16, 426, 4, 0, 1, 1, 1, 0, 0.582209, 0.007477
16, 427, 2, 0, 1, 1, 1, 0, 0.530646, 0.007547
16, 428, 6, 2, 1, 1, 1, 1, 0.696373, 0.007503
16, 429, 1, 0, 1, 1, 1, 0, 0.565226, 0.000000
16, 430, 3, 0, 1, 1, 1, 0, 0.715621, 0.020476
16, 431, 3, 5, 1, 1, -1, -1, 0.714679, 0.087226
16, 432, 6, 0, 1, 1, 1, 0, 0.462458, 0.000000
16, 433, 3, 6, 1, 1, 1, -1, 0.588626, 0.000000
16, 434, 6, 3, 1, 1, 1, -1, 0.641339, 0.054179
16, 435, 5, 0, 1, 1, 1, 0, 0.555222, 0.066630
16, 436, 4, 0, 1, 1, -1, 0, 0.511262, 0.100354
16, 437, 2, 4, 1, 1, -1, 1, 0.763397, 0.000000
16, 438, 1, 6, 1, 1, 1, -1, 0.693483, 0.000000
16, 439, 6, 0, 1, 1, -1, 0, 0.505511, 0.060783
16, 440, 1, 2, 1, 1, -1, 1, 0.582576, 0.060011
16, 441, 1, 6, 1, 1, -1, 1, 0.623985, 0.073941
16, 442, 5, 1, 1, 1, 1, 1, 0.641180, 0.080292
16, 443, 6, 6, 1, 1, 1, 1, 0.543690, 0.027251
16, 444, 3, 4, 1, 1, -1, -1, 0.630982, 0.047417
16, 445, 2, 0, 1, 1, 1, 0, 0.562859, 0.086080
16, 446, 3, 0, 1, 1, 1, 0, 0.589568, 0.040529
16, 447, 4, 0, 1, 1, -1, 0, 0.495889, 0.087323
16, 448, 3, 5, 1, 1, 1, 1, 0.603349, 0.074047
16, 449, 4, 0, 1, 1, -1, 0, 0.484088, 0.053734
16, 450, 5, 6, 1, 1, 1, -1, 0.725793, 0.000000
16, 451, 6, 0, 1, 1, -1, 0, 0.609137, 0.324920
16, 452, 2, 0, 1, 1, -1, 0, 0.649875, 0.239834
16, 453, 3, 0, 1, 1, 1, 0, 0.623543, 0.226273
16, 454, 6, 3, 1, 1, -1, -1, 0.654740, 0.145931
16, 455, 4, 0, 1, 1, 1, 0, 0.557315, 0.080130
16, 456, 3, 1, 1, 1, -1, -1, 0.650723, 0.120699
16, 457, 6, 0, 1, 1, -1, 0, 0.491032, 0.053977
16, 458, 6, 0, 1, 1, 1, 0, 0.557411, 0.047430
16, 459, 5, 0, 1, 1, 1, 0, 0.502981, 0.000000
16, 460, 3, 6, 1, 1, -1, -1, 0.563388, 0.014165
16, 461, 2, 6, 1, 1, 1, 1, 0.676106, 0.007563
16, 462, 6, 0, 1, 1, 1, 0, 0.503926, 0.047499
16, 463, 6, 0, 1, 1, 1, 0, 0.513718, 0.060322
16, 464, 4, 0, 1, 1, -1, 0, 0.541259, 0.093813
16, 465, 3, 5, 1, 1, -1, 1, 0.530936, 0.033839
16, 466, 3, 0, 1, 1, 1, 0, 0.607248, 0.034078
16, 467, 6, 4, 1, 1, 1, 1, 0.655441, 0.026855
16, 468, 2, 1, 1, 1, 1, -1, 0.723509, 0.014182
16, 469, 5, 4, 1, 1, 1, 1, 0.656075, 0.047518
16, 470, 6, 0, 1, 1, -1, 0, 0.508213, 0.053878
16, 471, 6, 2, 1, 1, 1, 1, 0.674716, 0.086455
16, 472, 5, 0, 1, 1, 1, 0, 0.604906, 0.000000
16, 473, 6, 1, 1, 1, -1, -1, 0.548753, 0.047406
16, 474, 5, 6, 1, 1, 1, 1, 0.589655, 0.046621
16, 475, 6, 0, 1, 1, -1, 0, 0.523435, 0.053453
16, 476, 3, 0, 1, 1, 1, 0, 0.484553, 0.000000
16, 477, 3, 0, 1, 1, 1, 0, 0.550046, 0.060518
16, 478, 4, 0, 1, 1, 1, 0, 0.522341, 0.033860
16, 479, 4, 0, 1, 1, 1, 0, 0.509870, 0.034131
16, 480, 1, 2, 1, 1, 1, 1, 0.530829, 0.040625
16, 481, 4, 2, 1, 1, 1, -1, 0.620184, 0.000000
16, 482, 5, 4, 1, 1, 1, -1, 0.675957, 0.000000
16, 483, 2, 0, 1, 1, -1, 0, 0.509499, 0.000000
16, 484, 4, 1, 1, 1, -1, -1, 0.537668, 0.040686
16, 485, 1, 5, 1, 1, -1, -1, 0.602095, 0.007456
16, 486, 3, 5, 1, 1, -1, 1, 0.564302, 0.047387
16, 487, 4, 0, 1, 1, 1, 0, 0.576355, 0.000000
16, 488, 1, 4, 1, 1, 1, -1, 0.529552, 0.020469
16, 489, 2, 0, 1, 1, -1, 0, 0.649994, 0.167249
16, 490, 5, 0, 1, 1, 1, 0, 0.530496, 0.067179
16, 491, 4, 3, 1, 1, 1, -1, 0.752358, 0.067217
16, 492, 5, 6, 1, 1, 1, -1, 0.733626, 0.159363
16, 493, 3, 3, 1, 1, -1, -1, 0.628102, 0.080407
16, 494, 2, 0, 1, 1, -1, 0, 0.515680, 0.046721
16, 495, 1, 0, 1, 1, -1, 0, 0.596426, 0.066946
16, 496, 4, 0, 1, 1, 1, 0, 0.550675, 0.014162
16, 497, 6, 0, 1, 1, -1, 0, 0.523609, 0.014246
16, 498, 6, 6, 1, 1, -1, 1, 0.733727, 0.000000
16, 499, 2, 0, 1, 1, 1, 0, 0.491247, 0.000000
16, 500, 1, 0, 1, 1, 1, 0, 0.508972, 0.046774
16, 501, 4, 1, 1, 1, -1, -1, 0.521620, 0.000000
16, 502, 5, 3, 1, 1, -1, 1, 0.523762, 0.000000
16, 503, 6, 0, 1, 1, -1, 0, 0.496557, 0.000000
16, 504, 3, 6, 1, 1, 1, 1, 0.662672, 0.389418
16, 505, 1, 6, 1, 1, -1, -1, 0.660725, 0.000000
16, 506, 4, 6, 1, 1, -1, -1, 0.524878, 0.000000
16, 507, 1, 5, 1, 1, 1, -1, 0.694909, 0.316100
16, 508, 1, 3, 1, 1, -1, 1, 0.524019, 0.007537
16, 509, 1, 0, 1, 1, -1, 0, 0.516741, 0.000000
16, 510, 3, 0, 1, 1, -1, 0, 0.536424, 0.000000
16, 511, 2, 0, 1, 1, -1, 0, 0.535490, 0.014189
16, 512, 6, 3, 1, 1, 1, -1, 0.687084, 0.000000
16, 513, 1, 0, 1, 1, -1, 0, 0.538485, 0.000000
16, 514, 6, 0, 1, 1, -1, 0, 0.483100, 0.020295
16, 515, 4, 0, 1, 1, 1, 0, 0.590367, 0.007559
16, 516, 3, 0, 1, 1, -1, 0, 0.503037, 0.000000
16, 517, 1, 3, 1, 1, 1, -1, 0.589494, 0.000000
16, 518, 4, 0, 1, 1, 1, 0, 0.570673, 0.000000
16, 519, 4, 2, 1, 1, -1, 1, 0.576252, 0.000000
16, 520, 1, 3, 1, 1, 1, -1, 0.575638, 0.040270
16, 521, 2, 0, 1, 1, -1, 0, 0.599066, 0.040531
16, 522, 4, 0, 1, 1, -1, 0, 0.562793, 0.007448
16, 523, 2, 2, 1, 1, -1, -1, 0.591575, 0.047045
16, 524, 6, 0, 1, 1, 1, 0, 0.640941, 0.027228
16, 525, 6, 0, 1, 1, -1, 0, 0.534985, 0.000000
16, 526, 2, 4, 1, 1, -1, -1, 0.790025, 0.021166
16, 527, 5, 4, 1, 1, 1, -1, 0.615758, 0.053933
16, 528, 2, 0, 1, 1, -1, 0, 0.556435, 0.007552
16, 529, 3, 6, 1, 1, -1, 1, 0.568044, 0.000000
16, 530, 5, 0, 1, 1, -1, 0, 0.444210, 0.020774
16, 531, 3, 0, 1, 1, -1, 0, 0.534875, 0.000000
16, 532, 6, 6, 1, 1, 1, -1, 0.707670, 0.000000
16, 533, 2, 0, 1, 1, -1, 0, 0.504227, 0.000000
16, 534, 3, 0, 1, 1, 1, 0, 0.615462, 0.000000
16, 535, 6, 0, 1, 1, -1, 0, 0.562965, 0.000000
16, 536, 2, 5, 1, 1, 1, -1, 0.562463, 0.000000
16, 537, 2, 4, 1, 1, 1, 1, 0.594104, 0.000000
16, 538, 2, 2, 1, 1, -1, 1, 0.644888, 0.000000
16, 539, 4, 0, 1, 1, -1, 0, 0.477232, 0.766349
16, 540, 4, 3, 1, 1, -1, 1, 0.516349, 0.000000
16, 541, 1, 4, 1, 1, 1, 1, 0.648347, 0.033917
16, 542, 3, 0, 1, 1, -1, 0, 0.490815, 0.000000
16, 543, 1, 1, 1, 1, 1, 1, 0.469896, 0.000000
16, 544, 3, 0, 1, 1, -1, 0, 0.475360, 0.000000
16, 545, 2, 1, 1, 1, -1, 1, 0.602744, 0.325135
16, 546, 1, 4, 1, 1, 1, 1, 0.635119, 0.013579
16, 547, 5, 1, 1, 1, 1, -1, 0.622219, 0.000000
16, 548, 4, 5, 1, 1, 1, 1, 0.676331, 0.000000
16, 549, 3, 0, 1, 1, -1, 0, 0.498051, 0.000000
16, 550, 1, 0, 1, 1, -1, 0, 0.522368, 0.020785
16, 551, 5, 0, 1, 1, -1, 0, 0.523266, 0.007317
16, 552, 5, 2, 1, 1, 1, -1, 0.641195, 0.000000
16, 553, 2, 4, 1, 1, 1, -1, 0.701536, 0.000000
16, 554, 3, 2, 1, 1, 1, 1, 0.628871, 0.000000
16, 555, 6, 0, 1, 1, 1, 0, 0.588669, 0.014162
16, 556, 3, 6, 1, 1, -1, -1, 0.656381, 0.000000
16, 557, 1, 0, 1, 1, 1, 0, 0.417376, 0.000000
16, 558, 3, 0, 1, 1, -1, 0, 0.628017, 0.093417
16, 559, 2, 0, 1, 1, 1, 0, 0.582158, 0.007482
16, 560, 5, 5, 1, 1, 1, 1, 0.524150, 0.000000
16, 561, 3, 0, 1, 1, 1, 0, 0.523034, 0.000000
16, 562, 1, 4, 1, 1, -1, 1, 0.649220, 0.000000
16, 563, 2, 0, 1, 1, 1, 0, 0.497155, 0.000000
16, 564, 6, 2, 1, 1, -1, 1, 0.654278, 0.000000
16, 565, 5, 5, 1, 1, 1, 1, 0.607807, 0.047250
16, 566, 4, 5, 1, 1, -1, -1, 0.503147, 0.000000
16, 567, 5, 0, 1, 1, 1, 0, 0.508643, 0.000000
16, 568, 2, 3, 1, 1, -1, 1, 0.873014, 0.390113
16, 569, 1, 2, 1, 1, 1, -1, 0.555491, 0.000000
16, 570, 6, 0, 1, 1, 1, 0, 0.592364, 0.000000
16, 571, 1, 0, 1, 1, -1, 0, 0.491002, 0.007538
16, 572, 3, 0, 1, 1, 1, 0, 0.596074, 0.027177
16, 573, 5, 6, 1, 1, -1, 1, 0.569068, 0.020801
16, 574, 3, 3, 1, 1, 1, 1, 0.624563, 0.020876
16, 575, 4, 0, 1, 1, 1, 0, 0.576527, 0.014153
16, 576, 5, 0, 1, 1, 1, 0, 0.515985, 0.027334
