observer, trial, targLoc, distLoc, targDiscrim, thoughtNoAttCap, tc, dc, RT, TrialTypeRT
19, 2, 3, 0, 1, 1, 1, 0, 0.915892, 2.131652
19, 3, 5, 4, 1, 1, -1, -1, 0.886657, 1.152280
19, 4, 5, 0, 1, 1, 1, 0, 0.725756, 0.842435
19, 5, 2, 5, 1, -1, -1, 1, 1.185834, 3.525827
19, 7, 2, 0, 1, 1, 1, 0, 0.713090, 0.587665
19, 8, 6, 0, 1, 1, -1, 0, 0.757433, 0.666520
19, 9, 6, 6, 1, -1, 1, -1, 0.859962, 0.678824
19, 10, 2, 3, 1, -1, 1, -1, 0.840405, 0.606736
19, 12, 5, 0, 1, 1, 1, 0, 0.860582, 0.674303
19, 13, 2, 0, 1, 3, 1, 0, 0.679828, 0.406568
19, 14, 4, 5, 1, 1, 1, -1, 1.247876, 0.692215
19, 15, 6, 0, 1, 1, -1, 0, 0.925019, 0.611201
19, 17, 4, 0, 1, 1, 1, 0, 0.730140, 0.511480
19, 18, 6, 0, 1, 1, -1, 0, 0.941805, 0.444797
19, 19, 2, 0, 1, 1, 1, 0, 0.653690, 0.374982
19, 20, 4, 0, 1, 1, 1, 0, 1.146259, 0.670628
19, 21, 4, 0, 1, 1, 1, 0, 0.719046, 0.364793
19, 23, 3, 1, 1, 1, 1, -1, 0.733612, 0.479885
19, 24, 1, 0, 1, 1, 1, 0, 0.723789, 0.306688
19, 25, 4, 0, 1, 1, 1, 0, 0.938008, 0.513095
19, 26, 6, 4, 1, 1, 1, -1, 0.681062, 0.401505
19, 27, 2, 0, 1, 1, -1, 0, 0.638329, 0.398690
19, 28, 5, 3, 1, 1, -1, 1, 0.655184, 0.366610
19, 29, 6, 0, 0, -1, -1, 0, 0.619317, 1.076420
19, 30, 6, 4, 1, 1, 1, -1, 0.764856, 0.365487
19, 31, 2, 1, 1, -1, -1, 1, 0.701693, 1.465301
19, 32, 2, 0, 1, 1, 1, 0, 0.566670, 0.491397
19, 33, 1, 6, 1, 1, -1, -1, 0.725081, 0.625219
19, 34, 2, 4, 1, 1, -1, 1, 0.672406, 0.346534
19, 35, 6, 2, 1, 1, -1, -1, 0.566660, 0.746500
19, 36, 3, 1, 0, -1, 1, 1, 0.655693, 1.093566
19, 37, 2, 0, 1, 1, 1, 0, 0.714606, 0.355077
19, 38, 6, 6, 1, 1, -1, 1, 0.637394, 0.620109
19, 39, 1, 0, 1, 1, -1, 0, 0.570313, 0.374548
19, 40, 5, 1, 0, -1, 1, 1, 0.775596, 0.619002
19, 41, 1, 2, 0, -1, 1, -1, 0.691254, 0.612761
19, 42, 4, 0, 1, 1, 1, 0, 0.866127, 0.353871
19, 43, 2, 5, 1, -1, -1, 1, 0.990131, 0.609170
19, 44, 6, 5, 0, -1, 1, -1, 0.778491, 0.333719
19, 45, 1, 3, 1, 1, 1, -1, 0.698255, 0.640120
19, 46, 4, 0, 1, 1, 1, 0, 1.044077, 0.366777
19, 47, 3, 0, 1, 1, -1, 0, 0.671755, 0.353676
19, 48, 5, 0, 1, 1, 1, 0, 0.697422, 0.334306
19, 49, 1, 0, 1, 1, 1, 0, 0.656089, 0.519889
19, 50, 4, 6, 0, -1, 1, -1, 0.706882, 0.780231
19, 51, 6, 6, 1, -1, -1, 1, 0.969333, 0.552371
19, 52, 4, 0, 1, 1, -1, 0, 0.693570, 0.340638
19, 53, 3, 0, 0, -1, 1, 0, 0.533154, 0.780486
19, 54, 6, 0, 1, 1, 1, 0, 0.726256, 0.698791
19, 55, 2, 0, 1, 1, -1, 0, 0.558722, 0.519490
19, 56, 1, 5, 0, -1, -1, -1, 0.657324, 0.452459
19, 57, 1, 0, 1, 1, -1, 0, 0.612085, 0.506308
19, 58, 4, 1, 0, -1, 1, -1, 0.718280, 0.313046
19, 59, 5, 0, 1, 1, -1, 0, 0.752811, 0.325665
19, 60, 6, 1, 1, 1, -1, -1, 0.644399, 0.556469
19, 61, 6, 0, 1, 1, 1, 0, 0.721430, 0.341919
19, 62, 3, 1, 1, 1, -1, 1, 0.694327, 0.533731
19, 63, 1, 0, 1, 1, 1, 0, 0.607635, 0.394878
19, 64, 4, 0, 1, 1, 1, 0, 0.660361, 0.449332
19, 65, 6, 0, 1, 1, -1, 0, 0.634911, 0.308507
19, 66, 2, 0, 1, 1, 1, 0, 0.603441, 0.326864
19, 67, 4, 4, 0, -1, 1, -1, 0.685196, 0.728602
19, 68, 5, 0, 1, 1, -1, 0, 0.574363, 0.373746
19, 69, 2, 0, 1, 1, -1, 0, 0.560779, 0.420087
19, 70, 1, 0, 1, 1, 1, 0, 0.492818, 0.360055
19, 71, 4, 0, 1, 1, 1, 0, 0.579875, 0.355063
19, 72, 3, 0, 1, 1, 1, 0, 0.572677, 0.359090
19, 73, 4, 2, 1, 1, 1, -1, 0.672565, 0.671624
19, 74, 6, 5, 1, -1, -1, -1, 0.733625, 0.499740
19, 75, 2, 0, 1, 1, 1, 0, 0.593162, 0.379816
19, 76, 4, 3, 0, -1, 1, -1, 0.671513, 0.975020
19, 77, 3, 4, 1, -1, -1, -1, 0.664539, 0.812452
19, 78, 2, 2, 1, 1, 1, 1, 0.579306, 0.745271
19, 79, 2, 0, 1, 1, 1, 0, 0.560054, 0.668087
19, 80, 2, 3, 0, -1, -1, 1, 0.626173, 0.460686
19, 81, 5, 5, 0, -1, 1, 1, 1.277645, 1.112117
19, 82, 4, 6, 0, -1, 1, -1, 0.812209, 0.467564
19, 83, 2, 5, 1, 1, 1, -1, 0.817570, 0.754638
19, 84, 5, 3, 1, 1, -1, -1, 0.618687, 0.394726
19, 85, 6, 0, 1, 1, -1, 0, 0.705765, 0.373572
19, 86, 2, 5, 1, -1, -1, -1, 0.712243, 0.354648
19, 87, 3, 3, 0, -1, 1, 1, 0.680307, 0.433592
19, 88, 1, 0, 1, 1, -1, 0, 0.584026, 0.473543
19, 89, 5, 1, 1, -1, -1, -1, 0.666974, 0.546721
19, 90, 3, 0, 1, 1, -1, 0, 0.597905, 0.320070
19, 91, 4, 0, 1, 1, 1, 0, 0.594577, 0.315204
19, 92, 5, 0, 1, 1, 1, 0, 0.589904, 0.453415
19, 93, 1, 0, 1, 1, 1, 0, 0.565319, 0.340940
19, 94, 1, 5, 1, -1, -1, -1, 0.664827, 0.472486
19, 95, 2, 1, 1, 1, -1, -1, 0.540180, 0.846282
19, 96, 4, 2, 1, -1, -1, 1, 0.665240, 0.360300
19, 97, 5, 6, 0, -1, 1, -1, 0.657608, 0.578523
19, 98, 4, 0, 1, 1, -1, 0, 0.600265, 0.234159
19, 99, 6, 0, 1, 1, -1, 0, 0.593869, 0.301084
19, 100, 2, 0, 1, 1, 1, 0, 0.527334, 0.181077
19, 101, 2, 2, 1, 1, -1, -1, 0.710658, 0.445940
19, 102, 6, 2, 1, -1, -1, -1, 0.578919, 0.366035
19, 103, 6, 0, 1, 1, 1, 0, 0.719676, 0.299232
19, 104, 2, 0, 1, 1, -1, 0, 0.571293, 0.312691
19, 105, 4, 0, 1, 1, 1, 0, 0.631551, 0.220872
19, 106, 6, 0, 1, 1, -1, 0, 0.655013, 0.333578
19, 107, 2, 0, 1, 1, -1, 0, 0.578798, 0.519728
19, 108, 1, 0, 1, 1, -1, 0, 0.598182, 0.259558
19, 109, 6, 3, 0, -1, 1, 1, 0.638060, 0.365960
19, 110, 5, 6, 1, -1, -1, -1, 0.533149, 0.622578
19, 111, 3, 6, 1, -1, 1, 1, 0.654600, 0.361152
19, 112, 5, 0, 1, 1, -1, 0, 0.583295, 0.306848
19, 113, 4, 1, 1, -1, -1, -1, 0.585043, 0.233623
19, 114, 3, 6, 1, 1, -1, -1, 0.573991, 0.754770
19, 115, 5, 4, 1, 1, -1, 1, 0.559048, 0.339152
19, 116, 4, 4, 0, 1, 1, 1, 0.547342, 0.525922
19, 117, 1, 0, 1, 1, -1, 0, 0.540374, 0.294015
19, 118, 6, 0, 1, 1, -1, 0, 0.553623, 0.268252
19, 119, 6, 0, 1, 1, 1, 0, 0.685080, 0.285002
19, 120, 2, 0, 1, 1, 1, 0, 0.578120, 0.180949
19, 121, 5, 3, 1, 1, -1, -1, 0.553236, 0.260942
19, 122, 5, 0, 1, 1, 1, 0, 0.526839, 0.181339
19, 123, 1, 0, 1, 1, 1, 0, 0.553733, 0.199723
19, 124, 1, 6, 1, 1, 1, 1, 0.705846, 0.265326
19, 125, 4, 0, 1, 1, -1, 0, 0.538098, 0.226023
19, 126, 4, 0, 1, 1, -1, 0, 0.532658, 0.327460
19, 127, 2, 0, 1, 1, 1, 0, 0.504558, 0.286809
19, 128, 6, 0, 1, 1, 1, 0, 0.587191, 0.379032
19, 129, 2, 0, 1, 1, 1, 0, 0.501183, 0.354088
19, 130, 2, 0, 1, 1, -1, 0, 0.544798, 0.261934
19, 131, 5, 0, 1, 1, 1, 0, 0.547280, 0.293084
19, 132, 6, 0, 1, 3, 1, 0, 0.892126, 0.000000
19, 133, 1, 0, 1, 1, -1, 0, 0.643262, 0.140659
19, 134, 5, 1, 1, 1, 1, -1, 0.651402, 0.372197
19, 135, 5, 0, 1, 1, 1, 0, 0.685227, 0.341405
19, 136, 4, 5, 1, -1, -1, -1, 0.678214, 0.212949
19, 137, 5, 0, 1, 1, -1, 0, 0.493092, 0.227785
19, 138, 3, 0, 1, 1, 1, 0, 0.579323, 0.146804
19, 139, 3, 0, 0, 1, -1, 0, 0.545120, 1.313527
19, 140, 2, 6, 0, -1, -1, 1, 0.724216, 0.233527
19, 141, 1, 5, 1, -1, 1, -1, 0.646231, 0.507056
19, 142, 3, 5, 1, -1, -1, 1, 0.659803, 0.579967
19, 143, 3, 0, 1, 1, -1, 0, 0.598489, 1.258953
19, 144, 2, 2, 0, -1, -1, 1, 0.672421, 0.227697
19, 145, 5, 0, 1, 1, 1, 0, 0.586708, 0.120409
19, 146, 1, 5, 1, 1, 1, 1, 0.577946, 0.179440
19, 147, 3, 0, 0, 1, 1, 0, 0.726058, 0.953348
19, 148, 4, 0, 1, 1, -1, 0, 0.627064, 0.533251
19, 149, 4, 0, 1, 1, -1, 0, 0.572830, 0.180415
19, 150, 6, 4, 0, -1, 1, 1, 0.996195, 0.392134
19, 151, 5, 0, 1, 1, -1, 0, 0.664879, 0.219360
19, 152, 5, 4, 1, 1, 1, -1, 0.727249, 0.366137
19, 153, 5, 2, 0, -1, 1, 1, 0.699040, 0.266452
19, 154, 3, 1, 1, -1, 1, 1, 0.698782, 0.313800
19, 155, 4, 4, 1, 1, -1, -1, 0.618294, 0.335557
19, 156, 6, 2, 0, -1, 1, -1, 0.785385, 0.478680
19, 157, 2, 6, 0, 1, 1, -1, 0.679489, 1.066837
19, 158, 2, 2, 1, -1, -1, -1, 0.850432, 0.273577
19, 159, 2, 0, 1, 1, 1, 0, 0.641112, 0.147867
19, 160, 2, 2, 1, 1, 1, -1, 0.568403, 0.174446
19, 161, 3, 3, 1, 1, -1, -1, 0.647095, 0.200689
19, 162, 5, 5, 1, -1, -1, -1, 0.653823, 0.167741
19, 163, 5, 4, 0, -1, 1, -1, 0.627969, 0.185856
19, 164, 3, 0, 0, 1, 1, 0, 0.697934, 0.585229
19, 165, 1, 0, 1, 1, 1, 0, 0.746940, 0.168184
19, 166, 6, 3, 1, 1, -1, 1, 0.725587, 0.213705
19, 167, 2, 0, 1, 1, -1, 0, 0.669592, 0.153312
19, 168, 1, 0, 1, 1, 1, 0, 0.572192, 0.154476
19, 169, 1, 1, 1, 1, 1, 1, 0.593542, 0.126658
19, 170, 2, 4, 1, -1, -1, -1, 0.710168, 0.099341
19, 171, 3, 0, 1, 1, 1, 0, 1.012144, 0.106580
19, 172, 2, 0, 1, 1, -1, 0, 0.621115, 0.186988
19, 173, 3, 0, 1, 1, -1, 0, 0.894677, 0.140834
19, 174, 3, 0, 1, 1, -1, 0, 0.743143, 0.127676
19, 175, 3, 0, 1, 1, 1, 0, 0.699776, 0.107704
19, 176, 2, 5, 1, 1, 1, -1, 0.805319, 0.074065
19, 177, 5, 3, 1, 1, 1, 1, 0.701195, 0.100506
19, 178, 5, 2, 1, 1, -1, 1, 0.713229, 0.094373
19, 179, 3, 0, 1, 1, 1, 0, 0.665992, 0.127565
19, 180, 1, 0, 1, 1, -1, 0, 0.644578, 0.141066
19, 181, 6, 0, 1, 1, -1, 0, 0.713183, 0.160570
19, 182, 3, 0, 1, 1, 1, 0, 0.598904, 0.127539
19, 183, 3, 0, 1, 1, -1, 0, 0.600960, 0.147839
19, 184, 3, 1, 1, 1, 1, -1, 0.625799, 0.087063
19, 185, 5, 2, 1, 1, -1, -1, 0.643635, 0.139854
19, 186, 2, 5, 1, -1, 1, 1, 0.695020, 0.220591
19, 187, 3, 1, 1, 1, -1, -1, 0.691288, 0.165602
19, 188, 1, 0, 1, 1, -1, 0, 0.607473, 0.167608
19, 189, 3, 0, 1, 1, 1, 0, 0.614613, 0.114347
19, 190, 3, 0, 1, 1, -1, 0, 0.558557, 0.166703
19, 191, 1, 6, 0, -1, -1, 1, 0.727029, 0.274402
19, 192, 6, 5, 1, -1, 1, 1, 0.655013, 0.140398
19, 193, 1, 1, 1, -1, -1, -1, 0.617189, 0.160934
19, 194, 4, 6, 1, -1, -1, -1, 0.686134, 0.127394
19, 195, 2, 4, 1, -1, -1, 1, 0.665579, 0.100675
19, 196, 3, 0, 1, -1, -1, 0, 0.752280, 0.452114
19, 197, 6, 1, 1, -1, -1, 1, 0.609466, 0.146814
19, 198, 5, 5, 1, -1, -1, 1, 0.659523, 0.126949
19, 199, 5, 0, 1, -1, -1, 0, 0.613193, 0.127112
19, 200, 5, 0, 1, 1, 1, 0, 0.724754, 0.140984
19, 201, 1, 0, 1, 1, 1, 0, 0.680690, 0.483318
19, 202, 6, 1, 0, -1, -1, 1, 0.824361, 0.267470
19, 203, 5, 0, 1, 1, -1, 0, 0.537770, 0.558349
19, 204, 5, 5, 0, -1, 1, -1, 0.659587, 0.239739
19, 205, 1, 4, 1, -1, -1, -1, 0.646445, 0.214293
19, 206, 5, 0, 1, 1, 1, 0, 1.080668, 0.312241
19, 207, 6, 0, 1, 1, -1, 0, 0.645895, 0.292519
19, 208, 5, 6, 1, -1, -1, 1, 0.715469, 0.187183
19, 209, 1, 0, 1, 1, 1, 0, 0.578488, 0.198696
19, 210, 3, 1, 0, 1, -1, 1, 0.594066, 0.261385
19, 211, 5, 3, 0, -1, 1, -1, 0.680524, 0.255395
19, 212, 6, 4, 1, -1, -1, -1, 0.700333, 0.199752
19, 213, 4, 3, 0, -1, 1, -1, 0.663803, 0.233044
19, 214, 1, 4, 1, -1, 1, 1, 0.586644, 0.187818
19, 215, 6, 0, 1, 1, -1, 0, 0.587150, 0.233851
19, 216, 6, 6, 1, -1, -1, -1, 0.663869, 0.233738
19, 217, 3, 4, 1, -1, -1, -1, 0.666128, 0.207397
19, 218, 1, 3, 1, -1, -1, -1, 0.612752, 0.219724
19, 219, 5, 6, 1, -1, 1, 1, 0.566061, 0.173857
19, 220, 3, 5, 1, 1, 1, -1, 0.740689, 0.732424
19, 221, 4, 3, 1, 1, -1, -1, 0.633165, 0.172882
19, 222, 2, 0, 1, 1, -1, 0, 0.605717, 0.147521
19, 223, 3, 5, 1, 1, 1, 1, 0.712929, 0.141047
19, 224, 4, 0, 1, 1, -1, 0, 0.574515, 0.194693
19, 225, 6, 3, 1, -1, -1, 1, 1.007125, 0.319629
19, 226, 4, 0, 1, 1, -1, 0, 0.573071, 0.154371
19, 227, 2, 0, 1, 1, -1, 0, 0.586381, 0.155131
19, 228, 6, 4, 0, -1, -1, 1, 0.715271, 0.120585
19, 229, 2, 6, 1, 1, 1, -1, 0.756236, 0.147404
19, 230, 5, 0, 1, 1, -1, 0, 0.525908, 0.128138
19, 231, 6, 0, 1, 1, 1, 0, 0.737533, 0.253997
19, 232, 3, 4, 0, -1, -1, 1, 0.940242, 0.588436
19, 233, 1, 0, 1, 1, 1, 0, 0.607087, 0.140212
19, 234, 2, 0, 1, 1, -1, 0, 0.633492, 0.154809
19, 235, 6, 2, 1, 1, 1, 1, 0.704130, 0.199898
19, 236, 4, 5, 1, 1, -1, 1, 0.553809, 0.147831
19, 237, 4, 5, 1, 1, 1, 1, 0.653435, 0.133815
19, 238, 4, 0, 1, 1, 1, 0, 0.599925, 0.107415
19, 239, 3, 6, 1, 1, -1, -1, 0.639940, 0.147150
19, 240, 1, 0, 1, 1, 1, 0, 0.539383, 0.133375
19, 241, 1, 0, 1, 1, 1, 0, 0.478477, 0.140042
19, 242, 2, 3, 1, -1, 1, 1, 0.559696, 0.154130
19, 243, 1, 6, 1, -1, 1, -1, 0.616743, 0.140200
19, 244, 3, 0, 1, 1, -1, 0, 0.879515, 0.114401
19, 245, 2, 0, 1, 1, -1, 0, 0.586027, 0.133942
19, 246, 2, 1, 1, 1, 1, -1, 0.607766, 0.248451
19, 247, 2, 1, 1, 1, 1, 1, 0.557884, 0.160555
19, 248, 1, 4, 1, -1, 1, -1, 0.606338, 0.101052
19, 249, 6, 0, 1, 1, -1, 0, 0.710780, 0.160836
19, 250, 4, 5, 1, 1, 1, 1, 0.729230, 0.127906
19, 251, 6, 2, 1, 1, -1, 1, 0.713447, 0.106989
19, 252, 4, 0, 1, 1, -1, 0, 0.505040, 0.133977
19, 253, 2, 6, 1, 1, -1, -1, 0.629192, 0.173465
19, 254, 1, 2, 1, -1, -1, 1, 0.685395, 0.133982
19, 255, 1, 5, 1, -1, -1, 1, 0.627314, 0.113914
19, 256, 6, 0, 1, 1, 1, 0, 0.653163, 0.646317
19, 257, 4, 3, 1, 1, -1, -1, 0.611710, 0.135099
19, 258, 6, 0, 1, 1, -1, 0, 0.596335, 0.114313
19, 259, 5, 0, 1, 1, 1, 0, 0.540379, 0.114326
19, 260, 3, 0, 1, 1, 1, 0, 0.679751, 0.108106
19, 261, 2, 1, 1, 1, -1, -1, 0.642636, 0.186988
19, 262, 2, 0, 1, 1, -1, 0, 0.533528, 0.126611
19, 263, 1, 0, 1, 1, -1, 0, 0.571972, 0.133998
19, 264, 6, 3, 1, 1, -1, -1, 0.591697, 0.120651
19, 265, 2, 3, 0, -1, -1, 1, 0.580974, 0.134639
19, 266, 3, 0, 1, 1, -1, 0, 0.605687, 0.127249
19, 267, 5, 0, 1, 1, 1, 0, 0.612039, 0.093986
19, 268, 4, 4, 1, 1, 1, -1, 0.640924, 0.094136
19, 269, 4, 4, 1, 1, -1, -1, 0.579613, 0.094278
19, 270, 1, 0, 1, 1, -1, 0, 0.573947, 0.113414
19, 271, 2, 0, 1, 1, -1, 0, 0.552744, 0.107228
19, 272, 2, 6, 1, 1, -1, -1, 0.545341, 0.112883
19, 273, 1, 0, 1, 1, 1, 0, 0.498928, 0.080376
19, 274, 2, 4, 1, -1, 1, -1, 0.626460, 0.067612
19, 275, 4, 2, 1, -1, -1, 1, 0.615263, 0.094495
19, 276, 2, 4, 1, -1, 1, 1, 0.613138, 0.080852
19, 277, 6, 4, 0, -1, 1, 1, 0.899401, 0.268121
19, 278, 6, 6, 1, -1, 1, 1, 0.762575, 0.047602
19, 279, 5, 2, 1, 1, 1, -1, 0.718242, 0.060808
19, 280, 5, 5, 1, -1, 1, 1, 0.692798, 0.273852
19, 281, 5, 0, 1, 1, 1, 0, 0.552525, 0.067683
19, 282, 5, 0, 1, 1, -1, 0, 0.695453, 0.074829
19, 283, 3, 2, 0, -1, -1, -1, 0.592933, 0.047551
19, 284, 4, 1, 1, -1, -1, 1, 0.889059, 0.054593
19, 285, 2, 4, 1, 1, -1, -1, 0.672572, 0.094290
19, 286, 5, 1, 1, 1, -1, 1, 0.611751, 0.047637
19, 287, 5, 0, 1, 1, 1, 0, 0.541044, 0.054492
19, 288, 5, 0, 1, 1, 1, 0, 0.597424, 0.067655
19, 289, 6, 0, 1, 1, -1, 0, 0.578860, 0.060469
19, 290, 5, 0, 1, 1, 1, 0, 0.523434, 0.054277
19, 291, 6, 0, 1, 1, 1, 0, 0.591994, 0.073798
19, 292, 1, 1, 1, 1, -1, 1, 0.612537, 0.060999
19, 293, 5, 0, 1, 1, -1, 0, 0.570345, 0.080796
19, 294, 3, 3, 0, -1, 1, -1, 0.620574, 0.093830
19, 295, 1, 1, 1, 1, -1, -1, 0.580755, 0.080995
19, 296, 3, 0, 1, 1, 1, 0, 0.898435, 0.060582
19, 297, 1, 2, 1, -1, 1, 1, 0.587011, 0.173817
19, 298, 6, 6, 1, 1, 1, -1, 0.585977, 0.054330
19, 299, 2, 0, 1, 1, 1, 0, 0.519868, 0.073422
19, 300, 5, 0, 1, 1, 1, 0, 0.605870, 0.094019
19, 301, 6, 5, 1, -1, 1, -1, 0.638682, 0.067944
19, 302, 6, 5, 0, -1, -1, -1, 0.878685, 0.093573
19, 303, 3, 0, 1, 1, -1, 0, 0.828167, 0.087692
19, 304, 2, 0, 1, 1, -1, 0, 0.582416, 0.134564
19, 305, 6, 0, 1, 1, 1, 0, 0.640411, 0.094215
19, 306, 3, 6, 1, 1, 1, 1, 0.644178, 0.041034
19, 307, 1, 0, 1, 1, -1, 0, 0.612602, 0.093543
19, 308, 1, 2, 1, -1, -1, -1, 0.600375, 0.134291
19, 309, 2, 0, 1, 1, 1, 0, 0.543547, 0.087745
19, 310, 3, 0, 1, 1, 1, 0, 0.593029, 0.081235
19, 311, 6, 6, 1, 1, 1, 1, 0.579678, 0.041186
19, 312, 6, 6, 0, -1, -1, -1, 0.577370, 0.094306
19, 313, 5, 0, 1, 1, 1, 0, 0.545856, 0.073921
19, 314, 2, 4, 1, 1, 1, -1, 0.582907, 0.047794
19, 315, 3, 2, 1, -1, 1, -1, 0.692243, 0.073800
19, 316, 5, 3, 1, 1, 1, -1, 0.582831, 0.047389
19, 317, 6, 0, 1, 1, -1, 0, 0.751500, 0.087726
19, 318, 1, 0, 1, 1, -1, 0, 0.531400, 0.114306
19, 319, 5, 4, 1, 1, 1, 1, 0.652126, 0.053999
19, 320, 2, 0, 1, 1, -1, 0, 0.527392, 0.100834
19, 321, 1, 0, 1, 1, 1, 0, 0.572924, 0.087691
19, 322, 6, 0, 1, 1, 1, 0, 0.566494, 0.067905
19, 323, 5, 2, 1, -1, 1, -1, 0.672015, 0.060834
19, 324, 2, 0, 1, 1, -1, 0, 0.566346, 0.114398
19, 325, 5, 0, 1, 1, -1, 0, 0.871690, 0.214189
19, 326, 6, 0, 1, 1, -1, 0, 0.705795, 0.093382
19, 327, 2, 0, 1, 1, 1, 0, 0.575637, 0.047009
19, 328, 6, 5, 1, -1, -1, 1, 0.758639, 0.094623
19, 329, 5, 0, 1, 1, -1, 0, 0.701010, 0.221771
19, 330, 1, 0, 1, 1, -1, 0, 0.733972, 0.087965
19, 331, 4, 0, 1, 1, 1, 0, 0.561471, 0.054468
19, 332, 5, 0, 1, 1, -1, 0, 0.558740, 0.094475
19, 333, 5, 6, 1, -1, -1, -1, 0.586289, 0.168076
19, 334, 2, 0, 1, 1, 1, 0, 0.507099, 0.087624
19, 335, 1, 4, 0, -1, -1, 1, 0.538689, 0.300931
19, 336, 5, 0, 1, 1, -1, 0, 0.499112, 0.094148
19, 337, 1, 6, 1, -1, 1, 1, 0.597478, 0.047901
19, 338, 3, 3, 1, -1, 1, 1, 0.980669, 0.168149
19, 339, 3, 4, 1, -1, 1, 1, 0.587176, 0.047666
19, 340, 1, 0, 1, 1, 1, 0, 0.546506, 0.120834
19, 341, 3, 3, 0, -1, -1, -1, 0.604636, 0.094364
19, 342, 1, 3, 1, -1, 1, -1, 0.564829, 0.040846
19, 343, 6, 2, 0, -1, -1, 1, 0.631895, 0.034224
19, 344, 6, 0, 1, 1, -1, 0, 0.747137, 0.094415
19, 345, 3, 6, 1, -1, 1, -1, 0.659523, 0.027262
19, 346, 5, 0, 1, 1, -1, 0, 0.606442, 0.093599
19, 347, 2, 0, 1, 1, 1, 0, 0.538329, 0.087793
19, 348, 5, 1, 1, 1, -1, 1, 0.619009, 0.067155
19, 349, 5, 1, 1, 1, -1, -1, 0.585782, 0.107270
19, 350, 5, 1, 0, 1, 1, -1, 0.548527, 0.101066
19, 351, 6, 1, 1, 1, 1, 1, 0.646807, 0.040497
19, 352, 2, 1, 1, 1, 1, -1, 0.545085, 0.074061
19, 353, 1, 0, 1, 1, 1, 0, 0.486831, 0.094101
19, 354, 1, 0, 1, 1, -1, 0, 0.624801, 0.094713
19, 355, 1, 3, 1, -1, -1, -1, 0.600356, 0.107878
19, 356, 3, 0, 1, 1, -1, 0, 0.598397, 0.121051
19, 357, 1, 0, 1, 1, 1, 0, 0.499743, 0.114235
19, 358, 6, 1, 0, 1, 1, 1, 0.591754, 0.106791
19, 359, 4, 3, 0, -1, 1, 1, 0.694140, 0.720735
19, 360, 3, 2, 1, -1, -1, -1, 0.921235, 0.172869
19, 361, 1, 0, 1, 1, 1, 0, 0.540845, 0.061303
19, 362, 6, 0, 1, 1, -1, 0, 0.712307, 0.101014
19, 363, 6, 0, 1, 1, 1, 0, 0.684858, 0.081013
19, 364, 1, 0, 1, 1, 1, 0, 0.455046, 0.054246
19, 365, 1, 1, 1, 1, 1, -1, 0.526483, 0.054536
19, 366, 5, 6, 1, 1, 1, -1, 0.546561, 0.054435
19, 367, 4, 2, 1, -1, 1, 1, 0.666115, 0.127666
19, 368, 1, 0, 1, 1, 1, 0, 0.531243, 0.060752
19, 369, 2, 6, 1, -1, 1, 1, 0.585334, 0.127603
19, 370, 4, 0, 1, 1, 1, 0, 0.568910, 0.060660
19, 371, 3, 5, 1, -1, 1, -1, 0.513485, 0.014286
19, 372, 6, 5, 0, -1, -1, 1, 0.605121, 0.027845
19, 373, 4, 0, 0, -1, -1, 0, 0.519615, 0.000000
19, 374, 3, 0, 1, 1, 1, 0, 0.712570, 0.079889
19, 375, 2, 0, 1, 1, 1, 0, 0.565710, 0.040723
19, 376, 4, 0, 1, 1, 1, 0, 0.698488, 0.027548
19, 377, 3, 5, 1, -1, -1, -1, 0.632497, 0.053695
19, 378, 2, 1, 1, -1, -1, 1, 0.742637, 0.067617
19, 379, 4, 0, 1, 1, -1, 0, 0.545648, 0.014162
19, 380, 3, 5, 1, -1, -1, -1, 0.637940, 0.260821
19, 381, 1, 2, 1, -1, -1, 1, 0.527074, 0.061209
19, 382, 5, 6, 1, -1, -1, 1, 0.639887, 0.047714
19, 383, 4, 0, 1, 1, -1, 0, 0.499861, 0.040099
19, 384, 4, 0, 1, 1, -1, 0, 0.646279, 0.053370
19, 385, 6, 0, 1, 1, -1, 0, 0.686053, 0.081337
19, 386, 2, 0, 1, 1, 1, 0, 0.512427, 0.040970
19, 387, 1, 4, 1, 1, 1, 1, 0.539487, 0.047798
19, 388, 4, 3, 1, 1, -1, 1, 0.546405, 0.034386
19, 389, 5, 0, 1, 1, -1, 0, 0.527095, 0.060400
19, 390, 6, 0, 1, 1, 1, 0, 0.540592, 0.081117
19, 391, 3, 0, 1, 1, 1, 0, 0.612035, 0.054073
19, 392, 1, 0, 1, 1, -1, 0, 0.552105, 0.080781
19, 393, 1, 3, 0, -1, -1, 1, 0.646713, 0.014256
19, 394, 1, 1, 1, -1, 1, -1, 0.551857, 0.047442
19, 395, 1, 0, 1, 1, -1, 0, 0.663989, 0.067556
19, 396, 2, 6, 1, -1, -1, 1, 0.623250, 0.054038
19, 397, 6, 1, 0, -1, 1, -1, 0.578564, 0.100484
19, 398, 2, 0, 1, 1, 1, 0, 0.544085, 0.054347
19, 399, 3, 5, 1, 1, -1, 1, 0.592778, 0.047839
19, 400, 1, 1, 0, -1, 1, 1, 0.747719, 0.067690
19, 401, 2, 0, 1, 1, 1, 0, 0.678976, 0.033678
19, 402, 2, 1, 1, 1, 1, 1, 0.606370, 0.047489
19, 403, 5, 2, 1, 1, 1, 1, 0.612820, 0.066958
19, 404, 3, 2, 0, -1, -1, 1, 0.554618, 0.101052
19, 405, 6, 3, 1, -1, 1, 1, 0.587417, 0.000000
19, 406, 4, 0, 1, 1, -1, 0, 0.525974, 0.074043
19, 407, 4, 0, 1, 1, -1, 0, 0.531899, 0.094177
19, 408, 4, 2, 1, 1, 1, -1, 0.624231, 0.041148
19, 409, 1, 0, 1, 1, -1, 0, 0.548770, 0.034114
19, 410, 1, 0, 1, 1, -1, 0, 0.524805, 0.061149
19, 411, 2, 2, 1, 1, 1, 1, 0.584229, 0.073866
19, 412, 3, 2, 1, -1, 1, 1, 0.704979, 0.027759
19, 413, 2, 0, 1, 1, -1, 0, 0.632883, 0.067948
19, 414, 3, 0, 1, 1, -1, 0, 0.546848, 0.128012
19, 415, 6, 3, 0, -1, 1, -1, 0.652763, 0.034388
19, 416, 3, 0, 1, 1, 1, 0, 0.565881, 0.087683
19, 417, 1, 4, 0, 3, -1, 1, 0.991520, 0.000000
19, 418, 4, 0, 1, 1, 1, 0, 0.578649, 0.060913
19, 419, 4, 5, 1, -1, -1, 1, 0.638735, 0.160729
19, 420, 5, 0, 1, 1, 1, 0, 0.646534, 0.067244
19, 421, 6, 3, 1, -1, -1, -1, 1.033750, 0.234592
19, 422, 3, 4, 0, -1, 1, -1, 0.653310, 0.067254
19, 423, 4, 0, 1, 1, -1, 0, 0.532200, 0.080909
19, 424, 3, 2, 1, -1, -1, 1, 0.620162, 0.094325
19, 425, 4, 2, 1, -1, -1, -1, 0.553147, 0.101473
19, 426, 1, 5, 1, -1, -1, 1, 0.572865, 0.074588
19, 427, 5, 2, 1, 1, -1, -1, 0.550572, 0.300833
19, 428, 6, 0, 0, 1, 1, 0, 0.557876, 0.772668
19, 429, 4, 0, 1, 1, 1, 0, 0.586882, 0.093650
19, 430, 5, 0, 1, 1, -1, 0, 0.540560, 0.093881
19, 431, 4, 0, 1, 1, -1, 0, 0.532745, 0.094372
19, 432, 3, 0, 1, 1, 1, 0, 0.566695, 0.094456
19, 433, 3, 2, 1, 1, 1, -1, 0.585221, 0.080944
19, 434, 2, 0, 1, 1, -1, 0, 0.570216, 0.087746
19, 435, 2, 3, 1, 1, -1, -1, 0.572543, 0.093639
19, 436, 6, 0, 1, 1, -1, 0, 0.586153, 0.100833
19, 437, 1, 2, 1, -1, -1, -1, 0.540436, 0.146440
19, 438, 2, 2, 1, -1, 1, -1, 0.519402, 0.054095
19, 439, 6, 3, 1, 1, 1, -1, 0.880510, 0.088033
19, 440, 3, 0, 1, 1, 1, 0, 0.559892, 0.040718
19, 441, 4, 0, 1, 1, -1, 0, 0.554629, 0.101335
19, 442, 1, 2, 1, -1, 1, -1, 0.692416, 0.166734
19, 443, 6, 0, 1, 1, -1, 0, 0.687014, 0.061077
19, 444, 4, 0, 1, 1, -1, 0, 0.512524, 0.087390
19, 445, 6, 2, 1, 1, 1, 1, 0.610953, 0.094539
19, 446, 2, 0, 1, 1, -1, 0, 0.513909, 0.080852
19, 447, 5, 0, 1, 1, 1, 0, 0.518875, 0.087574
19, 448, 3, 0, 1, 1, 1, 0, 1.048773, 0.094940
19, 449, 6, 5, 1, 1, 1, 1, 0.497849, 0.087815
19, 450, 1, 0, 1, 1, 1, 0, 0.539324, 0.080590
19, 451, 5, 0, 1, 1, -1, 0, 0.796799, 0.113738
19, 452, 1, 5, 1, 1, 1, -1, 0.574998, 0.107957
19, 453, 3, 5, 1, 1, 1, 1, 0.534785, 0.107754
19, 454, 2, 3, 1, -1, 1, 1, 0.527064, 0.047646
19, 455, 4, 0, 1, 1, 1, 0, 0.587963, 0.060847
19, 456, 4, 1, 1, -1, -1, -1, 0.585541, 0.146910
19, 457, 1, 0, 1, 1, -1, 0, 0.510423, 0.067570
19, 458, 2, 5, 1, 1, 1, 1, 0.555697, 0.074320
19, 459, 5, 2, 1, 1, -1, 1, 0.553748, 0.067163
19, 460, 5, 0, 1, 1, 1, 0, 0.527244, 0.080811
19, 461, 1, 4, 1, -1, -1, -1, 0.691640, 0.114386
19, 462, 3, 2, 1, -1, 1, 1, 0.546684, 0.047291
19, 463, 4, 0, 1, 1, 1, 0, 0.533643, 0.054384
19, 464, 6, 4, 1, -1, -1, 1, 0.957274, 0.141063
19, 465, 6, 0, 1, 1, -1, 0, 0.499725, 0.100943
19, 466, 2, 0, 1, 1, 1, 0, 0.526669, 0.074268
19, 467, 1, 0, 1, 1, -1, 0, 0.565435, 0.087362
19, 468, 5, 0, 1, 1, -1, 0, 0.480617, 0.101156
19, 469, 2, 6, 1, -1, 1, 1, 0.526183, 0.161168
19, 470, 3, 0, 1, 1, -1, 0, 0.579495, 0.074039
19, 471, 3, 0, 1, 1, -1, 0, 0.465940, 0.101122
19, 472, 1, 2, 1, -1, 1, 1, 0.588934, 0.067935
19, 473, 6, 1, 0, -1, 1, -1, 0.604764, 0.088094
19, 474, 3, 0, 1, 1, -1, 0, 0.535159, 0.054539
19, 475, 4, 0, 1, 1, -1, 0, 0.557711, 0.094299
19, 476, 4, 6, 1, 1, -1, 1, 0.506077, 0.108014
19, 477, 3, 0, 1, 1, -1, 0, 0.511508, 0.081212
19, 478, 1, 4, 0, -1, 1, -1, 0.592696, 0.054672
19, 479, 6, 1, 1, 1, -1, -1, 0.553011, 0.080023
19, 480, 4, 1, 0, -1, 1, 1, 0.625275, 0.086708
19, 481, 5, 0, 1, 1, -1, 0, 0.527275, 0.067206
19, 482, 4, 0, 1, 1, 1, 0, 0.588728, 0.067704
19, 483, 3, 0, 1, 1, -1, 0, 0.609490, 0.087091
19, 484, 5, 0, 1, 1, -1, 0, 0.561032, 0.087490
19, 485, 3, 0, 1, 1, -1, 0, 0.578081, 0.081217
19, 486, 4, 0, 1, 1, 1, 0, 0.637475, 0.080778
19, 487, 5, 4, 1, 1, -1, -1, 0.533644, 0.182028
19, 488, 4, 3, 1, 1, 1, 1, 0.565933, 0.087413
19, 489, 5, 0, 1, 1, -1, 0, 0.531901, 0.073181
19, 490, 4, 4, 1, 1, 1, 1, 0.837179, 0.127787
19, 491, 4, 1, 1, 1, -1, 1, 0.540231, 0.080472
19, 492, 3, 0, 0, 1, 1, 0, 0.576089, 0.584020
19, 493, 6, 0, 1, 1, 1, 0, 0.532569, 0.174032
19, 494, 4, 2, 0, -1, -1, -1, 0.659503, 0.014306
19, 495, 3, 0, 1, 1, -1, 0, 0.685377, 0.060502
19, 496, 2, 0, 1, 1, 1, 0, 0.537607, 0.060401
19, 497, 4, 0, 1, 1, -1, 0, 0.507098, 0.074536
19, 498, 2, 0, 1, 1, -1, 0, 0.552914, 0.067678
19, 499, 2, 0, 1, 1, -1, 0, 0.528009, 0.054314
19, 500, 4, 5, 1, 1, 1, -1, 0.843792, 0.100352
19, 501, 2, 3, 1, -1, 1, -1, 0.600902, 0.053849
19, 502, 3, 6, 1, 1, 1, -1, 0.638206, 0.080680
19, 503, 6, 0, 1, 1, -1, 0, 0.720093, 0.041081
19, 504, 6, 0, 1, 1, 1, 0, 0.616372, 0.080007
19, 505, 4, 0, 1, 1, 1, 0, 0.553448, 0.094481
19, 506, 2, 0, 1, 1, -1, 0, 0.537727, 0.106387
19, 507, 4, 6, 1, 1, -1, -1, 0.519427, 0.087786
19, 508, 4, 6, 1, 1, -1, 1, 0.544442, 0.100402
19, 509, 4, 4, 1, 1, -1, 1, 0.550565, 0.047168
19, 510, 4, 1, 1, 1, 1, -1, 0.652587, 0.054378
19, 511, 6, 0, 1, 1, 1, 0, 0.532598, 0.080588
19, 512, 4, 0, 1, 1, 1, 0, 0.525962, 0.067186
19, 513, 5, 0, 1, 1, -1, 0, 0.487034, 0.094711
19, 514, 4, 6, 1, 1, 1, 1, 0.631160, 0.081084
19, 515, 4, 0, 1, 1, 1, 0, 0.539617, 0.100215
19, 516, 6, 0, 1, 1, 1, 0, 0.604348, 0.087778
19, 517, 3, 0, 1, 1, 1, 0, 0.567730, 0.073850
19, 518, 2, 3, 1, 1, -1, -1, 0.652460, 0.060557
19, 519, 1, 0, 1, 1, -1, 0, 0.572734, 0.074357
19, 520, 3, 3, 0, -1, -1, 1, 0.544602, 0.040820
19, 521, 4, 4, 1, 1, -1, 1, 0.538250, 0.067028
19, 522, 3, 4, 1, -1, 1, 1, 0.604025, 0.027630
19, 523, 1, 3, 1, -1, 1, 1, 0.579658, 0.054009
19, 524, 3, 6, 1, 1, -1, 1, 0.686898, 0.081229
19, 525, 4, 0, 1, 1, -1, 0, 0.580696, 0.127932
19, 526, 3, 4, 0, -1, 1, -1, 0.590681, 0.120942
19, 527, 6, 0, 1, 1, 1, 0, 0.601686, 0.074254
19, 528, 6, 0, 1, 1, 1, 0, 0.534645, 0.047355
19, 529, 3, 1, 0, -1, -1, -1, 0.552995, 0.020969
19, 530, 5, 4, 1, -1, -1, 1, 0.659646, 0.094227
19, 531, 1, 6, 0, -1, -1, 1, 0.520066, 0.027625
19, 532, 4, 5, 0, -1, -1, -1, 0.508058, 0.000000
19, 533, 1, 0, 1, -1, 1, 0, 0.566674, 0.007652
19, 534, 5, 5, 0, -1, -1, -1, 0.604393, 0.806792
19, 535, 3, 6, 1, 1, -1, 1, 0.643258, 0.021090
19, 536, 4, 6, 0, -1, 1, 1, 0.640641, 0.148154
19, 537, 5, 0, 1, 1, 1, 0, 0.592543, 0.054474
19, 538, 1, 5, 1, -1, 1, 1, 0.559800, 0.021124
19, 539, 4, 0, 1, 1, 1, 0, 0.513743, 0.061069
19, 540, 2, 5, 0, -1, -1, -1, 0.613903, 0.034140
19, 541, 5, 0, 1, 1, 1, 0, 0.532309, 0.086758
19, 542, 5, 1, 1, 1, 1, 1, 0.586208, 0.080211
19, 543, 5, 3, 1, 1, 1, 1, 0.546632, 0.067627
19, 544, 1, 0, 1, 1, -1, 0, 0.654088, 0.047376
19, 545, 3, 0, 1, 1, -1, 0, 0.586177, 0.067551
19, 547, 3, 0, 1, 1, 1, 0, 0.674425, 0.067688
19, 548, 2, 4, 1, 1, 1, 1, 0.594382, 0.093759
19, 549, 1, 1, 0, -1, -1, 1, 0.668563, 0.027815
19, 550, 1, 0, 1, 1, -1, 0, 0.599378, 0.047146
19, 551, 5, 5, 0, -1, -1, 1, 0.625015, 0.147287
19, 552, 1, 6, 1, -1, -1, -1, 0.692646, 0.086972
19, 553, 3, 0, 0, 1, 1, 0, 0.599560, 0.860208
19, 554, 3, 0, 1, 1, -1, 0, 0.745025, 0.053825
19, 555, 3, 4, 1, 1, -1, 1, 0.638648, 0.101251
19, 556, 6, 0, 1, 1, 1, 0, 0.640159, 0.081218
19, 557, 5, 5, 1, 1, 1, -1, 0.786746, 0.067386
19, 558, 6, 0, 1, 1, 1, 0, 0.532201, 0.074465
19, 559, 2, 0, 1, 1, -1, 0, 0.637328, 0.047502
19, 560, 4, 0, 1, 1, -1, 0, 0.524925, 0.080626
19, 561, 5, 0, 1, 1, 1, 0, 0.585650, 0.081054
19, 562, 2, 2, 0, -1, -1, 1, 0.619005, 0.047844
19, 563, 5, 0, 1, 1, -1, 0, 0.607082, 0.060875
19, 564, 6, 0, 1, 1, 1, 0, 0.559193, 0.047857
19, 565, 6, 2, 0, -1, 1, -1, 0.661387, 0.033936
19, 566, 1, 3, 1, -1, 1, 1, 0.643591, 0.007460
19, 567, 3, 0, 1, 1, -1, 0, 0.645872, 0.021128
19, 568, 3, 3, 0, -1, -1, 1, 0.684081, 0.300374
19, 569, 4, 0, 1, 1, -1, 0, 0.644967, 0.053536
19, 570, 3, 3, 0, -1, 1, -1, 0.633286, 0.521417
19, 571, 6, 0, 1, 1, 1, 0, 0.697371, 0.067802
19, 572, 1, 0, 1, 1, 1, 0, 0.546078, 0.047127
19, 573, 6, 4, 0, -1, -1, -1, 0.606854, 0.061135
19, 574, 4, 2, 1, -1, 1, 1, 0.558090, 0.040977
19, 575, 5, 4, 1, -1, 1, 1, 1.481016, 0.094380
19, 576, 1, 0, 1, 1, -1, 0, 0.732879, 0.041135
19, 577, 5, 3, 1, 1, -1, 1, 0.652220, 0.040945
19, 578, 4, 1, 1, 1, 1, 1, 0.553150, 0.034352
19, 579, 4, 3, 1, 1, -1, 1, 0.553347, 0.047542
19, 580, 5, 6, 1, 1, 1, 1, 0.573020, 0.041036
19, 581, 1, 6, 1, -1, 1, -1, 0.632727, 0.020925
19, 582, 1, 3, 1, 1, -1, 1, 0.956734, 0.120502
