observer, trial, targLoc, distLoc, targDiscrim, thoughtNoAttCap, tc, dc, RT, TrialTypeRT
21, 4, 1, 6, 1, -1, -1, -1, 1.086870, 7.644340
21, 5, 2, 0, 1, 1, 1, 0, 0.967037, 3.493053
21, 6, 4, 1, 1, 1, 1, 1, 1.113518, 2.677487
21, 7, 1, 0, 1, 1, -1, 0, 0.853725, 0.672963
21, 8, 4, 0, 1, 3, 1, 0, 0.758373, 0.000000
21, 9, 1, 0, 1, 1, 1, 0, 0.742848, 0.675127
21, 10, 2, 4, 1, 1, -1, -1, 0.875360, 0.825942
21, 11, 4, 2, 1, -1, -1, -1, 1.235137, 0.790580
21, 13, 3, 4, 1, 1, -1, -1, 0.984874, 0.572623
21, 14, 2, 4, 1, 1, -1, 1, 0.878018, 0.434616
21, 15, 3, 0, 1, 1, -1, 0, 0.955763, 0.493092
21, 16, 3, 2, 1, 1, 1, -1, 0.914382, 0.683083
21, 17, 4, 0, 1, 1, -1, 0, 0.756965, 0.736669
21, 18, 1, 0, 1, 1, 1, 0, 0.759559, 0.593754
21, 19, 6, 0, 1, 1, 1, 0, 0.991193, 0.573801
21, 20, 1, 0, 1, 1, -1, 0, 0.876418, 0.448190
21, 21, 4, 6, 1, 1, -1, -1, 1.248896, 0.744196
21, 22, 3, 6, 1, 1, -1, -1, 1.082039, 0.451493
21, 23, 2, 6, 1, -1, -1, -1, 1.469280, 0.696291
21, 24, 6, 6, 1, 1, -1, -1, 1.244888, 0.531068
21, 25, 4, 4, 1, -1, 1, -1, 1.246135, 0.683575
21, 26, 3, 1, 1, 1, -1, 1, 0.736596, 0.305498
21, 27, 6, 0, 1, 1, 1, 0, 0.822771, 0.503812
21, 28, 1, 0, 1, 1, 1, 0, 0.625104, 0.725593
21, 29, 1, 0, 1, 3, 1, 0, 0.550938, 0.000000
21, 30, 5, 0, 1, 1, 1, 0, 0.983935, 0.761484
21, 31, 3, 0, 1, 1, -1, 0, 0.657489, 0.470976
21, 32, 3, 2, 1, 1, -1, -1, 0.922714, 0.513557
21, 33, 2, 4, 1, 1, 1, -1, 0.610272, 0.629856
21, 34, 3, 0, 1, 1, -1, 0, 0.669618, 0.508425
21, 35, 1, 3, 1, 1, 1, -1, 0.671713, 0.558006
21, 36, 6, 2, 1, 1, 1, -1, 0.920792, 0.617690
21, 37, 3, 0, 1, 1, 1, 0, 0.753263, 0.684459
21, 38, 4, 4, 1, -1, -1, 1, 1.218699, 0.539936
21, 39, 1, 5, 1, 1, 1, 1, 0.645054, 0.305290
21, 40, 2, 6, 1, 1, -1, 1, 0.658900, 0.416680
21, 41, 3, 2, 0, 3, -1, 1, 0.552377, 0.394327
21, 42, 5, 3, 1, 1, 1, 1, 1.094721, 1.135087
21, 43, 5, 0, 1, 1, -1, 0, 0.695664, 0.673293
21, 44, 5, 5, 1, 1, -1, -1, 1.051830, 0.522962
21, 45, 3, 0, 1, 1, 1, 0, 1.352703, 0.684989
21, 46, 1, 0, 1, 1, 1, 0, 0.510171, 0.881324
21, 47, 1, 0, 1, 1, 1, 0, 0.782415, 0.523704
21, 48, 6, 4, 1, 1, 1, -1, 0.744574, 0.804176
21, 49, 2, 3, 1, 1, 1, -1, 0.610016, 0.511614
21, 50, 6, 0, 1, 1, 1, 0, 0.835473, 0.517562
21, 51, 1, 3, 1, 1, -1, -1, 0.845256, 0.447127
21, 52, 4, 5, 1, -1, 1, -1, 0.748370, 0.921617
21, 53, 6, 0, 1, 1, 1, 0, 0.775111, 1.275219
21, 54, 3, 0, 1, 1, 1, 0, 0.724417, 0.802200
21, 55, 1, 5, 1, 1, -1, 1, 0.733654, 0.544659
21, 56, 6, 4, 1, 1, -1, 1, 1.475989, 0.520585
21, 57, 5, 0, 1, 1, 1, 0, 0.616132, 0.497057
21, 58, 6, 4, 1, 1, -1, 1, 0.915307, 0.627320
21, 59, 6, 1, 1, -1, -1, 1, 0.620081, 0.847534
21, 60, 1, 0, 1, 1, -1, 0, 0.599892, 0.579879
21, 61, 4, 0, 1, 1, -1, 0, 0.665322, 0.367844
21, 62, 4, 0, 1, 1, -1, 0, 0.636662, 0.386623
21, 63, 5, 0, 1, 3, 1, 0, 0.764241, 0.000000
21, 64, 5, 1, 1, 1, 1, 1, 0.798833, 0.880933
21, 65, 6, 0, 1, 1, 1, 0, 1.291398, 0.488372
21, 66, 4, 1, 1, -1, 1, -1, 0.789498, 0.602936
21, 67, 3, 0, 1, 1, 1, 0, 0.794057, 0.354800
21, 68, 2, 0, 1, 1, 1, 0, 0.616516, 0.358547
21, 69, 6, 0, 1, 1, -1, 0, 0.623666, 0.326829
21, 70, 6, 0, 1, 1, -1, 0, 0.606899, 0.359258
21, 71, 1, 2, 1, 1, -1, -1, 0.644790, 0.474197
21, 72, 5, 1, 1, 1, 1, 1, 0.817890, 0.433318
21, 73, 6, 3, 1, 1, -1, 1, 0.593292, 0.292941
21, 74, 2, 0, 1, 1, -1, 0, 0.936102, 0.312548
21, 75, 4, 0, 1, 1, -1, 0, 0.906904, 0.540192
21, 76, 5, 3, 1, -1, -1, -1, 1.213759, 0.344046
21, 77, 5, 3, 1, 1, -1, -1, 0.875175, 0.524073
21, 78, 6, 1, 1, 1, -1, -1, 0.624060, 0.691260
21, 79, 3, 5, 0, -1, -1, 1, 0.982762, 0.460406
21, 80, 4, 0, 1, 1, -1, 0, 0.418536, 0.961279
21, 81, 5, 6, 1, 1, 1, -1, 0.802855, 0.544125
21, 82, 4, 0, 1, 1, 1, 0, 0.679442, 0.367639
21, 83, 4, 0, 1, 1, -1, 0, 0.769801, 0.271346
21, 84, 5, 0, 1, 1, -1, 0, 0.532020, 0.313608
21, 85, 6, 0, 1, 1, 1, 0, 1.078512, 0.487702
21, 86, 3, 0, 0, -1, 1, 0, 0.488100, 2.347674
21, 87, 6, 5, 1, 1, 1, 1, 1.048147, 0.339246
21, 88, 4, 4, 0, -1, 1, -1, 1.003336, 0.346312
21, 89, 6, 0, 1, 1, 1, 0, 0.771543, 0.320313
21, 90, 1, 4, 1, -1, -1, 1, 1.221423, 0.577123
21, 91, 2, 0, 1, 1, 1, 0, 0.703391, 0.482148
21, 92, 6, 6, 1, 1, 1, 1, 0.795818, 0.259110
21, 93, 5, 6, 1, 1, -1, -1, 0.742943, 0.576958
21, 94, 5, 0, 1, 1, 1, 0, 0.676458, 1.380363
21, 95, 4, 5, 1, 1, -1, 1, 0.694208, 0.470597
21, 96, 6, 5, 1, 1, -1, 1, 0.703409, 0.318156
21, 97, 5, 5, 0, -1, 1, -1, 0.624771, 1.425021
21, 98, 6, 3, 1, 1, 1, 1, 0.722810, 0.838636
21, 99, 1, 2, 1, -1, -1, 1, 0.936815, 0.327790
21, 100, 2, 0, 1, 1, 1, 0, 0.604074, 0.778939
21, 101, 4, 2, 1, 1, -1, -1, 0.834617, 0.850906
21, 102, 3, 0, 1, 1, 1, 0, 0.800581, 0.384296
21, 103, 5, 0, 1, 1, -1, 0, 0.839134, 0.493450
21, 104, 1, 1, 1, 1, 1, -1, 0.941842, 0.479680
21, 105, 4, 0, 1, 1, 1, 0, 0.867616, 0.352331
21, 106, 1, 0, 1, 1, 1, 0, 0.487179, 0.319731
21, 107, 2, 1, 1, 1, -1, 1, 0.929344, 0.316792
21, 108, 3, 1, 1, 1, -1, -1, 0.789175, 0.476079
21, 109, 3, 4, 1, 1, 1, 1, 0.649403, 0.324447
21, 110, 1, 2, 1, 1, 1, -1, 0.590868, 0.351812
21, 111, 5, 0, 1, 1, -1, 0, 0.624093, 0.272186
21, 112, 1, 0, 1, 1, 1, 0, 0.515138, 0.869237
21, 113, 5, 6, 1, 1, 1, 1, 0.681156, 0.325701
21, 114, 4, 6, 1, 1, 1, -1, 0.702256, 0.463965
21, 115, 6, 4, 1, 1, 1, 1, 0.477752, 0.331930
21, 116, 1, 0, 1, 1, -1, 0, 0.526343, 0.399135
21, 117, 5, 4, 1, 1, -1, 1, 0.558605, 0.384149
21, 118, 5, 3, 1, 1, 1, 1, 0.633553, 0.693178
21, 119, 6, 4, 1, 1, -1, -1, 0.520491, 0.385053
21, 120, 5, 3, 1, 1, 1, -1, 0.596671, 0.571395
21, 121, 1, 2, 1, 1, 1, -1, 0.399206, 1.033192
21, 122, 1, 3, 1, 1, 1, -1, 0.463114, 0.497466
21, 123, 2, 0, 1, 1, -1, 0, 0.493420, 0.445477
21, 124, 3, 0, 1, 1, 1, 0, 0.446608, 0.308202
21, 125, 2, 4, 1, 1, 1, 1, 0.500947, 0.817474
21, 126, 6, 0, 1, 1, 1, 0, 0.411803, 0.655708
21, 127, 6, 0, 1, 1, -1, 0, 0.612563, 0.326305
21, 128, 2, 0, 1, 1, -1, 0, 0.443123, 1.677132
21, 129, 3, 0, 1, 1, -1, 0, 0.797089, 0.352752
21, 130, 1, 1, 1, 3, 1, -1, 0.694797, 0.000000
21, 131, 5, 0, 1, 1, 1, 0, 0.526996, 0.299869
21, 132, 6, 0, 1, 1, -1, 0, 0.579473, 0.281042
21, 133, 4, 5, 1, -1, -1, -1, 0.606945, 0.653937
21, 134, 4, 3, 1, 1, -1, -1, 0.876515, 1.323728
21, 135, 3, 3, 1, 1, -1, 1, 1.165521, 0.363900
21, 136, 6, 3, 1, 1, -1, 1, 0.953740, 0.305522
21, 137, 3, 0, 1, 1, 1, 0, 0.788003, 0.252781
21, 138, 2, 0, 1, 1, -1, 0, 0.445402, 0.272223
21, 139, 5, 4, 1, 1, -1, -1, 0.476603, 0.299288
21, 140, 6, 0, 1, 1, -1, 0, 0.447356, 0.194088
21, 141, 2, 1, 1, 1, 1, -1, 0.722672, 0.306107
21, 142, 4, 0, 1, 1, 1, 0, 0.538786, 0.200571
21, 143, 2, 0, 1, 1, -1, 0, 0.551679, 0.244761
21, 144, 1, 2, 1, 1, -1, -1, 0.563183, 0.265699
21, 145, 2, 5, 1, 1, 1, 1, 0.582760, 0.258456
21, 146, 6, 0, 1, 1, -1, 0, 0.510757, 0.273302
21, 147, 3, 4, 1, -1, -1, 1, 1.474627, 0.913437
21, 148, 2, 6, 1, 1, 1, -1, 0.565928, 0.544691
21, 149, 1, 6, 1, 1, 1, -1, 0.489976, 0.452120
21, 150, 1, 0, 1, 1, -1, 0, 0.547328, 0.306204
21, 151, 2, 6, 1, -1, -1, -1, 0.636066, 0.431322
21, 152, 5, 6, 1, 1, -1, 1, 0.811186, 0.280556
21, 153, 4, 4, 1, 1, -1, -1, 0.502933, 0.419549
21, 154, 2, 0, 0, 1, -1, 0, 1.418426, 0.000000
21, 155, 5, 5, 1, 1, 1, 1, 1.245380, 0.405159
21, 156, 2, 0, 1, 1, 1, 0, 0.855424, 0.444828
21, 157, 3, 3, 1, -1, -1, -1, 0.855123, 0.678535
21, 159, 5, 0, 1, 1, -1, 0, 0.691534, 0.471584
21, 160, 3, 6, 1, 1, 1, -1, 0.849697, 0.106586
21, 161, 1, 0, 1, 1, 1, 0, 0.404645, 0.358291
21, 162, 2, 0, 1, 1, 1, 0, 0.459575, 0.252331
21, 163, 2, 0, 1, 1, 1, 0, 0.644299, 0.384927
21, 164, 1, 0, 1, 1, 1, 0, 0.417472, 0.552357
21, 165, 2, 2, 1, 1, -1, 1, 0.656732, 0.186178
21, 166, 1, 0, 1, 1, -1, 0, 0.636097, 0.375941
21, 167, 3, 0, 1, 1, 1, 0, 0.651762, 0.273258
21, 168, 3, 0, 1, 1, -1, 0, 0.586494, 0.254412
21, 169, 2, 6, 1, 3, 1, -1, 0.901810, 0.000000
21, 170, 1, 1, 1, 1, 1, 1, 0.899067, 0.321175
21, 171, 4, 0, 1, 1, 1, 0, 0.504330, 0.497550
21, 172, 2, 3, 1, 1, -1, 1, 0.641994, 0.339228
21, 173, 1, 1, 1, 1, 1, 1, 0.619057, 1.111892
21, 174, 5, 0, 1, 1, 1, 0, 0.583250, 0.252313
21, 175, 4, 4, 1, -1, 1, 1, 0.662457, 0.398486
21, 176, 3, 0, 1, 1, -1, 0, 0.524171, 1.456601
21, 177, 5, 0, 1, 1, -1, 0, 0.967156, 0.967133
21, 178, 1, 3, 1, 3, 1, 1, 0.512951, 0.000000
21, 179, 1, 0, 1, 1, 1, 0, 0.491850, 0.343949
21, 180, 3, 5, 1, -1, 1, -1, 0.683194, 0.477807
21, 181, 6, 5, 1, 1, 1, -1, 0.645485, 0.905298
21, 182, 6, 6, 1, 1, -1, 1, 0.858114, 0.757519
21, 183, 3, 1, 1, 1, 1, 1, 0.434467, 0.601474
21, 184, 5, 6, 1, 1, 1, 1, 1.396646, 0.458248
21, 185, 4, 0, 1, 1, 1, 0, 1.138338, 0.358588
21, 186, 6, 0, 1, 1, 1, 0, 0.621786, 0.604151
21, 187, 5, 5, 1, -1, -1, 1, 1.421489, 0.087694
21, 188, 1, 6, 1, 1, -1, 1, 0.604292, 1.052095
21, 189, 6, 3, 1, 1, -1, -1, 0.458194, 0.645986
21, 190, 3, 3, 1, 3, 1, 1, 0.784681, 0.000000
21, 192, 4, 0, 1, 1, 1, 0, 0.803256, 0.325924
21, 193, 1, 6, 1, 1, 1, 1, 0.847884, 0.232570
21, 194, 2, 0, 1, 1, 1, 0, 0.732947, 0.247734
21, 195, 4, 0, 1, 1, 1, 0, 0.572178, 0.219159
21, 196, 2, 0, 1, 1, 1, 0, 0.418253, 0.327326
21, 197, 2, 0, 1, 1, -1, 0, 0.546033, 0.350659
21, 198, 1, 0, 1, 1, 1, 0, 1.174821, 0.253347
21, 199, 2, 0, 1, 1, 1, 0, 0.636292, 0.319444
21, 200, 5, 0, 1, 1, 1, 0, 0.788851, 0.463584
21, 201, 3, 2, 1, 1, 1, -1, 0.584015, 0.489937
21, 202, 6, 0, 1, 1, 1, 0, 0.774433, 0.291039
21, 203, 6, 2, 1, -1, -1, 1, 1.025313, 0.287225
21, 204, 4, 0, 1, 1, 1, 0, 0.783758, 0.245310
21, 205, 5, 0, 1, 1, -1, 0, 0.510218, 0.219103
21, 206, 2, 3, 1, 1, 1, 1, 0.643660, 0.181462
21, 207, 1, 0, 1, 1, -1, 0, 0.579099, 0.227653
21, 208, 2, 0, 1, 1, 1, 0, 0.711415, 0.279674
21, 209, 6, 0, 1, 1, -1, 0, 0.602802, 0.239162
21, 210, 2, 3, 1, 1, -1, -1, 0.756877, 0.226316
21, 211, 5, 0, 1, 1, 1, 0, 0.618198, 0.267238
21, 212, 1, 1, 1, 1, -1, -1, 0.584915, 0.219142
21, 213, 2, 1, 1, 1, -1, 1, 0.589293, 0.239298
21, 214, 1, 5, 1, 1, -1, 1, 0.459813, 0.431942
21, 215, 1, 3, 1, 1, 1, 1, 0.483836, 0.569857
21, 216, 2, 6, 1, 1, -1, 1, 0.510319, 0.140731
21, 217, 1, 0, 1, 1, -1, 0, 0.552886, 0.406504
21, 218, 1, 6, 1, 1, -1, 1, 0.754471, 0.080603
21, 220, 3, 0, 1, 1, 1, 0, 1.109328, 0.113295
21, 221, 2, 2, 1, -1, 1, 1, 0.683359, 0.125276
21, 222, 4, 0, 1, 1, 1, 0, 0.636095, 0.293196
21, 223, 1, 0, 1, 1, -1, 0, 0.639309, 0.274540
21, 224, 5, 2, 1, 1, -1, -1, 1.111139, 0.193954
21, 225, 4, 0, 1, 1, 1, 0, 0.948975, 0.179017
21, 226, 5, 3, 1, 1, 1, -1, 0.818671, 0.333682
21, 227, 3, 0, 1, 1, -1, 0, 0.709643, 0.240347
21, 228, 2, 0, 1, 1, 1, 0, 0.444989, 0.219048
21, 229, 5, 2, 1, 1, 1, 1, 0.542640, 0.114008
21, 230, 5, 1, 1, 1, 1, -1, 0.688210, 0.107254
21, 231, 4, 3, 1, -1, -1, 1, 1.351244, 0.353358
21, 232, 2, 3, 1, 1, 1, 1, 0.479118, 0.160777
21, 233, 4, 0, 1, 1, 1, 0, 0.537978, 0.041041
21, 234, 1, 4, 1, 1, -1, -1, 0.559294, 0.000000
21, 235, 4, 1, 1, 1, 1, -1, 0.665572, 0.007701
21, 236, 4, 0, 1, 1, -1, 0, 0.584822, 0.000000
21, 237, 5, 0, 1, 1, 1, 0, 0.569479, 0.073061
21, 238, 3, 3, 1, 1, 1, -1, 0.551868, 0.000000
21, 239, 5, 4, 1, 1, 1, 1, 0.548250, 0.067134
21, 240, 1, 0, 1, 1, 1, 0, 0.404297, 0.094422
21, 241, 4, 0, 1, 1, 1, 0, 0.648396, 0.000000
21, 242, 5, 0, 1, 1, -1, 0, 0.498896, 0.000000
21, 243, 5, 0, 1, 1, -1, 0, 0.531441, 0.000000
21, 244, 5, 5, 1, 1, 1, -1, 0.686363, 0.000000
21, 245, 4, 2, 1, -1, 1, -1, 0.745898, 0.320928
21, 246, 5, 0, 1, 1, -1, 0, 0.485283, 0.000000
21, 247, 6, 6, 1, 1, -1, 1, 0.594097, 0.000000
21, 248, 3, 0, 1, 1, -1, 0, 0.543675, 0.000000
21, 249, 6, 5, 1, 1, -1, -1, 0.578524, 0.000000
21, 250, 1, 3, 1, 1, -1, 1, 0.474223, 0.000000
21, 251, 5, 4, 1, -1, -1, -1, 0.506516, 0.423779
21, 252, 5, 2, 1, 1, -1, 1, 0.452991, 0.000000
21, 253, 2, 0, 1, 1, 1, 0, 0.503640, 0.047397
21, 254, 5, 0, 1, 1, 1, 0, 0.670397, 0.340227
21, 255, 6, 1, 1, 1, 1, 1, 1.043526, 0.000000
21, 256, 4, 0, 1, 1, 1, 0, 0.672400, 0.054419
21, 257, 6, 0, 1, 1, 1, 0, 0.620995, 0.000000
21, 258, 3, 2, 1, 1, 1, 1, 1.073108, 0.000000
21, 259, 6, 2, 1, 1, 1, 1, 0.499289, 0.000000
21, 260, 3, 0, 1, 1, -1, 0, 0.519598, 0.000000
21, 261, 4, 0, 1, 1, -1, 0, 0.539373, 0.000000
21, 262, 4, 0, 1, 1, -1, 0, 0.643580, 0.000000
21, 263, 2, 0, 1, 1, -1, 0, 0.552699, 0.000000
21, 264, 6, 0, 1, 1, 1, 0, 0.651280, 0.000000
21, 265, 5, 4, 1, 1, -1, 1, 0.760052, 0.000000
21, 266, 3, 3, 1, 1, 1, -1, 0.496943, 0.000000
21, 267, 5, 0, 1, 1, -1, 0, 0.619960, 0.000000
21, 268, 4, 6, 1, 1, -1, 1, 0.615996, 0.000000
21, 269, 4, 2, 1, 1, 1, 1, 0.531128, 0.000000
21, 270, 1, 4, 1, 1, 1, -1, 0.449309, 0.000000
21, 271, 4, 4, 1, -1, 1, 1, 0.628416, 0.291697
21, 272, 2, 1, 1, 1, 1, 1, 0.433118, 0.000000
21, 273, 2, 0, 1, 1, -1, 0, 0.513388, 0.000000
21, 274, 3, 4, 1, 1, 1, -1, 0.511496, 0.020811
21, 275, 1, 5, 1, 1, -1, -1, 0.625369, 0.000000
21, 276, 2, 0, 1, 1, 1, 0, 0.664279, 0.000000
21, 277, 1, 5, 1, 1, 1, -1, 0.481302, 0.000000
21, 278, 3, 0, 1, 1, -1, 0, 0.531335, 0.000000
21, 279, 1, 4, 1, 1, 1, 1, 0.432989, 0.000000
21, 280, 2, 0, 1, 1, -1, 0, 0.411509, 0.000000
21, 281, 1, 0, 1, 1, -1, 0, 0.602859, 0.014158
21, 282, 3, 0, 1, 1, -1, 0, 0.531022, 0.000000
21, 283, 5, 0, 1, 1, 1, 0, 0.563794, 0.000000
21, 284, 2, 0, 1, 1, -1, 0, 0.471377, 0.000000
21, 285, 6, 2, 1, -1, -1, 1, 0.762040, 0.456985
21, 286, 3, 2, 1, 1, 1, 1, 0.550836, 0.246256
21, 287, 3, 0, 1, 1, 1, 0, 0.490348, 0.000000
21, 288, 3, 1, 1, 1, -1, 1, 0.491227, 0.033864
21, 289, 5, 0, 1, 1, 1, 0, 0.569495, 0.000000
21, 290, 2, 0, 1, 1, -1, 0, 0.603129, 0.000000
21, 291, 1, 0, 1, 1, 1, 0, 0.498658, 0.000000
21, 292, 2, 5, 1, 1, -1, -1, 0.546261, 0.000000
21, 293, 5, 4, 0, -1, 1, -1, 0.406065, 0.891792
21, 294, 1, 0, 1, 1, -1, 0, 0.527647, 0.000000
21, 295, 1, 4, 1, 1, -1, 1, 0.574729, 0.000000
21, 296, 3, 0, 1, 1, -1, 0, 0.655565, 0.000000
21, 297, 2, 0, 1, 1, -1, 0, 0.498633, 0.000000
21, 298, 3, 5, 1, -1, -1, -1, 1.326209, 0.313054
21, 299, 5, 5, 1, 1, -1, 1, 0.612345, 0.000000
21, 300, 2, 5, 1, 1, 1, 1, 0.428043, 0.007223
21, 301, 3, 0, 0, 3, 1, 0, 0.771129, 0.067742
21, 302, 6, 0, 1, 1, -1, 0, 0.683778, 0.655886
21, 303, 2, 3, 1, 1, 1, -1, 0.544324, 0.538719
21, 304, 1, 0, 1, 1, -1, 0, 0.595392, 0.404568
21, 305, 2, 0, 1, 1, -1, 0, 0.663049, 0.478013
21, 306, 3, 3, 1, -1, 1, 1, 0.709999, 0.662760
21, 307, 3, 4, 1, 1, -1, -1, 1.257135, 0.545852
21, 308, 1, 0, 1, 1, -1, 0, 0.537285, 0.478581
21, 309, 2, 5, 1, 1, -1, -1, 0.440032, 0.333613
21, 310, 3, 0, 1, 1, -1, 0, 0.687855, 0.476601
21, 311, 6, 0, 1, 1, -1, 0, 0.624502, 0.332934
21, 312, 5, 0, 1, 1, -1, 0, 0.478585, 0.413308
21, 313, 2, 0, 1, 1, -1, 0, 0.426169, 0.286807
21, 314, 6, 1, 1, 1, -1, -1, 0.526516, 0.287547
21, 315, 2, 0, 1, 1, -1, 0, 0.524853, 0.333932
21, 316, 1, 0, 1, 1, -1, 0, 0.497644, 0.411617
21, 317, 6, 0, 1, 3, -1, 0, 0.519412, 0.000000
21, 318, 4, 5, 1, 1, -1, 1, 0.418942, 0.266538
21, 319, 5, 0, 1, 1, -1, 0, 0.525878, 0.286126
21, 320, 1, 4, 1, 1, 1, 1, 0.544840, 0.285157
21, 321, 2, 0, 1, 3, 1, 0, 0.371179, 0.000000
21, 322, 6, 1, 1, 1, 1, -1, 0.751237, 0.901216
21, 323, 5, 0, 1, 1, 1, 0, 0.411632, 0.214001
21, 324, 5, 4, 1, 3, 1, 1, 0.710995, 0.000000
21, 325, 2, 0, 1, 1, -1, 0, 0.447633, 0.732344
21, 326, 5, 4, 1, 1, 1, -1, 0.628448, 0.530603
21, 327, 6, 0, 1, 1, -1, 0, 0.578083, 0.483541
21, 328, 2, 0, 1, 1, 1, 0, 0.391769, 1.290754
21, 329, 4, 2, 1, -1, 1, 1, 0.578965, 0.661283
21, 330, 2, 1, 1, 1, -1, -1, 0.572355, 0.394386
21, 331, 3, 0, 0, -1, 1, 0, 0.459497, 1.210238
21, 332, 3, 3, 1, -1, -1, 1, 1.358702, 0.291834
21, 333, 6, 0, 1, 1, 1, 0, 0.802748, 0.000000
21, 334, 1, 6, 1, -1, 1, -1, 0.596867, 0.284867
21, 335, 6, 6, 1, 1, -1, -1, 0.869462, 0.259757
21, 336, 3, 6, 1, 1, -1, 1, 0.691172, 0.133648
21, 337, 4, 0, 1, 1, 1, 0, 0.584551, 0.087063
21, 338, 6, 4, 1, 1, -1, -1, 0.582168, 0.119964
21, 339, 5, 6, 1, 1, -1, 1, 0.676825, 0.000000
21, 340, 6, 0, 1, 1, -1, 0, 0.538813, 0.060336
21, 341, 4, 3, 1, 1, 1, -1, 0.560033, 0.020928
21, 342, 1, 0, 1, 1, -1, 0, 0.506882, 0.000000
21, 343, 3, 4, 1, 1, 1, 1, 0.578468, 0.000000
21, 344, 3, 6, 1, 1, -1, -1, 0.486673, 0.000000
21, 345, 2, 1, 1, 1, -1, -1, 0.454019, 0.000000
21, 346, 1, 0, 1, 1, 1, 0, 0.373812, 0.000000
21, 347, 1, 1, 1, 1, -1, 1, 0.494034, 0.000000
21, 348, 4, 0, 1, 1, -1, 0, 0.534144, 0.000000
21, 349, 3, 6, 1, 1, 1, 1, 0.652363, 0.000000
21, 350, 4, 0, 1, 1, 1, 0, 0.489050, 0.000000
21, 351, 1, 0, 1, 1, -1, 0, 0.545217, 0.493063
21, 352, 3, 0, 1, 1, -1, 0, 0.571503, 0.060512
21, 353, 6, 0, 1, 1, -1, 0, 0.484574, 0.113005
21, 354, 6, 4, 1, 1, 1, -1, 0.540078, 0.339283
21, 355, 6, 0, 1, 1, -1, 0, 0.645665, 0.252461
21, 356, 3, 0, 1, 1, 1, 0, 0.835879, 0.456708
21, 357, 4, 0, 1, 1, 1, 0, 0.776980, 0.134769
21, 358, 4, 0, 1, 1, -1, 0, 0.624921, 0.239534
21, 359, 1, 0, 1, 1, 1, 0, 0.456730, 0.311754
21, 360, 2, 0, 1, 1, 1, 0, 0.577140, 0.333592
21, 361, 5, 2, 1, 1, 1, -1, 0.672104, 0.213709
21, 362, 6, 0, 1, 1, -1, 0, 0.525288, 0.126988
21, 363, 3, 1, 1, 1, 1, -1, 0.452038, 0.126420
21, 364, 4, 5, 1, 1, 1, -1, 0.596425, 0.007651
21, 365, 1, 2, 1, 1, 1, 1, 0.504560, 0.033504
21, 366, 1, 0, 1, 1, 1, 0, 0.590871, 0.034322
21, 367, 6, 0, 0, 3, 1, 0, 0.193696, 0.904628
21, 368, 5, 1, 1, -1, -1, -1, 0.836188, 0.257809
21, 369, 2, 0, 1, 1, 1, 0, 0.426448, 0.047485
21, 370, 4, 4, 1, 1, -1, 1, 0.590220, 0.073884
21, 371, 2, 2, 1, 1, 1, -1, 0.376446, 0.027595
21, 372, 2, 4, 0, 1, -1, 1, 0.430821, 4.046111
21, 373, 4, 0, 1, 1, 1, 0, 0.651754, 0.358020
21, 374, 6, 5, 1, 1, -1, 1, 0.994873, 2.134639
21, 375, 6, 0, 1, 1, -1, 0, 1.393395, 0.373218
21, 376, 4, 3, 1, -1, -1, -1, 0.623858, 1.605940
21, 377, 5, 0, 1, 1, -1, 0, 0.392615, 0.120283
21, 378, 3, 0, 0, 1, -1, 0, 0.587291, 2.071377
21, 379, 4, 0, 1, 1, -1, 0, 0.525894, 0.566387
21, 380, 6, 5, 1, 1, -1, -1, 0.590631, 0.060596
21, 381, 2, 0, 1, 1, -1, 0, 0.525946, 0.000000
21, 382, 5, 0, 1, 1, 1, 0, 0.524033, 0.000000
21, 383, 6, 6, 1, 1, 1, -1, 0.476810, 0.000000
21, 384, 4, 0, 1, 1, 1, 0, 0.498015, 0.000000
21, 385, 6, 4, 1, 1, 1, 1, 0.493975, 0.047411
21, 386, 6, 0, 1, 1, 1, 0, 0.438247, 0.100639
21, 387, 6, 1, 1, 1, 1, -1, 0.591306, 0.000000
21, 388, 3, 0, 1, 1, -1, 0, 0.537913, 0.000000
21, 389, 6, 2, 1, 1, -1, -1, 0.540489, 0.000000
21, 390, 4, 6, 1, 1, -1, -1, 0.510619, 0.000000
21, 391, 3, 4, 1, 1, -1, 1, 0.551676, 0.000000
21, 392, 2, 4, 1, 1, 1, 1, 0.531493, 0.000000
21, 393, 5, 0, 1, 1, -1, 0, 0.578691, 0.073370
21, 394, 6, 2, 1, 1, 1, 1, 0.586519, 0.061009
21, 395, 6, 0, 1, 1, 1, 0, 0.477573, 0.000000
21, 396, 1, 0, 1, 1, 1, 0, 0.423336, 0.000000
21, 397, 1, 6, 1, 1, -1, -1, 0.579619, 0.000000
21, 398, 5, 0, 1, 1, -1, 0, 0.553269, 0.000000
21, 399, 3, 6, 1, -1, 1, 1, 1.131135, 0.074307
21, 400, 1, 5, 1, 1, -1, -1, 0.539107, 0.000000
21, 401, 4, 2, 1, -1, -1, 1, 1.141955, 0.705637
21, 402, 5, 0, 1, 1, 1, 0, 0.642076, 0.271998
21, 403, 4, 0, 1, 1, -1, 0, 0.650813, 0.000000
21, 404, 4, 0, 1, 1, -1, 0, 0.712125, 0.904666
21, 405, 5, 3, 1, 1, -1, 1, 0.800806, 0.000000
21, 406, 6, 1, 1, 1, 1, 1, 0.630805, 0.000000
21, 407, 5, 1, 1, 1, 1, -1, 0.637241, 0.000000
21, 408, 6, 1, 1, 1, -1, 1, 0.583695, 0.000000
21, 409, 4, 0, 1, 1, -1, 0, 0.497766, 0.000000
21, 410, 2, 4, 1, 1, 1, -1, 0.419874, 0.000000
21, 411, 3, 0, 1, 1, 1, 0, 0.699149, 0.000000
21, 412, 6, 2, 1, 1, 1, -1, 0.659100, 0.000000
21, 413, 4, 2, 1, 3, -1, 1, 0.577994, 0.961912
21, 414, 3, 5, 1, 1, 1, 1, 0.600035, 0.246611
21, 415, 4, 0, 1, 1, -1, 0, 0.650913, 0.240934
21, 416, 1, 4, 1, 1, -1, -1, 0.615599, 0.206115
21, 417, 6, 0, 1, 1, -1, 0, 0.589891, 0.166950
21, 418, 2, 3, 1, 1, -1, 1, 0.505455, 0.140563
21, 419, 4, 3, 1, 1, 1, -1, 0.556726, 0.126759
21, 420, 5, 1, 1, 1, -1, 1, 0.590597, 0.054311
21, 421, 4, 0, 1, 1, -1, 0, 0.470523, 0.495057
21, 422, 2, 0, 1, 1, 1, 0, 0.611184, 0.298601
21, 423, 2, 1, 1, 1, 1, 1, 0.447512, 0.187610
21, 424, 5, 1, 1, 1, -1, 1, 0.604639, 0.073848
21, 425, 3, 0, 1, 1, 1, 0, 0.437987, 0.080270
21, 426, 3, 1, 1, 1, 1, 1, 0.466244, 0.000000
21, 427, 2, 6, 1, 1, 1, 1, 0.483389, 0.000000
21, 428, 3, 0, 1, 1, -1, 0, 0.552218, 0.000000
21, 429, 5, 0, 1, 1, -1, 0, 0.431652, 0.107151
21, 430, 5, 3, 1, 1, -1, 1, 0.493163, 0.000000
21, 431, 4, 6, 1, 1, -1, 1, 0.611504, 0.000000
21, 432, 3, 6, 1, 1, 1, -1, 0.598120, 0.000000
21, 433, 1, 4, 1, 1, 1, -1, 0.587153, 0.000000
21, 434, 3, 0, 0, 3, -1, 0, 0.439217, 0.059340
21, 435, 2, 0, 1, 1, 1, 0, 0.530290, 0.219623
21, 436, 3, 0, 1, 1, -1, 0, 0.731336, 0.000000
21, 437, 2, 5, 1, 1, 1, -1, 0.524567, 0.000000
21, 438, 5, 2, 1, 1, -1, 1, 0.662946, 0.000000
21, 439, 1, 0, 1, 1, 1, 0, 0.398329, 0.000000
21, 440, 5, 0, 1, 1, 1, 0, 0.531660, 0.000000
21, 441, 5, 0, 1, 1, -1, 0, 0.604615, 0.000000
21, 442, 3, 0, 1, 1, -1, 0, 0.584081, 0.000000
21, 443, 6, 6, 1, 1, 1, -1, 0.586451, 0.000000
21, 444, 2, 0, 1, 1, -1, 0, 0.586359, 0.000000
21, 445, 3, 0, 1, 1, 1, 0, 0.471319, 0.000000
21, 446, 1, 5, 1, 1, 1, 1, 0.399450, 0.000000
21, 447, 6, 0, 1, 1, 1, 0, 0.439618, 0.000000
21, 448, 3, 5, 1, 1, 1, 1, 0.678895, 0.000000
21, 449, 1, 0, 1, 1, -1, 0, 0.492382, 0.046943
21, 450, 1, 0, 1, 1, -1, 0, 0.449950, 0.001013
21, 451, 6, 0, 1, 1, 1, 0, 0.536879, 0.034030
21, 452, 6, 5, 1, 1, 1, -1, 0.430312, 0.067573
21, 453, 2, 0, 1, 1, 1, 0, 0.472084, 0.147309
21, 454, 4, 1, 1, 1, 1, 1, 0.513166, 0.027481
21, 455, 1, 0, 1, 1, 1, 0, 0.385443, 0.238479
21, 456, 2, 0, 1, 1, 1, 0, 0.385819, 0.200308
21, 457, 3, 0, 1, 1, 1, 0, 0.485312, 0.511203
21, 458, 2, 1, 1, 1, 1, -1, 0.659417, 0.014246
21, 459, 5, 0, 1, 1, 1, 0, 0.515920, 0.000000
21, 460, 2, 2, 1, 1, -1, 1, 0.525334, 0.000000
21, 461, 2, 2, 1, 1, 1, 1, 0.526315, 0.000000
21, 462, 4, 6, 1, 1, 1, -1, 0.545285, 0.000000
21, 463, 6, 0, 1, 1, 1, 0, 0.492468, 0.007619
21, 464, 6, 0, 1, 1, 1, 0, 0.466055, 0.000000
21, 465, 5, 0, 1, 1, 1, 0, 0.466831, 0.000000
21, 466, 5, 0, 1, 1, 1, 0, 0.486467, 0.000000
21, 467, 4, 5, 1, -1, 1, 1, 0.980671, 0.379601
21, 468, 2, 2, 1, 1, -1, -1, 0.611462, 0.000000
21, 469, 6, 0, 1, 1, 1, 0, 0.691374, 0.000000
21, 470, 5, 0, 1, 1, -1, 0, 0.781603, 0.000000
21, 471, 3, 6, 1, 1, -1, 1, 0.615550, 0.000000
21, 472, 4, 0, 1, 1, -1, 0, 0.452209, 0.000000
21, 473, 3, 0, 1, 1, -1, 0, 0.722407, 0.000000
21, 474, 4, 1, 1, -1, -1, 1, 0.603117, 0.412619
21, 475, 4, 4, 1, 1, -1, -1, 0.543426, 0.272642
21, 476, 4, 0, 1, -1, 1, 0, 0.497814, 0.817869
21, 477, 1, 0, 1, 1, -1, 0, 0.500643, 0.000000
21, 478, 2, 6, 1, 1, 1, 1, 0.642483, 0.443455
21, 479, 6, 0, 1, 1, 1, 0, 0.691590, 0.000000
21, 480, 1, 3, 1, 1, -1, 1, 0.483332, 0.000000
21, 481, 4, 6, 1, 1, 1, 1, 0.458539, 0.000000
21, 482, 1, 0, 1, 1, -1, 0, 0.378794, 0.000000
21, 483, 5, 6, 1, 1, -1, -1, 0.639199, 0.000000
21, 484, 1, 0, 1, 1, 1, 0, 0.603668, 0.000000
21, 485, 2, 0, 1, 1, 1, 0, 0.676693, 0.000000
21, 486, 6, 3, 1, 1, 1, 1, 0.505359, 0.000000
21, 487, 1, 0, 1, 1, -1, 0, 0.479643, 0.000000
21, 488, 1, 6, 1, 1, 1, 1, 0.479641, 0.000000
21, 489, 1, 0, 1, 1, 1, 0, 0.386275, 0.000000
21, 490, 2, 2, 1, 1, -1, -1, 0.450816, 0.000000
21, 491, 3, 5, 1, -1, -1, -1, 1.313919, 0.220377
21, 492, 1, 0, 1, 1, -1, 0, 0.418116, 0.000000
21, 493, 1, 0, 1, 1, -1, 0, 0.390615, 0.000000
21, 494, 5, 6, 1, 1, 1, -1, 0.543422, 0.000000
21, 495, 6, 0, 1, 1, -1, 0, 0.445747, 0.000000
21, 496, 2, 5, 1, 1, -1, 1, 0.584398, 0.000000
21, 497, 2, 2, 1, 1, 1, -1, 0.418063, 0.000000
21, 498, 1, 2, 1, 1, 1, 1, 0.432466, 0.000000
21, 499, 6, 0, 1, 1, -1, 0, 0.478630, 0.000000
21, 500, 3, 0, 1, 1, -1, 0, 0.434044, 0.000000
21, 501, 5, 5, 1, 1, 1, 1, 0.632869, 0.000000
21, 502, 5, 0, 1, 1, -1, 0, 0.460228, 0.000000
21, 503, 4, 5, 1, 1, -1, -1, 0.407288, 0.000000
21, 504, 5, 0, 1, 1, 1, 0, 0.572434, 0.000000
21, 505, 2, 0, 1, 1, -1, 0, 0.465290, 0.000000
21, 506, 4, 0, 1, 1, -1, 0, 0.543087, 0.000000
21, 507, 3, 0, 1, 1, -1, 0, 0.591662, 0.000000
21, 508, 1, 1, 1, 1, -1, 1, 0.546122, 0.000000
21, 509, 5, 2, 1, 1, 1, 1, 0.630079, 0.000000
21, 510, 6, 0, 1, 1, -1, 0, 0.552904, 0.000000
21, 511, 2, 5, 1, 1, 1, -1, 0.500013, 0.000000
21, 512, 4, 3, 1, 1, 1, 1, 0.565404, 0.000000
21, 513, 1, 0, 1, 1, 1, 0, 0.505203, 0.000000
21, 514, 5, 5, 1, 1, -1, -1, 0.439330, 0.000000
21, 515, 4, 1, 1, 1, -1, -1, 0.818649, 0.000000
21, 516, 2, 0, 1, 1, -1, 0, 0.433327, 0.426625
21, 517, 4, 0, 1, 1, -1, 0, 0.413100, 0.040771
21, 518, 5, 2, 1, 1, 1, -1, 0.555676, 0.000000
21, 519, 6, 0, 1, 1, -1, 0, 0.471709, 0.000000
21, 520, 3, 1, 1, 1, -1, -1, 0.525157, 0.000000
21, 521, 6, 6, 1, 1, 1, 1, 0.493301, 0.000000
21, 522, 3, 0, 1, 1, 1, 0, 0.490643, 0.000000
21, 523, 4, 1, 1, 1, -1, 1, 0.655385, 0.000000
21, 524, 3, 0, 1, 1, -1, 0, 0.657092, 0.000000
21, 525, 3, 0, 1, 1, 1, 0, 0.624369, 0.000000
21, 526, 5, 2, 1, 1, -1, -1, 0.419170, 0.000000
21, 527, 5, 0, 1, 1, -1, 0, 0.500568, 0.000000
21, 528, 3, 3, 1, 1, -1, -1, 0.560288, 0.000000
21, 529, 6, 0, 1, 1, 1, 0, 0.466469, 0.000000
21, 530, 2, 5, 1, 1, -1, 1, 0.512435, 0.000000
21, 531, 6, 0, 1, 1, -1, 0, 0.547580, 0.000000
21, 532, 5, 1, 1, 1, -1, -1, 0.387155, 0.000000
21, 533, 2, 0, 1, 1, -1, 0, 0.579404, 0.000000
21, 534, 2, 0, 1, 1, -1, 0, 0.458883, 0.000000
21, 535, 4, 6, 1, 1, 1, 1, 0.664499, 0.000000
21, 536, 3, 0, 0, 1, 1, 0, 0.559026, 1.424478
21, 537, 2, 4, 1, 1, -1, -1, 0.534215, 0.000000
21, 538, 4, 2, 1, 1, 1, -1, 0.511370, 0.000000
21, 539, 1, 3, 1, 1, -1, -1, 0.517071, 0.000000
21, 540, 6, 5, 1, 1, 1, 1, 0.432374, 0.000000
21, 541, 3, 4, 1, 1, 1, -1, 0.460988, 0.000000
21, 542, 5, 0, 1, 1, 1, 0, 0.446757, 0.000000
21, 543, 5, 0, 1, 1, 1, 0, 0.438947, 0.000000
21, 544, 6, 0, 1, 1, -1, 0, 0.498885, 0.000000
21, 545, 6, 0, 1, 3, -1, 0, 0.492682, 1.021202
21, 546, 3, 2, 1, 1, -1, -1, 1.057981, 0.000000
21, 547, 4, 0, 1, 1, 1, 0, 0.674202, 0.000000
21, 548, 4, 5, 1, 1, 1, 1, 0.477247, 0.000000
21, 549, 3, 0, 0, -1, 1, 0, 0.788788, 0.304907
21, 550, 5, 0, 1, 1, 1, 0, 0.444691, 0.000000
21, 551, 4, 0, 1, 1, 1, 0, 0.451482, 0.000000
21, 552, 3, 2, 1, 1, -1, 1, 0.619592, 0.000000
21, 553, 1, 2, 1, 1, -1, 1, 0.517697, 0.000000
21, 554, 1, 5, 1, 1, 1, -1, 0.519432, 0.000000
21, 555, 4, 0, 1, 1, 1, 0, 0.479261, 0.000000
21, 556, 2, 0, 1, 1, 1, 0, 0.432163, 0.000000
21, 557, 3, 1, 1, 1, 1, -1, 0.459932, 0.000000
21, 558, 5, 0, 1, 1, -1, 0, 0.597000, 0.047208
21, 559, 6, 2, 1, 1, -1, -1, 0.683142, 0.000000
21, 560, 5, 0, 1, 1, 1, 0, 0.716824, 0.000000
21, 561, 5, 0, 1, 1, -1, 0, 0.524788, 0.000000
21, 562, 4, 0, 1, 1, 1, 0, 0.510934, 0.000000
21, 563, 6, 3, 1, 1, 1, -1, 0.626926, 0.000000
21, 564, 6, 3, 1, 1, -1, -1, 0.498273, 0.061109
21, 565, 5, 0, 1, 1, -1, 0, 0.438888, 0.047604
21, 566, 1, 0, 1, 1, -1, 0, 0.533933, 0.000000
21, 567, 4, 0, 1, 1, -1, 0, 0.479125, 0.000000
21, 568, 4, 0, 1, 1, -1, 0, 0.374328, 0.027609
21, 569, 4, 1, 1, -1, -1, -1, 0.709394, 0.265384
21, 570, 1, 1, 1, 1, -1, -1, 0.444809, 0.000000
21, 571, 4, 0, 1, 1, -1, 0, 0.359673, 0.000000
21, 572, 4, 0, 1, 1, -1, 0, 0.366455, 0.087138
21, 573, 3, 5, 1, 1, -1, 1, 0.471314, 0.648573
21, 574, 2, 3, 1, 1, -1, -1, 0.569249, 0.000000
21, 575, 3, 0, 1, 1, 1, 0, 0.748676, 0.000000
21, 576, 2, 0, 1, 1, -1, 0, 0.454515, 0.067811
21, 577, 6, 0, 1, 1, 1, 0, 0.536933, 0.319612
21, 578, 4, 3, 1, 1, -1, 1, 0.709141, 0.476626
21, 579, 6, 3, 1, 1, 1, -1, 0.545687, 0.186467
21, 580, 4, 3, 1, -1, 1, 1, 0.997749, 0.173184
21, 581, 3, 0, 1, 1, 1, 0, 0.437038, 0.094327
21, 582, 1, 0, 1, 1, 1, 0, 0.380952, 0.560815
21, 583, 3, 5, 1, -1, 1, -1, 0.855781, 0.120300
