observer, trial, targLoc, distLoc, targDiscrim, thoughtNoAttCap, tc, dc, RT, TrialTypeRT
5, 1, 2, 0, 1, 1, -1, 0, 1.152072, 7.924323
5, 2, 4, 0, 1, 1, 1, 0, 1.032781, 1.587758
5, 3, 5, 0, 1, 1, -1, 0, 1.291711, 1.540350
5, 5, 4, 3, 1, 1, 1, 1, 0.952400, 1.620993
5, 6, 4, 1, 0, 3, 1, -1, 0.596331, 0.391941
5, 7, 5, 0, 1, 1, 1, 0, 0.868422, 1.030826
5, 8, 2, 0, 1, 3, 1, 0, 0.753858, 2.437320
5, 9, 4, 1, 1, 1, -1, -1, 0.946536, 1.447482
5, 10, 2, 0, 1, 1, -1, 0, 0.906439, 0.965650
5, 11, 5, 4, 0, 3, 1, -1, 1.072840, 0.153497
5, 12, 1, 4, 1, 3, 1, -1, 1.026263, 0.924557
5, 13, 2, 0, 1, 1, 1, 0, 0.927530, 0.680676
5, 14, 6, 5, 1, 1, -1, -1, 1.394020, 0.762967
5, 15, 3, 0, 1, 1, 1, 0, 0.993475, 0.828946
5, 16, 3, 0, 1, 1, -1, 0, 1.072540, 0.714498
5, 17, 6, 4, 1, 1, -1, 1, 1.462909, 0.619591
5, 19, 3, 1, 1, 1, 1, 1, 0.681991, 0.604564
5, 20, 2, 4, 1, 1, 1, 1, 0.994171, 0.318332
5, 21, 1, 0, 1, 1, 1, 0, 1.079519, 0.324761
5, 22, 5, 0, 1, 1, 1, 0, 0.875361, 0.356943
5, 23, 2, 0, 1, 1, 1, 0, 0.755015, 0.606599
5, 24, 2, 1, 1, 1, -1, -1, 0.926339, 0.060696
5, 25, 6, 2, 1, 1, 1, 1, 0.955192, 0.325051
5, 26, 3, 0, 1, 1, 1, 0, 0.754849, 0.345322
5, 27, 3, 0, 1, 1, 1, 0, 0.906172, 0.132850
5, 28, 3, 1, 1, 1, -1, 1, 0.992489, 0.818525
5, 29, 5, 0, 1, 1, -1, 0, 0.846222, 0.774054
5, 30, 1, 0, 1, 1, 1, 0, 0.600406, 0.503325
5, 31, 6, 5, 1, 1, 1, 1, 0.892399, 0.332291
5, 32, 3, 0, 1, 1, 1, 0, 0.735413, 0.457554
5, 33, 3, 1, 1, -1, -1, 1, 0.872812, 1.568693
5, 34, 4, 4, 1, 1, -1, 1, 0.860210, 0.464165
5, 35, 1, 0, 1, 1, 1, 0, 0.767280, 0.574367
5, 36, 5, 5, 1, 1, -1, 1, 0.823049, 0.430258
5, 37, 5, 6, 1, 1, 1, -1, 0.827920, 1.814997
5, 38, 1, 0, 1, 1, -1, 0, 1.064120, 0.867749
5, 39, 6, 0, 1, -1, -1, 0, 0.754049, 1.339909
5, 40, 3, 0, 1, 1, 1, 0, 0.913962, 0.787421
5, 41, 5, 2, 1, 1, 1, -1, 0.925311, 0.502718
5, 42, 1, 0, 1, 1, 1, 0, 0.688363, 0.450245
5, 43, 4, 0, 1, 1, -1, 0, 0.688683, 1.041829
5, 44, 5, 0, 1, 1, 1, 0, 0.808116, 0.644677
5, 45, 3, 5, 1, 1, -1, -1, 1.308214, 0.286396
5, 46, 1, 5, 1, 1, 1, 1, 0.787532, 0.497538
5, 47, 1, 0, 1, 1, 1, 0, 0.582263, 0.799163
5, 48, 6, 3, 1, -1, -1, -1, 0.786968, 0.682588
5, 49, 5, 0, 1, 1, -1, 0, 0.682337, 0.970865
5, 50, 4, 0, 1, 1, -1, 0, 0.773532, 0.554440
5, 51, 5, 0, 1, 1, -1, 0, 0.926524, 0.826938
5, 52, 6, 0, 1, 1, -1, 0, 0.629306, 0.455636
5, 53, 3, 0, 1, 1, -1, 0, 0.807897, 0.824773
5, 54, 5, 0, 1, 1, 1, 0, 0.719888, 0.721728
5, 55, 4, 0, 1, 1, 1, 0, 0.727601, 0.762074
5, 56, 3, 0, 1, 1, 1, 0, 0.834713, 0.575573
5, 57, 6, 0, 1, -1, 1, 0, 0.853636, 1.332482
5, 58, 1, 0, 1, 1, -1, 0, 0.821020, 0.714220
5, 59, 5, 0, 1, 1, 1, 0, 0.794938, 0.917182
5, 60, 3, 6, 1, -1, -1, -1, 0.986451, 0.659691
5, 61, 2, 0, 1, 1, -1, 0, 0.813767, 0.748839
5, 62, 3, 1, 1, 1, 1, 1, 0.964627, 0.960418
5, 63, 1, 2, 1, 1, 1, -1, 1.104860, 1.147067
5, 64, 2, 2, 1, 1, -1, 1, 0.901752, 1.012263
5, 65, 5, 1, 1, -1, 1, 1, 0.762967, 1.045475
5, 66, 1, 4, 1, 1, -1, 1, 0.993231, 0.748599
5, 67, 5, 0, 1, 1, -1, 0, 0.689329, 1.268878
5, 68, 1, 0, 1, 1, -1, 0, 0.756481, 0.819947
5, 69, 5, 0, 1, 1, 1, 0, 0.729268, 1.115147
5, 70, 2, 3, 1, 1, -1, 1, 0.954165, 0.660868
5, 71, 3, 2, 1, -1, -1, -1, 0.899841, 0.854020
5, 72, 4, 0, 1, 1, 1, 0, 0.774776, 0.927048
5, 73, 1, 3, 1, 1, 1, 1, 0.866742, 0.788988
5, 74, 6, 0, 1, -1, -1, 0, 0.661592, 1.031981
5, 75, 4, 0, 1, 1, 1, 0, 0.938988, 0.636379
5, 76, 4, 0, 1, 1, 1, 0, 0.721915, 0.490686
5, 77, 4, 0, 1, 1, 1, 0, 0.681152, 0.548447
5, 78, 6, 0, 1, 1, -1, 0, 0.701922, 0.887975
5, 79, 1, 4, 1, -1, -1, -1, 1.052480, 0.619812
5, 80, 3, 0, 1, 1, 1, 0, 0.759864, 0.512026
5, 81, 2, 0, 1, 1, -1, 0, 0.676779, 0.878991
5, 82, 3, 3, 1, 1, -1, -1, 0.821072, 1.020333
5, 83, 2, 5, 1, -1, -1, -1, 0.740226, 1.083335
5, 84, 2, 6, 1, 1, 1, -1, 1.137872, 0.689828
5, 85, 2, 0, 1, 1, 1, 0, 0.722239, 0.689317
5, 86, 6, 0, 1, 1, 1, 0, 0.899719, 0.789907
5, 87, 2, 0, 1, 1, -1, 0, 0.835031, 0.808147
5, 88, 1, 1, 1, 1, 1, -1, 1.010845, 0.690302
5, 89, 3, 0, 1, 1, 1, 0, 0.769146, 0.649041
5, 91, 6, 6, 1, 1, -1, 1, 0.862250, 0.462690
5, 92, 6, 6, 1, 1, 1, -1, 0.793412, 0.425323
5, 93, 6, 1, 1, 1, -1, 1, 0.676540, 0.644483
5, 94, 1, 4, 1, 1, -1, 1, 0.981324, 0.589397
5, 95, 5, 1, 1, -1, -1, -1, 0.708987, 1.050205
5, 96, 6, 0, 1, 1, -1, 0, 0.688037, 0.743632
5, 97, 4, 6, 1, 1, -1, 1, 0.687639, 0.574342
5, 98, 1, 0, 1, 1, -1, 0, 0.681603, 0.806174
5, 99, 1, 4, 1, 1, 1, 1, 0.742090, 0.470590
5, 100, 3, 0, 1, 1, 1, 0, 0.907191, 0.483009
5, 101, 6, 6, 1, 1, 1, 1, 0.741069, 0.565110
5, 102, 3, 1, 1, 1, 1, -1, 0.761096, 1.083405
5, 103, 6, 0, 1, 1, -1, 0, 0.928117, 0.510579
5, 104, 3, 2, 1, -1, -1, 1, 1.099022, 0.565576
5, 105, 4, 5, 1, -1, -1, -1, 0.793624, 0.952844
5, 106, 1, 6, 1, 1, -1, -1, 0.726648, 0.925383
5, 107, 6, 2, 1, 1, -1, 1, 0.884948, 0.681265
5, 108, 5, 2, 1, 1, 1, 1, 0.805496, 0.579511
5, 109, 1, 6, 1, 3, -1, -1, 0.775413, 0.392218
5, 110, 3, 0, 1, 1, -1, 0, 0.870933, 0.991910
5, 111, 5, 6, 1, 1, -1, 1, 0.830853, 0.547764
5, 112, 3, 3, 1, 1, -1, -1, 0.907853, 0.783548
5, 113, 3, 2, 1, 1, 1, 1, 0.616332, 0.893034
5, 114, 6, 1, 1, 1, -1, -1, 0.688485, 0.977917
5, 115, 1, 0, 1, 1, 1, 0, 0.596228, 0.818659
5, 116, 4, 0, 1, -1, -1, 0, 0.952276, 1.057910
5, 117, 3, 0, 1, 1, 1, 0, 0.853274, 0.468287
5, 118, 2, 0, 1, 1, -1, 0, 0.746032, 1.118339
5, 119, 6, 0, 1, 1, 1, 0, 0.654707, 0.482894
5, 120, 2, 6, 1, 1, 1, -1, 0.996959, 0.483737
5, 121, 2, 0, 1, 1, 1, 0, 0.703057, 0.780429
5, 122, 1, 4, 1, 1, -1, -1, 0.747992, 0.872181
5, 123, 6, 0, 1, 1, -1, 0, 0.878063, 1.458653
5, 124, 2, 3, 1, -1, -1, -1, 0.621835, 0.642750
5, 125, 5, 0, 1, 1, -1, 0, 0.612839, 0.951308
5, 126, 6, 0, 1, 1, -1, 0, 0.940518, 0.581378
5, 127, 3, 0, 1, 1, 1, 0, 0.676238, 0.914638
5, 128, 3, 6, 1, 1, -1, -1, 0.874335, 0.734263
5, 129, 5, 0, 1, 3, 1, 0, 0.813843, 0.471099
5, 130, 5, 2, 1, 1, -1, 1, 0.715523, 0.925573
5, 131, 1, 0, 1, 1, 1, 0, 0.510068, 1.916139
5, 132, 6, 0, 1, 1, 1, 0, 0.795752, 0.859342
5, 133, 3, 0, 1, 1, -1, 0, 0.795959, 0.885639
5, 134, 5, 5, 1, 1, -1, 1, 1.064407, 1.090800
5, 135, 2, 3, 1, -1, 1, 1, 0.795089, 0.906562
5, 136, 3, 0, 1, 1, -1, 0, 0.820250, 2.019795
5, 137, 5, 1, 1, -1, -1, 1, 0.679974, 0.859474
5, 138, 4, 0, 1, 1, 1, 0, 0.902416, 0.528085
5, 139, 1, 6, 1, 1, 1, -1, 0.919609, 0.762145
5, 140, 6, 0, 1, 1, -1, 0, 0.678743, 0.502036
5, 141, 1, 0, 1, -1, -1, 0, 0.735250, 0.618800
5, 142, 3, 4, 1, 1, 1, -1, 1.040514, 0.752114
5, 143, 5, 1, 1, 1, 1, -1, 0.820491, 0.673337
5, 144, 1, 0, 1, 1, 1, 0, 0.735622, 1.031416
5, 145, 5, 2, 1, 1, 1, 1, 0.928879, 1.151969
5, 146, 4, 6, 1, 1, -1, -1, 0.840850, 0.978090
5, 147, 5, 0, 1, -1, -1, 0, 1.028262, 1.053477
5, 148, 2, 6, 1, 3, 1, 1, 0.746813, 0.297942
5, 149, 6, 0, 1, 1, 1, 0, 0.998190, 0.917575
5, 150, 6, 1, 1, 1, 1, 1, 0.720191, 0.892752
5, 151, 5, 0, 1, 1, -1, 0, 0.517474, 0.954471
5, 152, 4, 0, 1, 1, 1, 0, 0.907967, 0.584329
5, 153, 6, 0, 1, 1, -1, 0, 0.669078, 1.041445
5, 154, 4, 0, 1, 1, -1, 0, 0.602761, 0.889949
5, 155, 3, 6, 1, 1, 1, -1, 0.959555, 0.991685
5, 156, 2, 4, 1, 1, 1, 1, 0.822782, 0.788330
5, 157, 2, 2, 1, 1, 1, -1, 0.783034, 0.779732
5, 158, 3, 0, 1, 1, -1, 0, 0.734516, 1.119208
5, 159, 6, 3, 1, 1, -1, 1, 1.158660, 0.992073
5, 160, 2, 0, 1, 1, 1, 0, 0.665957, 0.662566
5, 161, 3, 3, 1, 1, 1, 1, 0.827948, 0.880651
5, 162, 6, 0, 1, -1, 1, 0, 1.161942, 1.005165
5, 163, 1, 0, 1, 3, 1, 0, 0.636270, 0.682006
5, 164, 1, 0, 1, 1, 1, 0, 0.662447, 0.620901
5, 165, 2, 5, 1, 1, 1, 1, 0.819790, 0.762231
5, 166, 3, 6, 1, 1, 1, 1, 0.879016, 0.688681
5, 167, 5, 0, 1, 3, -1, 0, 0.893360, 1.222190
5, 168, 4, 5, 1, 1, -1, 1, 0.774224, 0.482424
5, 169, 1, 6, 0, 1, -1, 1, 0.695047, 1.276780
5, 170, 6, 3, 1, 1, 1, 1, 0.715743, 0.722357
5, 171, 6, 2, 1, 1, -1, 1, 0.962565, 0.721372
5, 172, 3, 2, 1, -1, 1, 1, 0.673592, 1.495134
5, 173, 2, 0, 1, 1, 1, 0, 0.669020, 0.728538
5, 174, 1, 3, 1, 1, 1, 1, 0.986044, 0.825687
5, 175, 1, 3, 1, 1, -1, 1, 1.091711, 0.980263
5, 176, 2, 0, 1, 1, -1, 0, 0.882004, 1.460279
5, 177, 3, 0, 1, 3, -1, 0, 0.794542, 0.874132
5, 178, 4, 0, 1, 1, 1, 0, 1.019513, 1.006365
5, 179, 1, 0, 1, 1, 1, 0, 0.582718, 0.736366
5, 180, 5, 5, 1, 1, -1, -1, 0.876393, 0.960172
5, 181, 5, 0, 1, 1, 1, 0, 0.761785, 0.801449
5, 182, 4, 0, 1, 1, 1, 0, 0.721008, 1.064242
5, 183, 5, 6, 1, 1, -1, -1, 0.847890, 0.956340
5, 184, 3, 2, 1, 1, 1, -1, 0.952769, 1.665979
5, 185, 6, 5, 1, 3, 1, 1, 1.010877, 1.609300
5, 186, 5, 0, 1, 1, -1, 0, 0.748787, 1.103537
5, 187, 2, 0, 1, 1, 1, 0, 0.682935, 0.902232
5, 188, 3, 0, 1, 1, 1, 0, 0.847624, 1.435332
5, 189, 4, 0, 1, 1, -1, 0, 0.741079, 1.449503
5, 190, 6, 2, 1, 1, -1, -1, 0.979073, 0.775523
5, 191, 3, 5, 1, -1, -1, 1, 0.972916, 0.763331
5, 192, 1, 0, 1, 1, 1, 0, 0.562797, 0.885507
5, 193, 3, 0, 1, 1, -1, 0, 0.848033, 0.971069
5, 194, 1, 5, 1, 1, -1, 1, 0.885333, 1.120796
5, 195, 5, 0, 1, 1, -1, 0, 0.747295, 1.979277
5, 196, 1, 0, 1, 1, -1, 0, 0.749301, 1.388616
5, 197, 3, 0, 1, 1, -1, 0, 0.820421, 1.330626
5, 198, 1, 6, 1, 3, -1, 1, 0.926990, 0.821904
5, 199, 1, 6, 1, 1, 1, -1, 1.012013, 0.781705
5, 200, 5, 3, 1, 1, 1, -1, 1.018021, 1.448474
5, 201, 6, 0, 1, 1, 1, 0, 0.706557, 0.774192
5, 202, 2, 0, 1, 1, 1, 0, 0.702148, 0.622214
5, 203, 5, 6, 1, 1, -1, -1, 0.940012, 0.939038
5, 204, 1, 0, 1, 1, -1, 0, 0.788473, 0.443847
5, 205, 3, 0, 1, -1, -1, 0, 0.727652, 0.647688
5, 206, 5, 0, 1, 1, 1, 0, 0.762483, 0.610356
5, 207, 2, 2, 1, 1, 1, 1, 0.801770, 0.411570
5, 208, 4, 0, 1, 1, 1, 0, 0.729938, 1.025225
5, 209, 4, 0, 1, 1, 1, 0, 0.696000, 1.252243
5, 210, 3, 6, 1, 1, -1, 1, 0.881758, 1.183060
5, 211, 6, 1, 1, 1, 1, 1, 0.787830, 1.304218
5, 212, 2, 0, 1, -1, -1, 0, 0.668508, 1.168160
5, 213, 5, 3, 1, -1, -1, 1, 0.947334, 1.145713
5, 214, 2, 0, 1, 1, 1, 0, 0.772650, 1.085056
5, 215, 1, 4, 1, 1, 1, 1, 0.682555, 1.148154
5, 216, 3, 3, 1, 1, 1, -1, 1.058801, 1.158234
5, 217, 1, 0, 1, -1, -1, 0, 0.656391, 0.898846
5, 218, 3, 0, 1, 1, -1, 0, 0.762649, 0.543188
5, 219, 6, 0, 1, 1, -1, 0, 0.847632, 0.708001
5, 220, 2, 4, 1, -1, -1, -1, 0.753908, 0.850630
5, 221, 6, 0, 1, 1, 1, 0, 1.131606, 0.911130
5, 222, 5, 0, 0, 1, 1, 0, 0.000000, 4.090353
5, 223, 6, 0, 1, 1, -1, 0, 0.741734, 1.042054
5, 224, 2, 0, 1, -1, -1, 0, 0.635647, 0.945472
5, 225, 3, 5, 1, 1, -1, -1, 1.361640, 0.800002
5, 226, 5, 0, 1, 1, -1, 0, 0.491042, 1.185127
5, 227, 2, 1, 1, 3, 1, 1, 0.993436, 1.042761
5, 228, 4, 0, 1, 1, -1, 0, 0.818463, 0.690372
5, 229, 6, 0, 1, -1, 1, 0, 0.960656, 1.026165
5, 230, 2, 5, 0, 1, -1, -1, 0.107170, 2.255923
5, 231, 3, 0, 1, 1, -1, 0, 0.846489, 0.781773
5, 232, 2, 0, 1, -1, -1, 0, 0.669017, 1.004841
5, 233, 4, 0, 1, -1, -1, 0, 0.814597, 0.829324
5, 234, 5, 6, 1, 3, 1, 1, 1.055109, 0.007402
5, 235, 4, 3, 1, 1, 1, -1, 1.135119, 1.325086
5, 236, 5, 0, 1, 1, 1, 0, 0.775140, 1.189622
5, 237, 4, 6, 1, 3, 1, 1, 0.951081, 2.218601
5, 238, 3, 0, 0, 1, 1, 0, 0.119138, 1.685610
5, 239, 2, 0, 1, 1, -1, 0, 0.649230, 0.833091
5, 240, 4, 0, 1, 1, -1, 0, 0.880448, 1.268504
5, 241, 6, 1, 1, -1, 1, -1, 1.043684, 0.696906
5, 242, 3, 0, 1, -1, -1, 0, 0.756067, 0.879966
5, 243, 2, 0, 1, 1, 1, 0, 0.721741, 0.885645
5, 244, 2, 0, 1, 1, 1, 0, 0.682500, 0.966948
5, 245, 2, 0, 1, -1, -1, 0, 0.816813, 1.121921
5, 246, 3, 1, 1, 1, 1, -1, 0.867820, 1.007259
5, 247, 5, 0, 1, 1, 1, 0, 0.820757, 1.014682
5, 248, 6, 0, 1, 1, -1, 0, 0.774376, 0.932936
5, 249, 1, 3, 1, 1, 1, -1, 0.716159, 0.900700
5, 250, 3, 0, 1, 1, 1, 0, 0.785230, 0.766969
5, 251, 5, 0, 1, 1, -1, 0, 0.463557, 0.937263
5, 252, 4, 0, 1, 1, -1, 0, 0.642685, 0.722046
5, 253, 2, 0, 1, 1, 1, 0, 0.695902, 1.005706
5, 254, 1, 6, 1, 1, 1, 1, 0.682267, 0.987927
5, 255, 1, 0, 1, 1, -1, 0, 0.907652, 0.866027
5, 256, 6, 4, 1, 1, -1, -1, 0.919366, 1.004935
5, 257, 3, 1, 1, 1, -1, -1, 0.786034, 1.092523
5, 258, 4, 0, 1, 1, 1, 0, 0.676147, 1.289621
5, 259, 2, 0, 1, 1, 1, 0, 0.774347, 0.891469
5, 260, 3, 4, 1, -1, -1, 1, 1.082049, 1.041826
5, 261, 6, 6, 1, 1, -1, -1, 0.840651, 0.745549
5, 262, 6, 0, 1, -1, -1, 0, 1.020212, 0.691513
5, 263, 2, 6, 1, 1, -1, 1, 0.875026, 0.623611
5, 264, 1, 0, 1, 3, 1, 0, 0.710451, 0.040622
5, 265, 2, 0, 1, 1, 1, 0, 0.878838, 0.818506
5, 266, 1, 2, 1, 1, -1, 1, 1.158677, 0.800595
5, 267, 5, 6, 1, 1, -1, 1, 0.828201, 0.502777
5, 268, 3, 3, 1, -1, -1, 1, 1.218377, 1.378663
5, 269, 2, 0, 0, 3, 1, 0, 0.917699, 0.258501
5, 270, 4, 6, 1, 1, 1, 1, 1.014061, 0.727576
5, 271, 1, 0, 1, 1, -1, 0, 0.663054, 0.919973
5, 272, 4, 4, 1, -1, 1, 1, 0.818862, 0.812870
5, 273, 3, 5, 1, 1, 1, 1, 0.927677, 0.529880
5, 274, 6, 0, 1, 1, 1, 0, 0.808341, 0.496214
5, 275, 5, 2, 1, -1, -1, 1, 0.979539, 0.873292
5, 276, 5, 4, 1, 1, -1, -1, 0.715021, 0.747116
5, 277, 1, 4, 1, -1, 1, -1, 0.695250, 0.826882
5, 278, 6, 0, 1, 1, -1, 0, 0.633199, 1.004176
5, 279, 3, 4, 1, 1, 1, -1, 0.972759, 0.932990
5, 280, 2, 3, 1, 3, -1, 1, 0.759689, 0.378386
5, 281, 5, 0, 1, -1, 1, 0, 0.696392, 0.708593
5, 282, 5, 0, 1, 1, 1, 0, 0.702900, 0.398743
5, 283, 5, 4, 1, -1, -1, -1, 0.695575, 0.615666
5, 284, 1, 0, 1, 1, -1, 0, 0.781896, 0.505054
5, 285, 6, 0, 1, 1, -1, 0, 0.773283, 0.924104
5, 286, 1, 0, 1, 1, 1, 0, 0.608894, 0.726224
5, 287, 4, 4, 1, 1, -1, -1, 0.833727, 1.583402
5, 288, 5, 1, 1, 1, -1, 1, 0.821473, 0.795817
5, 289, 1, 0, 1, 1, -1, 0, 0.720613, 0.516087
5, 290, 3, 6, 0, 1, 1, -1, 0.765150, 1.171136
5, 291, 2, 5, 1, -1, 1, -1, 1.006184, 1.052151
5, 292, 2, 6, 1, 1, -1, -1, 0.960322, 0.614187
5, 293, 6, 3, 1, 1, 1, -1, 0.862080, 0.463591
5, 294, 4, 1, 1, -1, -1, 1, 0.906997, 0.820572
5, 295, 6, 6, 1, 1, 1, 1, 0.880150, 0.609023
5, 296, 6, 5, 1, 1, 1, -1, 0.906607, 0.871433
5, 297, 2, 0, 1, 1, -1, 0, 0.747801, 1.096192
5, 298, 2, 3, 1, 1, 1, -1, 0.961131, 1.626215
5, 299, 2, 6, 1, 3, -1, 1, 0.689669, 0.740545
5, 300, 2, 5, 1, 1, -1, 1, 0.772821, 0.753875
5, 301, 4, 0, 1, 3, 1, 0, 0.649894, 0.670744
5, 302, 5, 2, 1, 1, 1, -1, 0.832892, 0.533577
5, 303, 1, 2, 1, 1, 1, 1, 0.793006, 0.686564
5, 304, 1, 1, 1, 1, -1, 1, 0.788952, 0.805625
5, 305, 3, 0, 1, 1, 1, 0, 1.157509, 1.145159
5, 306, 4, 5, 1, 1, 1, -1, 0.894340, 0.741241
5, 307, 4, 1, 1, 1, -1, 1, 0.801138, 1.071561
5, 308, 2, 2, 0, 1, 1, -1, 0.000000, 1.391199
5, 309, 5, 5, 1, 1, 1, -1, 1.032305, 0.695390
5, 310, 1, 0, 1, -1, -1, 0, 0.789176, 1.185121
5, 311, 3, 5, 1, 1, 1, -1, 0.878577, 1.292693
5, 312, 2, 0, 1, 1, 1, 0, 0.673472, 0.734896
5, 313, 3, 0, 1, 1, 1, 0, 0.681179, 1.174827
5, 314, 3, 4, 1, 1, -1, -1, 0.826984, 0.791856
5, 315, 6, 3, 1, -1, 1, 1, 0.744775, 1.756246
5, 316, 5, 0, 1, 1, 1, 0, 0.767973, 0.900643
5, 317, 4, 3, 1, 1, 1, -1, 0.924676, 0.710223
5, 318, 4, 2, 1, 1, -1, -1, 0.841024, 0.858048
5, 319, 5, 2, 1, -1, -1, -1, 0.747708, 0.871234
5, 320, 6, 5, 1, 1, 1, -1, 0.768359, 1.051974
5, 321, 4, 2, 1, 1, 1, -1, 1.143665, 0.536989
5, 322, 5, 6, 1, -1, 1, 1, 0.721191, 1.250169
5, 323, 4, 0, 1, -1, -1, 0, 0.836031, 1.162080
5, 324, 1, 0, 1, 1, 1, 0, 0.636353, 1.063992
5, 325, 5, 0, 1, 1, -1, 0, 0.788266, 1.783398
5, 326, 3, 0, 1, 3, -1, 0, 0.715380, 1.151694
5, 327, 4, 0, 1, 1, -1, 0, 0.928622, 0.997460
5, 328, 3, 1, 1, 1, -1, -1, 0.801303, 0.911128
5, 329, 1, 2, 1, -1, 1, -1, 1.085388, 1.411423
5, 330, 3, 6, 1, -1, 1, 1, 0.786953, 1.207820
5, 331, 2, 2, 1, -1, 1, 1, 1.430906, 0.835211
5, 332, 1, 3, 1, 1, 1, -1, 0.932665, 1.164594
5, 333, 2, 1, 1, -1, -1, -1, 1.397300, 0.951365
5, 334, 2, 0, 1, 1, 1, 0, 0.641063, 0.987928
5, 335, 1, 1, 1, 3, -1, 1, 0.985821, 0.000000
5, 336, 6, 2, 1, -1, 1, -1, 0.953827, 0.670117
5, 337, 3, 3, 1, -1, -1, 1, 1.000177, 0.583097
5, 338, 3, 5, 1, -1, 1, -1, 0.781832, 0.796282
5, 339, 2, 1, 1, -1, -1, 1, 0.900980, 0.645784
5, 340, 5, 1, 1, 1, -1, -1, 0.931203, 0.652176
5, 341, 2, 5, 1, -1, -1, 1, 0.857611, 0.649782
5, 342, 5, 0, 1, 1, 1, 0, 0.787870, 1.179053
5, 343, 6, 5, 1, 1, -1, 1, 0.982498, 0.826168
5, 344, 6, 0, 1, -1, 1, 0, 0.802480, 1.509595
5, 345, 4, 0, 1, 1, -1, 0, 0.874259, 0.742654
5, 346, 3, 0, 1, 1, -1, 0, 0.800419, 0.728519
5, 347, 2, 3, 1, 1, 1, 1, 0.901588, 0.938292
5, 348, 2, 3, 1, 1, -1, -1, 1.339910, 0.796794
5, 349, 4, 0, 1, 1, 1, 0, 0.767265, 0.887660
5, 350, 3, 0, 1, 1, 1, 0, 0.901189, 0.715038
5, 351, 5, 0, 1, 1, 1, 0, 0.760846, 0.681352
5, 352, 5, 0, 1, 1, 1, 0, 1.170419, 0.701830
5, 353, 1, 5, 1, 1, 1, -1, 1.052291, 0.969103
5, 354, 1, 0, 1, -1, 1, 0, 0.899023, 0.867507
5, 355, 4, 6, 1, 1, 1, -1, 0.859850, 0.913113
5, 356, 5, 0, 1, 1, -1, 0, 0.835055, 2.138178
5, 357, 1, 0, 1, -1, -1, 0, 0.801587, 1.044286
5, 358, 6, 0, 1, 1, 1, 0, 0.986821, 0.706751
5, 359, 2, 4, 1, -1, 1, -1, 0.874567, 0.812191
5, 360, 2, 1, 1, 1, 1, 1, 0.858821, 1.040153
5, 361, 5, 4, 1, -1, 1, 1, 0.945441, 0.825902
5, 362, 2, 1, 0, 1, 1, -1, 0.139845, 1.194372
5, 363, 4, 0, 1, 1, -1, 0, 1.427909, 1.432471
5, 364, 4, 6, 1, -1, -1, -1, 0.725727, 0.965345
5, 365, 6, 0, 1, 3, 1, 0, 1.291257, 0.337895
5, 366, 3, 5, 1, -1, -1, 1, 1.177846, 0.768520
5, 367, 4, 4, 1, 1, 1, -1, 0.965348, 0.760899
5, 368, 1, 0, 1, -1, -1, 0, 0.945315, 1.878347
5, 369, 5, 3, 1, 1, -1, -1, 0.722601, 1.533137
5, 370, 4, 0, 1, 1, 1, 0, 0.754151, 1.230774
5, 371, 1, 0, 1, -1, -1, 0, 0.878641, 0.833555
5, 372, 4, 4, 1, 1, 1, -1, 0.978366, 1.357600
5, 373, 6, 4, 1, -1, 1, -1, 0.937080, 0.999089
5, 374, 1, 5, 1, 1, 1, -1, 0.789283, 1.403003
5, 375, 6, 0, 1, -1, 1, 0, 0.748497, 1.092557
5, 376, 4, 3, 1, 1, 1, 1, 0.794953, 1.218070
5, 377, 4, 0, 1, 1, -1, 0, 0.741504, 0.866522
5, 378, 5, 3, 1, 1, -1, -1, 0.680802, 0.826739
5, 379, 5, 4, 1, 1, 1, 1, 0.756339, 0.510240
5, 380, 5, 0, 1, -1, 1, 0, 1.335882, 1.100399
5, 381, 1, 0, 1, 1, 1, 0, 0.562807, 0.694903
5, 382, 4, 2, 1, 3, -1, 1, 0.986008, 0.438170
5, 383, 6, 0, 1, 1, -1, 0, 0.811983, 0.762092
5, 384, 4, 2, 1, 1, -1, 1, 0.854935, 0.937450
5, 385, 1, 0, 1, 1, -1, 0, 0.767649, 0.658664
5, 386, 4, 0, 1, 1, 1, 0, 0.808197, 0.898254
5, 387, 1, 0, 1, 1, 1, 0, 0.615747, 0.650021
5, 388, 1, 2, 1, -1, -1, -1, 0.934851, 0.852271
5, 389, 5, 3, 1, 1, -1, 1, 1.018817, 0.416236
5, 390, 6, 0, 1, 1, -1, 0, 0.829123, 0.820906
5, 391, 6, 6, 1, 1, -1, -1, 0.814204, 0.734372
5, 392, 1, 0, 1, 1, -1, 0, 0.661794, 0.694122
5, 393, 5, 5, 1, 1, -1, -1, 0.734447, 1.906978
5, 394, 3, 3, 1, 3, 1, 1, 1.046022, 0.373134
5, 395, 5, 0, 1, -1, -1, 0, 0.674731, 0.847699
5, 396, 3, 4, 0, 1, -1, 1, 0.172336, 1.141021
5, 397, 4, 3, 1, 1, -1, -1, 0.828065, 0.675703
5, 398, 5, 0, 1, -1, -1, 0, 0.649316, 0.715283
5, 399, 1, 5, 1, 1, -1, -1, 0.910492, 1.086528
5, 400, 4, 0, 0, 1, -1, 0, 0.206247, 1.097485
5, 401, 1, 1, 1, 1, 1, 1, 0.702175, 0.669519
5, 402, 4, 0, 1, 1, -1, 0, 0.788577, 0.608832
5, 403, 4, 0, 1, 1, 1, 0, 0.879792, 1.011033
5, 404, 4, 2, 1, 1, 1, 1, 0.706699, 1.118478
5, 405, 4, 5, 1, 1, 1, -1, 0.893222, 0.653773
5, 406, 5, 6, 0, -1, 1, -1, 0.647210, 1.926466
5, 407, 2, 1, 1, 1, 1, -1, 0.822007, 0.721146
5, 408, 6, 2, 1, 1, 1, -1, 0.860527, 0.858601
5, 409, 2, 5, 1, -1, 1, 1, 0.735887, 0.795792
5, 410, 4, 1, 1, 1, -1, -1, 0.768050, 0.821322
5, 411, 1, 6, 1, -1, 1, 1, 0.694067, 0.729328
5, 412, 5, 4, 1, 1, 1, -1, 0.906879, 0.779147
5, 413, 2, 0, 1, -1, -1, 0, 0.840972, 0.886280
5, 414, 3, 0, 1, 1, -1, 0, 0.753396, 0.966750
5, 415, 3, 3, 1, 3, 1, -1, 0.980716, 0.576307
5, 416, 3, 0, 1, 1, -1, 0, 0.839929, 0.726874
5, 417, 3, 0, 1, 1, 1, 0, 0.873150, 1.492882
5, 418, 5, 0, 1, -1, 1, 0, 0.707193, 1.004359
5, 419, 1, 2, 1, 3, -1, -1, 0.913757, 0.889253
5, 420, 4, 0, 1, -1, 1, 0, 0.729189, 0.848630
5, 421, 2, 5, 1, 1, 1, -1, 0.894254, 1.149812
5, 422, 1, 0, 1, 1, -1, 0, 1.097481, 0.792863
5, 423, 2, 2, 0, 1, -1, -1, 0.904040, 1.931301
5, 424, 3, 0, 1, 1, 1, 0, 0.713085, 3.480271
5, 425, 6, 0, 1, -1, 1, 0, 0.914897, 1.644143
5, 426, 2, 4, 1, 1, -1, 1, 1.209484, 1.188647
5, 427, 3, 0, 0, 3, -1, 0, 0.067310, 0.000000
5, 428, 4, 6, 0, 3, -1, 1, 0.000000, 0.000000
5, 429, 1, 3, 1, 1, -1, -1, 0.799461, 1.672715
5, 430, 5, 0, 1, 1, -1, 0, 0.622720, 2.088557
5, 431, 6, 4, 1, 1, 1, 1, 0.768140, 1.007345
5, 432, 5, 3, 1, -1, 1, 1, 1.059314, 1.726294
5, 433, 1, 1, 1, -1, 1, 1, 0.704820, 0.963844
5, 434, 2, 0, 1, 3, -1, 0, 1.183927, 0.666503
5, 435, 4, 4, 1, 1, 1, 1, 1.106537, 0.983093
5, 436, 5, 0, 1, 1, -1, 0, 0.947082, 0.783292
5, 437, 4, 5, 1, 1, -1, 1, 0.675225, 1.706286
5, 438, 2, 2, 1, -1, -1, -1, 0.933359, 0.984676
5, 439, 1, 0, 0, 1, -1, 0, 0.821434, 0.873203
5, 440, 5, 0, 1, 1, 1, 0, 0.795285, 1.366781
5, 441, 6, 3, 1, 1, -1, -1, 0.926499, 0.880970
5, 442, 4, 2, 1, 1, 1, -1, 1.097101, 0.834518
5, 443, 3, 2, 1, 1, -1, -1, 0.834327, 0.909702
5, 444, 3, 0, 1, 1, 1, 0, 0.728461, 0.760357
5, 445, 6, 0, 1, -1, 1, 0, 0.880411, 0.965406
5, 446, 6, 0, 1, 1, -1, 0, 0.752722, 0.821874
5, 447, 5, 0, 1, 1, 1, 0, 0.747780, 0.906856
5, 448, 6, 4, 1, -1, -1, -1, 1.052770, 1.734318
5, 449, 4, 6, 1, 1, 1, -1, 0.782145, 0.989346
5, 450, 3, 4, 1, 1, 1, 1, 0.887505, 0.832522
5, 451, 4, 1, 1, 1, 1, 1, 0.688517, 0.661866
5, 452, 5, 3, 1, -1, 1, -1, 0.812102, 1.222557
5, 453, 2, 4, 1, -1, 1, -1, 0.873727, 1.174293
5, 454, 1, 0, 1, 1, -1, 0, 0.886726, 0.985184
5, 455, 6, 4, 1, -1, 1, 1, 0.773611, 0.933745
5, 456, 3, 0, 1, 1, -1, 0, 0.920078, 0.939714
5, 457, 3, 0, 1, -1, -1, 0, 0.925259, 0.972742
5, 458, 3, 0, 1, 1, -1, 0, 0.821329, 0.958649
5, 459, 4, 0, 1, -1, 1, 0, 0.646495, 0.792643
5, 460, 4, 0, 1, 1, -1, 0, 0.696513, 1.049525
5, 461, 4, 4, 1, 1, -1, -1, 0.696671, 1.032122
5, 463, 6, 6, 1, 1, 1, -1, 0.860272, 0.695574
5, 464, 2, 6, 1, 1, -1, -1, 0.761185, 0.523048
5, 465, 6, 0, 1, 1, -1, 0, 0.754755, 0.439093
5, 466, 2, 0, 1, 1, -1, 0, 0.706739, 0.397608
5, 467, 6, 4, 1, 1, -1, 1, 0.920429, 0.634820
5, 468, 5, 4, 1, 3, -1, 1, 1.012926, 0.991627
5, 469, 6, 5, 1, 1, -1, -1, 0.818428, 0.926433
5, 470, 4, 5, 1, 1, 1, 1, 0.820989, 0.529413
5, 471, 6, 0, 1, 1, 1, 0, 0.708582, 1.181480
5, 472, 1, 5, 0, 1, -1, -1, 1.051521, 1.307540
5, 473, 6, 0, 1, -1, -1, 0, 0.722133, 1.389234
5, 474, 5, 0, 1, 1, 1, 0, 0.733567, 0.884447
5, 475, 6, 3, 1, 1, -1, 1, 0.939206, 1.500865
5, 476, 3, 2, 1, -1, -1, 1, 1.123914, 1.181919
5, 477, 5, 5, 1, 1, 1, 1, 0.965784, 0.797169
5, 478, 5, 4, 1, 1, -1, 1, 0.699949, 1.106904
5, 479, 6, 0, 1, -1, 1, 0, 0.759431, 0.952022
5, 480, 1, 0, 1, 1, 1, 0, 0.733057, 0.897126
5, 481, 6, 0, 1, 1, -1, 0, 0.845499, 0.973271
5, 482, 2, 0, 1, 1, -1, 0, 0.880340, 0.856295
5, 483, 5, 1, 1, 3, 1, -1, 0.951706, 1.566175
5, 484, 1, 2, 1, 1, 1, 1, 0.880390, 0.876649
5, 485, 3, 0, 1, 1, -1, 0, 0.773186, 0.756322
5, 486, 3, 0, 1, -1, -1, 0, 1.044764, 0.522217
5, 487, 2, 0, 1, 1, 1, 0, 0.590034, 1.041179
5, 488, 3, 2, 1, -1, 1, -1, 1.164502, 0.570158
5, 489, 3, 4, 1, 1, -1, -1, 0.967567, 0.913571
5, 490, 1, 5, 1, 1, -1, 1, 0.886676, 0.859504
5, 491, 6, 0, 1, -1, 1, 0, 0.920163, 0.781793
5, 492, 2, 0, 1, 1, -1, 0, 0.696187, 3.086661
5, 493, 4, 0, 1, -1, -1, 0, 0.714319, 0.822772
5, 494, 6, 0, 1, 1, -1, 0, 0.828127, 1.064986
5, 495, 2, 4, 1, 1, -1, 1, 0.966201, 1.014109
5, 496, 6, 2, 1, 1, 1, 1, 0.774658, 0.827614
5, 497, 3, 0, 1, 3, 1, 0, 0.919109, 0.398675
5, 498, 2, 1, 1, 1, -1, 1, 0.921520, 0.735400
5, 499, 1, 0, 1, 1, 1, 0, 1.047961, 2.362306
5, 500, 4, 1, 1, -1, 1, 1, 1.282655, 0.821923
5, 501, 1, 0, 1, 1, 1, 0, 0.594232, 0.527258
5, 502, 6, 5, 1, 1, -1, 1, 0.926828, 0.510542
5, 503, 1, 0, 1, 1, -1, 0, 0.742586, 1.123023
5, 504, 6, 1, 1, -1, -1, 1, 0.879838, 0.932505
5, 505, 2, 0, 1, 1, 1, 0, 0.715724, 1.274766
5, 506, 2, 0, 1, -1, -1, 0, 0.855342, 1.017838
5, 507, 6, 1, 1, 1, -1, -1, 0.768565, 0.621596
5, 509, 4, 3, 1, 1, -1, 1, 0.773906, 0.726951
5, 510, 5, 2, 1, -1, -1, -1, 0.634091, 0.557055
5, 511, 4, 0, 1, -1, -1, 0, 0.716451, 0.694402
5, 512, 6, 3, 1, 1, 1, -1, 1.131013, 0.225883
5, 513, 4, 0, 1, -1, 1, 0, 0.741495, 0.806079
5, 514, 2, 0, 1, 1, 1, 0, 0.741578, 0.873352
5, 515, 4, 3, 1, 1, -1, 1, 0.856755, 0.489660
5, 516, 6, 1, 1, -1, 1, -1, 0.708577, 1.158777
5, 517, 2, 0, 1, 1, -1, 0, 0.874654, 0.832876
5, 518, 2, 0, 1, -1, -1, 0, 0.754643, 1.535575
5, 519, 4, 0, 1, 1, -1, 0, 0.739876, 0.933091
5, 520, 6, 4, 1, 1, 1, -1, 1.124213, 0.850970
5, 521, 4, 0, 1, 1, -1, 0, 0.696416, 1.019630
5, 522, 4, 3, 1, -1, -1, -1, 0.887643, 0.846647
5, 523, 6, 0, 1, -1, 1, 0, 0.702681, 1.128675
5, 524, 1, 1, 1, 1, -1, -1, 0.906311, 0.631069
5, 525, 6, 0, 1, 1, 1, 0, 0.773880, 0.921276
5, 526, 1, 5, 1, -1, 1, 1, 0.811428, 0.925341
5, 527, 6, 6, 1, 1, -1, 1, 0.855128, 0.964543
5, 528, 2, 0, 1, 1, -1, 0, 0.635877, 0.864612
5, 529, 5, 0, 1, 1, -1, 0, 0.699676, 0.906397
5, 530, 1, 0, 1, 1, 1, 0, 0.745660, 0.771010
5, 531, 4, 0, 1, 1, -1, 0, 1.189447, 1.198778
5, 532, 1, 0, 1, 1, 1, 0, 0.653330, 1.046433
5, 533, 4, 2, 1, 1, 1, 1, 0.867607, 0.810051
5, 534, 2, 0, 1, -1, 1, 0, 0.733712, 0.814774
5, 535, 6, 0, 1, 1, 1, 0, 1.078636, 1.103200
5, 536, 6, 0, 1, -1, -1, 0, 0.992814, 1.305723
5, 537, 1, 0, 1, 1, -1, 0, 0.762514, 1.037172
5, 538, 4, 5, 1, 1, -1, -1, 0.812644, 1.152083
5, 539, 2, 0, 1, 1, -1, 0, 0.828433, 1.990675
5, 540, 6, 2, 1, 1, -1, -1, 0.806152, 0.883073
5, 541, 4, 0, 1, 3, 1, 0, 1.097493, 0.232911
5, 542, 5, 0, 1, 1, -1, 0, 0.700283, 0.880815
5, 543, 1, 2, 1, -1, -1, 1, 0.815429, 1.772080
5, 544, 5, 0, 1, 1, -1, 0, 0.814830, 1.017412
5, 545, 1, 3, 1, -1, -1, 1, 1.071750, 1.050146
5, 547, 6, 0, 1, 1, 1, 0, 0.609553, 0.624629
5, 548, 4, 2, 1, 1, -1, -1, 0.941238, 0.508559
5, 549, 4, 0, 1, 1, -1, 0, 0.655285, 0.591471
5, 550, 3, 6, 1, -1, -1, 1, 0.946419, 1.081312
5, 551, 3, 0, 1, 1, 1, 0, 0.781974, 0.855800
5, 552, 2, 0, 1, 3, -1, 0, 0.668931, 0.138701
5, 553, 2, 3, 1, 1, 1, -1, 0.941438, 0.858410
5, 554, 2, 0, 1, 1, 1, 0, 0.640288, 0.773235
5, 555, 2, 4, 1, -1, -1, -1, 0.880203, 0.714938
5, 556, 3, 0, 1, 1, 1, 0, 0.695769, 0.735106
5, 557, 5, 3, 1, -1, 1, 1, 0.828754, 0.728825
5, 558, 1, 0, 1, 3, 1, 0, 0.808681, 1.308493
5, 559, 4, 4, 1, 1, -1, 1, 0.782251, 0.669050
5, 560, 4, 0, 1, -1, 1, 0, 0.968357, 0.842796
5, 561, 3, 4, 1, 1, 1, 1, 0.862167, 0.745330
5, 562, 4, 0, 1, 1, -1, 0, 0.721697, 1.925036
5, 563, 5, 0, 1, 3, -1, 0, 0.952389, 3.039376
5, 564, 2, 0, 1, 1, 1, 0, 0.747450, 0.608226
5, 565, 5, 5, 1, -1, 1, 1, 1.016902, 1.008031
5, 566, 1, 3, 1, 1, -1, -1, 0.887386, 0.715187
5, 567, 4, 5, 1, -1, 1, 1, 0.794534, 0.834077
5, 568, 3, 0, 1, 1, -1, 0, 1.044603, 0.667718
5, 569, 4, 0, 1, -1, 1, 0, 0.648974, 0.758848
5, 570, 1, 1, 1, 1, 1, -1, 1.151019, 0.609659
5, 571, 1, 0, 1, 1, -1, 0, 0.874001, 1.133927
5, 572, 5, 0, 1, -1, -1, 0, 0.686988, 0.719146
5, 573, 3, 0, 1, 1, 1, 0, 0.755296, 1.343614
5, 574, 2, 2, 1, 1, -1, 1, 1.025711, 1.038885
5, 575, 4, 1, 1, -1, 1, -1, 0.893617, 0.775087
5, 576, 2, 6, 1, 1, 1, 1, 0.767204, 0.844774
5, 577, 1, 1, 1, 1, -1, -1, 0.920010, 0.833374
5, 578, 3, 5, 1, 1, 1, 1, 0.766234, 0.735263
5, 579, 5, 5, 1, -1, 1, -1, 0.959841, 0.900578
5, 580, 5, 1, 1, 1, 1, 1, 0.853992, 0.934207
5, 581, 5, 0, 1, -1, 1, 0, 0.768403, 1.063538
5, 582, 6, 0, 1, 1, 1, 0, 0.806135, 0.987342
